-9.121643900871276855e-01 1.985907256603240967e-01 6.097545102238655090e-02 -1.396820843219757080e-01 -8.549284934997558594e-01 -7.432704567909240723e-01 9.992938637733459473e-01 -9.981619715690612793e-01 -1.232287138700485229e-01 4.842923283576965332e-01 2.699641883373260498e-01 -4.341106414794921875e-01 9.349713325500488281e-01 -9.632974863052368164e-01 -9.101699590682983398e-01 4.301493614912033081e-02 1.029799971729516983e-02 -1.581682711839675903e-01 -2.331721186637878418e-01 7.388865202665328979e-02 -1.611239835619926453e-02 6.402108818292617798e-02 1.315997987985610962e-01 -9.398972988128662109e-01 9.883911609649658203e-01 9.149787425994873047e-01 -6.145371124148368835e-02 -4.440660774707794189e-01 -1.935599446296691895e-01 9.992681145668029785e-01 7.603453993797302246e-01 -4.281214773654937744e-01 2.632456123828887939e-01 -3.020085021853446960e-02 -7.997555136680603027e-01 7.339624315500259399e-02 -3.927106857299804688e-01 1.024009659886360168e-01 9.599169492721557617e-01 -1.801499165594577789e-02 -3.414105772972106934e-01 5.945733934640884399e-02 3.247694373130798340e-01 -9.903938174247741699e-01 4.857546091079711914e-01 6.754157543182373047e-01 1.074654236435890198e-01 -9.803097695112228394e-02 -4.538652300834655762e-01 8.430596441030502319e-02 6.034319996833801270e-01 5.491605401039123535e-02 9.991151690483093262e-01 2.364776581525802612e-01 -1.495791822671890259e-01 -8.821627497673034668e-02 7.010923326015472412e-02 -1.560490280389785767e-01 -9.660843014717102051e-01 1.338530033826828003e-01 -1.777686923742294312e-01 -1.649196892976760864e-01 9.890668988227844238e-01 1.171808242797851562e-01 5.343043208122253418e-01 -9.984121918678283691e-01 8.213227987289428711e-01 9.246041178703308105e-01 -3.756817877292633057e-01 8.001984953880310059e-01 9.321101307868957520e-01 9.947969913482666016e-01 3.604237139225006104e-01 -9.750385880470275879e-01 -9.567810893058776855e-01 -1.955379918217658997e-02 1.610768027603626251e-02 5.044454932212829590e-01 -2.458434402942657471e-01 -3.699201643466949463e-01 -9.961872100830078125e-01 -1.910298317670822144e-02 9.988002777099609375e-01 -8.075917363166809082e-01 9.985053539276123047e-01 -7.519636154174804688e-01 -2.158261686563491821e-01 2.365073114633560181e-01 -1.257208436727523804e-01 -2.233037501573562622e-01 -9.959435462951660156e-01 -4.302615523338317871e-01 4.914016425609588623e-01 -9.044983983039855957e-01 1.627082824707031250e-01 6.252878308296203613e-01 9.479371905326843262e-01 2.475793808698654175e-01 -8.589341640472412109e-01 -3.720787465572357178e-01 -5.039007663726806641e-01 -8.893533945083618164e-01 -6.202225089073181152e-01 9.037083387374877930e-02 1.759715229272842407e-01 -2.781572937965393066e-01 8.930715918540954590e-01 3.145570456981658936e-01 -5.390606522560119629e-01 -8.775467872619628906e-01 -3.363440334796905518e-01 3.099942207336425781e-01 7.824321836233139038e-02 -9.981437921524047852e-01 -1.106935068964958191e-01 8.783624321222305298e-02 -6.712074875831604004e-01 9.600697755813598633e-01 9.107223153114318848e-02 9.900261759757995605e-01 1.963576972484588623e-01 -1.163323745131492615e-01 -9.975127577781677246e-01 9.535254836082458496e-01 2.340580523014068604e-01 -1.325197983533143997e-02 -9.635862708091735840e-01 -4.467394948005676270e-01 -6.200498938560485840e-01 -3.704641163349151611e-01 -7.364476919174194336e-01 9.246038198471069336e-01 7.270774245262145996e-01 -3.558452427387237549e-02 6.538519263267517090e-01 -8.820729255676269531e-01 9.983068704605102539e-01 -9.976974129676818848e-01 1.996401548385620117e-01 -3.779734298586845398e-02 9.780859947204589844e-01 2.647576034069061279e-01 -1.341812014579772949e-01 9.781832695007324219e-01 -6.729561090469360352e-01 -5.719722509384155273e-01 -9.934075474739074707e-01 -6.010503172874450684e-01 8.581709265708923340e-01 5.899110436439514160e-02 -3.128298223018646240e-01 -6.737496005371212959e-04 9.895338416099548340e-01 -5.509604215621948242e-01 2.783125936985015869e-01 -1.404732018709182739e-01 -9.970520138740539551e-01 -8.727101087570190430e-01 5.282386671751737595e-03 -3.107859194278717041e-01 -3.458971977233886719e-01 -3.146088495850563049e-02 -4.574544727802276611e-01 -5.339381098747253418e-01 9.996123313903808594e-01 -2.667325139045715332e-01 -2.281461954116821289e-01 -1.201301813125610352e-01 9.913964867591857910e-01 9.034736752510070801e-01 6.370876431465148926e-01 -9.006918072700500488e-01 -9.977173209190368652e-01 -9.991709589958190918e-01 7.620128393173217773e-01 4.184091687202453613e-01 -3.092991113662719727e-01 -1.425708681344985962e-01 9.736689925193786621e-01 9.066215157508850098e-01 9.920586347579956055e-01 -2.502272427082061768e-01 9.958891868591308594e-01 -9.721118807792663574e-01 9.360455870628356934e-01 -9.206922650337219238e-01 -8.105396032333374023e-01 1.133479699492454529e-01 6.278842687606811523e-01 -4.375148713588714600e-01 9.816389083862304688e-01 -9.921393394470214844e-01 -6.928601861000061035e-01 -6.950815767049789429e-02 9.718100428581237793e-01 -2.712120115756988525e-01 -9.813876748085021973e-01 -9.989432096481323242e-01 -9.820947051048278809e-01 -1.690157949924468994e-01 -2.636338770389556885e-02 -1.705012023448944092e-01 8.525620102882385254e-01 1.225103288888931274e-01 -2.016965746879577637e-01 -8.282728195190429688e-01 -3.209887146949768066e-01 9.964392185211181641e-01 9.950464367866516113e-01 -7.391897588968276978e-02 3.418184518814086914e-01 -4.149090051651000977e-01 1.283366829156875610e-01 1.167546771466732025e-02 9.966254234313964844e-01 -4.966192841529846191e-01 8.457452654838562012e-01 -7.494647055864334106e-02 9.990401268005371094e-01 -1.804023385047912598e-01 -9.250506162643432617e-01 -1.297569423913955688e-01 -9.647979140281677246e-01 4.590773880481719971e-01 5.739213228225708008e-01 8.000939488410949707e-01 -9.982247352600097656e-01 -8.789577335119247437e-02 5.518905818462371826e-02 9.736883640289306641e-01 2.953787520527839661e-02 1.613403558731079102e-01 -2.730799317359924316e-01 4.473966956138610840e-01 9.991673231124877930e-01 4.936954975128173828e-01 -2.961687147617340088e-01 -3.014499247074127197e-01 1.931789219379425049e-01 -2.264579683542251587e-01 3.580365478992462158e-01 9.994711279869079590e-01 -9.386820197105407715e-01 9.372868537902832031e-01 9.947670102119445801e-01 3.424610570073127747e-02 9.336341619491577148e-01 -7.080354541540145874e-02 -8.885657191276550293e-01 1.457842439413070679e-01 2.269130013883113861e-02 -3.741970062255859375e-01 -1.857707649469375610e-01 1.773802936077117920e-01 9.937603473663330078e-01 -4.528519809246063232e-01 -2.138428092002868652e-01 -9.793704748153686523e-01 -2.837551198899745941e-02 6.212682127952575684e-01 -1.281220167875289917e-01 -8.573039174079895020e-01 -3.646006584167480469e-01 -8.007068634033203125e-01 3.317667916417121887e-02 9.772733449935913086e-01 9.975745081901550293e-01 -9.878147840499877930e-01 5.914552211761474609e-01 -2.464299201965332031e-01 9.955107569694519043e-01 -2.696224153041839600e-01 -9.231687188148498535e-01 9.439389109611511230e-01 -4.768645763397216797e-01 -9.886922240257263184e-01 8.989796042442321777e-01 3.998176455497741699e-01 4.486148953437805176e-01 -1.629220247268676758e-01 -9.575955271720886230e-01 -4.568314552307128906e-01 9.654848575592041016e-01 9.966006278991699219e-01 8.832924365997314453e-01 1.504159159958362579e-02 -1.714468747377395630e-01 1.888120472431182861e-01 -9.974703788757324219e-01 -9.981871843338012695e-01 -9.618276953697204590e-01 4.608276784420013428e-01 -2.254653489217162132e-03 -6.577187180519104004e-01 9.890329241752624512e-01 -8.858667612075805664e-01 -7.304670661687850952e-02 8.593670725822448730e-01 -8.066533505916595459e-02 9.928303360939025879e-01 9.996426701545715332e-01 -9.994029998779296875e-01 -8.786004185676574707e-01 9.991497397422790527e-01 -3.605237901210784912e-01 5.220014452934265137e-01 3.531249165534973145e-01 9.535529613494873047e-01 -6.972685456275939941e-01 2.258349955081939697e-01 4.033096134662628174e-02 -3.036242350935935974e-02 4.298744797706604004e-01 9.936908483505249023e-01 -6.282218098640441895e-01 -2.293542623519897461e-01 4.581605270504951477e-02 -3.283545970916748047e-01 4.900048375129699707e-01 3.139106035232543945e-01 -3.979244828224182129e-01 -5.528351664543151855e-01 -2.604984939098358154e-01 -3.663716018199920654e-01 -4.166119396686553955e-01 -1.797062158584594727e-01 -8.059543371200561523e-01 5.478663444519042969e-01 -9.990153908729553223e-01 -8.965178728103637695e-01 9.997282028198242188e-01 -3.083781301975250244e-01 3.043115139007568359e-01 -7.615714669227600098e-01 8.788275718688964844e-02 3.226993381977081299e-01 4.793389141559600830e-01 5.174620747566223145e-01 -9.893610477447509766e-01 2.872022613883018494e-02 8.149927258491516113e-01 -4.940699934959411621e-01 1.265751663595438004e-02 9.970892667770385742e-01 -1.835568249225616455e-01 2.410956472158432007e-01 9.698214530944824219e-01 9.978688359260559082e-01 3.913660943508148193e-01 8.822986483573913574e-01 5.616101026535034180e-01 2.152652144432067871e-01 1.325225532054901123e-01 2.037446200847625732e-02 9.992933273315429688e-01 -1.227779835462570190e-01 9.575405716896057129e-01 -2.625061273574829102e-01 -4.117619693279266357e-01 -1.001237109303474426e-01 -9.929495453834533691e-01 -9.989392757415771484e-01 -9.862142801284790039e-02 1.298213005065917969e-01 -1.259149163961410522e-01 -9.124558568000793457e-01 -9.992365241050720215e-01 -6.267889589071273804e-02 2.235870510339736938e-01 3.481022119522094727e-01 -1.467375010251998901e-01 9.818258881568908691e-01 -5.106160044670104980e-01 2.342846989631652832e-01 -5.118833780288696289e-01 -9.753634333610534668e-01 3.321223706007003784e-02 2.432235479354858398e-01 -3.051274716854095459e-01 -1.273964196443557739e-01 7.699949741363525391e-01 4.569364786148071289e-01 -8.549486398696899414e-01 -2.850647866725921631e-01 9.737964272499084473e-01 9.844350218772888184e-01 4.833677709102630615e-01 6.243104487657546997e-02 9.733839035034179688e-01 3.831474855542182922e-02 -3.339615166187286377e-01 9.823739528656005859e-01 -9.109989404678344727e-01 1.463974863290786743e-01 3.249910846352577209e-02 -2.243524044752120972e-01 6.632299721240997314e-02 -5.075199604034423828e-01 9.345574975013732910e-01 -2.802285552024841309e-02 -4.664179384708404541e-01 -3.495817780494689941e-01 9.955352544784545898e-01 -5.692886114120483398e-01 3.446641564369201660e-01 -9.886616468429565430e-01 -9.970697760581970215e-01 2.884981930255889893e-01 2.904146015644073486e-01 -9.390339255332946777e-01 -9.566705822944641113e-01 -4.134145006537437439e-02 -9.956887364387512207e-01 -5.125393271446228027e-01 2.541095316410064697e-01 4.000093340873718262e-01 1.743630468845367432e-01 8.278803229331970215e-01 -2.465222924947738647e-01 -9.402211904525756836e-01 1.288029700517654419e-01 9.806568026542663574e-01 9.387780725955963135e-02 9.697370529174804688e-01 1.444063037633895874e-01 -7.968528270721435547e-01 -1.876717358827590942e-01 2.948513031005859375e-01 3.883579373359680176e-01 -2.493180707097053528e-02 3.250024616718292236e-01 -9.973187446594238281e-01 1.553932726383209229e-01 -9.983510971069335938e-01 -9.891849756240844727e-01 1.735442280769348145e-01 -8.753323554992675781e-01 -9.361058473587036133e-01 -2.063826471567153931e-01 -1.304189264774322510e-01 -2.095807194709777832e-01 -8.421517610549926758e-01 -9.819555282592773438e-01 1.561407446861267090e-01 -9.913401007652282715e-01 -9.666072726249694824e-01 -9.719402790069580078e-01 -2.642627060413360596e-01 -1.225818246603012085e-01 -1.847903132438659668e-01 3.542355298995971680e-01 2.982521243393421173e-02 1.380080580711364746e-01 6.565129756927490234e-01 3.466195464134216309e-01 9.684581160545349121e-01 2.405574619770050049e-01 -4.567608982324600220e-02 -2.141821086406707764e-01 9.798873662948608398e-01 -9.081251025199890137e-01 2.971785366535186768e-01 -9.969230890274047852e-01 1.253468543291091919e-01 9.986379146575927734e-01 9.948977828025817871e-01 9.862440228462219238e-01 9.687341451644897461e-01 -9.959634542465209961e-01 -2.005414962768554688e-01 3.741301000118255615e-01 8.355893492698669434e-01 9.431000947952270508e-01 1.915162801742553711e-01 3.205939233303070068e-01 -9.702028632164001465e-01 -6.774524599313735962e-02 -3.059610910713672638e-02 -9.963063001632690430e-01 9.629995822906494141e-01 -1.228062883019447327e-01 -2.737973928451538086e-01 -1.354464143514633179e-01 3.992099165916442871e-01 3.646758198738098145e-01 -2.319260537624359131e-01 -9.595552682876586914e-01 -1.643450111150741577e-01 -3.556791245937347412e-01 -1.460976749658584595e-01 -1.409917771816253662e-01 -9.999240040779113770e-01 -6.711285710334777832e-01 -8.608936071395874023e-01 4.456860125064849854e-01 -3.410661518573760986e-01 -4.706674814224243164e-01 3.428295999765396118e-02 7.501512765884399414e-01 9.994011521339416504e-01 -9.736695885658264160e-01 3.338409066200256348e-01 -2.436508685350418091e-01 1.647540777921676636e-01 1.478022546507418156e-03 -9.924045205116271973e-01 4.626872837543487549e-01 5.607352852821350098e-01 6.567302942276000977e-01 1.860964484512805939e-02 -2.482489645481109619e-01 -3.038164675235748291e-01
-8.584533333778381348e-01 9.057670235633850098e-01 3.962314724922180176e-01 2.248043268918991089e-01 -4.118191003799438477e-01 1.375396549701690674e-01 9.988008141517639160e-01 -9.991992115974426270e-01 -2.645936012268066406e-01 -5.830275416374206543e-01 1.759588569402694702e-01 -8.680424094200134277e-01 9.608513116836547852e-01 -9.778981208801269531e-01 -4.248496294021606445e-01 3.906988799571990967e-01 -3.776392638683319092e-01 -5.278442800045013428e-02 -5.966833233833312988e-01 9.357093833386898041e-03 3.237304389476776123e-01 -3.746800497174263000e-02 4.869050085544586182e-01 -4.550230801105499268e-01 9.956262707710266113e-01 9.910861253738403320e-01 -2.586428821086883545e-01 -4.512944519519805908e-01 -5.257381871342658997e-02 9.438638091087341309e-01 9.249841570854187012e-01 -3.166623413562774658e-01 3.658374547958374023e-01 -2.180777788162231445e-01 -9.764433503150939941e-01 1.797386854887008667e-01 -4.117145836353302002e-01 2.384250164031982422e-01 9.972258806228637695e-01 -2.053028792142868042e-01 -1.112094372510910034e-01 2.731063067913055420e-01 3.613365292549133301e-01 -9.862676858901977539e-01 5.531671643257141113e-01 4.396659433841705322e-01 -9.405429959297180176e-01 -3.447037562727928162e-02 7.393305897712707520e-01 1.709613204002380371e-01 7.519575357437133789e-01 2.280943989753723145e-01 9.995408654212951660e-01 -2.907313033938407898e-02 -6.458379030227661133e-01 1.684992462396621704e-01 -4.801217466592788696e-03 -5.859240889549255371e-01 -9.885546565055847168e-01 8.572372049093246460e-02 -1.635995507240295410e-01 2.797169089317321777e-01 9.488497376441955566e-01 -2.160404026508331299e-01 2.395015060901641846e-01 -9.991617202758789062e-01 9.865990281105041504e-01 -1.474547535181045532e-01 -1.779418438673019409e-01 9.440428614616394043e-01 9.992347359657287598e-01 9.649260044097900391e-01 -6.486712694168090820e-01 -9.641702771186828613e-01 -9.890210032463073730e-01 -4.048435389995574951e-01 -1.520580798387527466e-01 7.332004904747009277e-01 3.091510534286499023e-01 -4.841839894652366638e-02 -9.518373012542724609e-01 2.246954441070556641e-01 9.991485476493835449e-01 -2.432139962911605835e-01 9.381909966468811035e-01 -9.452292323112487793e-01 8.159040659666061401e-02 2.536897361278533936e-01 1.173766404390335083e-01 -3.277775272727012634e-02 -9.073099493980407715e-01 3.523906925693154335e-03 3.466339111328125000e-01 -9.589195251464843750e-01 -8.471754193305969238e-01 9.270899295806884766e-01 9.988037943840026855e-01 3.254536688327789307e-01 -9.944105148315429688e-01 -1.784328520298004150e-01 -1.199405565857887268e-01 -5.232098102569580078e-01 5.999822020530700684e-01 1.741542667150497437e-01 1.135688871145248413e-01 -2.758896648883819580e-01 6.046306490898132324e-01 2.430069893598556519e-01 -3.584222197532653809e-01 -9.867165088653564453e-01 -2.748257219791412354e-01 -1.924112439155578613e-01 -2.998831570148468018e-01 -9.540111422538757324e-01 -2.613317072391510010e-01 2.067607939243316650e-01 -9.327421784400939941e-01 8.973177075386047363e-01 1.674387902021408081e-01 9.870638847351074219e-01 -5.135585665702819824e-01 2.024060040712356567e-01 -9.902903437614440918e-01 9.836820363998413086e-01 -2.887248992919921875e-01 -2.331741601228713989e-01 -9.967345595359802246e-01 -4.554202258586883545e-01 -7.120043039321899414e-01 -1.908774524927139282e-01 -9.560581296682357788e-02 9.831210374832153320e-01 8.766288161277770996e-01 -5.139681324362754822e-02 7.073323726654052734e-01 6.076783686876296997e-02 9.965439438819885254e-01 -9.789972305297851562e-01 1.553731113672256470e-01 3.840924426913261414e-02 9.989522099494934082e-01 3.886042628437280655e-03 -8.617683500051498413e-02 9.751148819923400879e-01 -5.748335719108581543e-01 6.165375709533691406e-01 -9.903540015220642090e-01 7.624552845954895020e-01 4.353156387805938721e-01 -9.640386700630187988e-02 1.773679554462432861e-01 -4.700888097286224365e-01 9.617845416069030762e-01 -2.502790279686450958e-02 1.481242179870605469e-01 -7.180418819189071655e-02 -8.980824947357177734e-01 -4.685623943805694580e-01 1.145170703530311584e-01 -2.149737179279327393e-01 -2.897645533084869385e-01 2.325498610734939575e-01 -6.229970455169677734e-01 -5.290033221244812012e-01 9.997317194938659668e-01 -1.251857727766036987e-01 -9.638503938913345337e-02 7.682822644710540771e-02 9.979053139686584473e-01 2.073022425174713135e-01 4.257813990116119385e-01 -8.989799022674560547e-01 -9.975646138191223145e-01 -9.444670677185058594e-01 5.245404839515686035e-01 2.298648208379745483e-01 1.991094946861267090e-01 7.864525914192199707e-02 9.962154626846313477e-01 9.860012531280517578e-01 9.918192625045776367e-01 -1.362887918949127197e-01 9.987310767173767090e-01 -7.544521093368530273e-01 9.805666208267211914e-01 -9.526559114456176758e-01 -8.609457612037658691e-01 -6.584165096282958984e-01 6.239607930183410645e-01 3.282812833786010742e-01 9.659528732299804688e-01 -9.889327883720397949e-01 -9.154064059257507324e-01 -3.254450261592864990e-01 9.573978781700134277e-01 1.124565303325653076e-01 -9.723353385925292969e-01 -9.614645838737487793e-01 -7.162150740623474121e-01 -1.377193480730056763e-01 -2.184052616357803345e-01 -3.575584590435028076e-01 -4.866546392440795898e-01 1.486619710922241211e-01 -3.526598215103149414e-02 -5.649935007095336914e-01 -2.224026173353195190e-01 9.648587107658386230e-01 9.926986098289489746e-01 -2.482407838106155396e-01 -5.835061669349670410e-01 4.858512878417968750e-01 2.883859574794769287e-01 6.416605114936828613e-01 9.349130988121032715e-01 -7.346580624580383301e-01 6.202982664108276367e-01 6.541407108306884766e-01 9.437192082405090332e-01 -1.091431155800819397e-01 -6.117521524429321289e-01 -2.521295845508575439e-01 -9.850945472717285156e-01 3.673840165138244629e-01 1.278648972511291504e-01 7.275242209434509277e-01 -9.783117771148681641e-01 -1.011256203055381775e-01 -7.250253558158874512e-01 9.495530128479003906e-01 -1.544129103422164917e-01 3.067908883094787598e-01 -1.610297560691833496e-01 3.539679944515228271e-01 9.851756095886230469e-01 4.582937955856323242e-01 -1.413916051387786865e-01 -1.414219886064529419e-01 1.718984991312026978e-01 -2.943457290530204773e-02 5.078527331352233887e-01 9.996032714843750000e-01 -3.248392343521118164e-01 9.540165662765502930e-01 9.215487837791442871e-01 3.394613564014434814e-01 9.687373638153076172e-01 1.049949899315834045e-01 -2.417507618665695190e-01 -2.500439882278442383e-01 3.986389935016632080e-02 -3.525156676769256592e-01 -8.205328136682510376e-02 -3.551318943500518799e-01 9.935368299484252930e-01 -1.136021241545677185e-01 -4.659186005592346191e-01 -9.409196972846984863e-01 -6.641291975975036621e-01 9.603351354598999023e-01 -2.167813926935195923e-01 -9.153935909271240234e-01 -2.525661587715148926e-01 -9.717680811882019043e-01 2.126643657684326172e-01 9.556345343589782715e-01 9.950013160705566406e-01 -9.935738444328308105e-01 3.313853144645690918e-01 -6.637939065694808960e-02 9.999558329582214355e-01 8.263260126113891602e-02 -7.884149551391601562e-01 9.991819858551025391e-01 -2.790651619434356689e-01 -9.936124086380004883e-01 2.073450088500976562e-01 2.491847239434719086e-02 6.308081746101379395e-01 3.735471665859222412e-01 -9.816564321517944336e-01 -3.651990890502929688e-01 9.494496583938598633e-01 9.970646500587463379e-01 9.514663815498352051e-01 -3.174241632223129272e-02 -1.307278573513031006e-01 3.354060351848602295e-01 -9.969134926795959473e-01 -9.982137680053710938e-01 -9.882145524024963379e-01 2.090448141098022461e-01 2.423396110534667969e-01 5.988245606422424316e-01 9.657492637634277344e-01 -9.959676265716552734e-01 2.196670621633529663e-01 8.839013576507568359e-01 2.229173928499221802e-01 9.943729639053344727e-01 9.895219802856445312e-01 -9.965524077415466309e-01 -7.863829284906387329e-02 9.944284558296203613e-01 -1.651013493537902832e-01 1.972787678241729736e-01 3.657265305519104004e-01 9.950878620147705078e-01 1.510770320892333984e-01 -4.217514395713806152e-02 -1.366000324487686157e-01 -2.953260242938995361e-01 2.751952707767486572e-01 9.798660874366760254e-01 -3.109438419342041016e-01 -3.852984309196472168e-01 -7.505795359611511230e-02 -2.155342102050781250e-01 1.706265360116958618e-01 6.955451965332031250e-01 -1.997213959693908691e-01 2.943525016307830811e-01 -3.048403561115264893e-01 1.804028749465942383e-01 -6.443024277687072754e-01 -4.292422533035278320e-01 -8.664647340774536133e-01 4.677644670009613037e-01 -9.470508694648742676e-01 -7.811503410339355469e-01 9.997403025627136230e-01 -8.514023572206497192e-02 -2.379451990127563477e-01 -6.335729360580444336e-01 1.676811426877975464e-01 6.190137863159179688e-01 3.985890746116638184e-01 5.412041544914245605e-01 -7.622773647308349609e-01 3.146926760673522949e-01 9.964082241058349609e-01 -2.706579566001892090e-01 -1.092279478907585144e-01 9.878723621368408203e-01 3.350994288921356201e-01 6.090031862258911133e-01 7.052817344665527344e-01 9.989476799964904785e-01 6.728668510913848877e-02 9.105972647666931152e-01 6.275379061698913574e-01 3.212278187274932861e-01 9.416129589080810547e-01 -8.568291366100311279e-02 9.525707364082336426e-01 -1.823114752769470215e-01 6.092116236686706543e-01 -1.899939626455307007e-01 -1.369294971227645874e-01 2.889059856534004211e-02 -9.959812164306640625e-01 -9.272606968879699707e-01 -2.726170420646667480e-01 2.118817269802093506e-01 1.173026040196418762e-01 -9.496024847030639648e-01 -9.494175314903259277e-01 8.221215605735778809e-01 1.467991769313812256e-01 3.409155011177062988e-01 1.494498699903488159e-01 9.147797226905822754e-01 -4.833603501319885254e-01 3.765006661415100098e-01 -2.280308306217193604e-02 -9.987746477127075195e-01 1.808931529521942139e-01 1.062939092516899109e-01 1.318958103656768799e-01 -1.214186772704124451e-01 3.223837614059448242e-01 -6.369231641292572021e-02 -9.836925864219665527e-01 -7.693415135145187378e-02 9.922823905944824219e-01 8.465098738670349121e-01 6.104596853256225586e-01 2.538497745990753174e-01 9.104620218276977539e-01 -1.999552249908447266e-01 -3.801058530807495117e-01 9.884349703788757324e-01 -9.918352961540222168e-01 -2.706435918807983398e-01 6.352157145738601685e-02 -4.385469481348991394e-02 3.655640482902526855e-01 -6.728268265724182129e-01 9.872724413871765137e-01 1.110386326909065247e-01 -2.775710225105285645e-01 -4.490607976913452148e-01 8.848499059677124023e-01 -4.359442889690399170e-01 1.336091570556163788e-02 -9.775753617286682129e-01 -8.929286003112792969e-01 -6.057416275143623352e-02 3.230131566524505615e-01 -9.544693231582641602e-01 -8.436172008514404297e-01 8.533654361963272095e-02 -9.964574575424194336e-01 -4.424310475587844849e-02 8.931996226310729980e-01 2.980580627918243408e-01 2.999220192432403564e-01 -5.604218244552612305e-01 -6.315172910690307617e-01 -9.744885563850402832e-01 9.958186745643615723e-02 9.622004628181457520e-01 2.574301064014434814e-01 8.516491651535034180e-01 1.152526661753654480e-01 -9.158388376235961914e-01 1.323486417531967163e-01 3.711294531822204590e-01 2.863834798336029053e-01 -4.659731984138488770e-01 3.457491397857666016e-01 -9.997747540473937988e-01 8.400433659553527832e-01 -9.996439814567565918e-01 -9.847628474235534668e-01 3.059040307998657227e-01 -7.971341013908386230e-01 -4.423942565917968750e-01 -9.913372248411178589e-02 3.420437872409820557e-01 -2.487363070249557495e-01 -9.478392601013183594e-01 -8.391810655593872070e-01 3.636289834976196289e-01 -9.977487921714782715e-01 -9.884918332099914551e-01 -9.967073798179626465e-01 -4.028306156396865845e-02 -7.282897830009460449e-02 -1.254021842032670975e-02 3.780993819236755371e-01 -3.604511618614196777e-01 3.617175519466400146e-01 9.758749008178710938e-01 4.222356975078582764e-01 7.876194715499877930e-01 -1.756767630577087402e-01 -2.847058773040771484e-01 -3.593647778034210205e-01 9.434386491775512695e-01 -7.876263856887817383e-01 2.523624897003173828e-01 -9.850476384162902832e-01 3.520953357219696045e-01 9.424279928207397461e-01 9.475010037422180176e-01 9.326934218406677246e-01 8.060790300369262695e-01 -9.980955719947814941e-01 -7.018256783485412598e-01 4.913094937801361084e-01 8.818914890289306641e-01 6.372683644294738770e-01 1.356915384531021118e-01 5.704885125160217285e-01 -9.874922037124633789e-01 -9.215357899665832520e-01 1.911121904850006104e-01 -9.939907789230346680e-01 6.880232095718383789e-01 2.086917906999588013e-01 9.419021755456924438e-02 -7.638898491859436035e-02 2.438578456640243530e-01 -2.542848512530326843e-02 -5.813163518905639648e-01 -9.069304466247558594e-01 -7.395889759063720703e-01 -6.906660795211791992e-01 -3.227857649326324463e-01 -1.419239789247512817e-01 -9.999845027923583984e-01 -8.516393899917602539e-01 -6.767446398735046387e-01 4.573728442192077637e-01 -8.480967581272125244e-02 -3.238968253135681152e-01 1.122408732771873474e-01 4.416421055793762207e-01 9.999295473098754883e-01 -9.212108850479125977e-01 6.986427307128906250e-02 1.057891771197319031e-01 -1.733358651399612427e-01 -2.017878144979476929e-01 -9.963427782058715820e-01 4.303719848394393921e-02 4.555301368236541748e-01 5.350102782249450684e-01 1.854166835546493530e-01 -2.500804066658020020e-01 -8.863523006439208984e-01
-9.802601337432861328e-01 9.447259902954101562e-01 1.058678403496742249e-01 1.651408374309539795e-01 -7.290388941764831543e-01 -7.752103805541992188e-01 9.989899992942810059e-01 -9.977871775627136230e-01 7.382906228303909302e-02 -1.371905393898487091e-02 4.040212035179138184e-01 -7.535000443458557129e-01 9.675495028495788574e-01 -9.983525276184082031e-01 -8.814967274665832520e-01 2.361389845609664917e-01 -5.569900572299957275e-02 1.348235905170440674e-01 -5.856148600578308105e-01 -1.921901851892471313e-01 1.846869438886642456e-01 -1.721107363700866699e-01 7.979003787040710449e-01 -9.733753204345703125e-01 9.946110844612121582e-01 4.137287139892578125e-01 -1.760115176439285278e-01 -5.053961873054504395e-01 3.571423590183258057e-01 9.995806813240051270e-01 9.796730279922485352e-01 -1.747558563947677612e-01 4.376868009567260742e-01 -1.303896009922027588e-01 -9.093234539031982422e-01 -3.709965618327260017e-03 -3.387001752853393555e-01 -9.116572886705398560e-02 6.305022239685058594e-01 -1.209369301795959473e-01 5.473262444138526917e-02 2.832401692867279053e-01 6.808798760175704956e-02 -6.705779433250427246e-01 4.012502729892730713e-01 8.631250262260437012e-01 3.932591974735260010e-01 9.123118221759796143e-02 3.365759253501892090e-01 1.341373026371002197e-01 8.573464155197143555e-01 -4.410711526870727539e-01 9.983869194984436035e-01 -3.502721711993217468e-02 -5.268083512783050537e-02 5.463524162769317627e-02 -4.846147000789642334e-01 -3.373335003852844238e-01 -9.112622737884521484e-01 8.648893237113952637e-01 -2.257003262639045715e-02 2.246366813778877258e-02 9.739669561386108398e-01 -1.195271611213684082e-01 2.642138302326202393e-01 -9.979498982429504395e-01 9.312812089920043945e-01 9.063416719436645508e-01 -5.035555362701416016e-02 3.919626474380493164e-01 8.451855778694152832e-01 9.775450229644775391e-01 4.656418859958648682e-01 -9.948402047157287598e-01 -9.930295348167419434e-01 -2.925602793693542480e-01 -8.195948600769042969e-02 -2.234636098146438599e-01 1.289435476064682007e-01 3.775840252637863159e-02 -7.644082307815551758e-01 3.170933723449707031e-01 9.984375834465026855e-01 -6.719534397125244141e-01 9.990658760070800781e-01 -2.835259139537811279e-01 8.348005264997482300e-02 6.162767857313156128e-02 -6.232998520135879517e-02 -1.288492679595947266e-01 -9.967693686485290527e-01 -1.338201165199279785e-01 3.418754339218139648e-01 -9.979445338249206543e-01 -6.254079341888427734e-01 4.357479512691497803e-01 9.176971912384033203e-01 3.252995610237121582e-01 -8.537432551383972168e-01 -3.376013338565826416e-01 -9.356361627578735352e-01 -9.837836623191833496e-01 -6.007346510887145996e-01 1.404195725917816162e-01 -1.550011187791824341e-01 -5.839359387755393982e-02 9.082196354866027832e-01 2.329905182123184204e-01 -2.267134636640548706e-01 -5.316011309623718262e-01 -3.674604892730712891e-01 -1.410608738660812378e-01 -4.464048445224761963e-01 -9.983102679252624512e-01 -7.947081327438354492e-02 2.354196012020111084e-01 2.265893071889877319e-01 9.042051434516906738e-01 -2.102648764848709106e-01 9.969407916069030762e-01 -2.889860272407531738e-01 1.699092388153076172e-01 -9.957579374313354492e-01 9.771829843521118164e-01 -6.360031664371490479e-02 -2.436601370573043823e-01 4.804117083549499512e-01 -2.150411754846572876e-01 -3.607652783393859863e-01 -2.462857961654663086e-01 5.835650563240051270e-01 9.695743322372436523e-01 -7.518196105957031250e-01 2.465140223503112793e-01 3.372985720634460449e-01 2.455724403262138367e-02 9.907634854316711426e-01 -9.983781576156616211e-01 -2.720056772232055664e-01 1.889751851558685303e-01 9.967461824417114258e-01 7.420208305120468140e-02 -4.020286500453948975e-01 9.931399226188659668e-01 -2.710617184638977051e-01 -6.408457159996032715e-01 -9.841687083244323730e-01 -2.076328843832015991e-01 9.816008806228637695e-01 1.781909726560115814e-02 -2.943890690803527832e-01 -9.114167839288711548e-02 9.870189428329467773e-01 2.315446734428405762e-02 -6.932220607995986938e-02 1.121805682778358459e-01 -9.987368583679199219e-01 1.065512821078300476e-01 7.436443120241165161e-02 -5.037875473499298096e-02 -4.530077278614044189e-01 2.883311510086059570e-01 -1.467081755399703979e-01 -8.022603392601013184e-01 9.996358752250671387e-01 2.364971935749053955e-01 -1.885830312967300415e-01 -2.895981371402740479e-01 9.155392646789550781e-01 9.907351732254028320e-01 3.138858079910278320e-01 -9.469916224479675293e-01 -9.749473333358764648e-01 -9.996062517166137695e-01 7.305671572685241699e-01 2.926001846790313721e-01 8.929796814918518066e-01 4.166738316416740417e-02 9.991095662117004395e-01 8.416253924369812012e-01 8.565697073936462402e-01 -1.759699136018753052e-01 9.996120929718017578e-01 -9.849187135696411133e-01 9.952991604804992676e-01 -9.934955835342407227e-01 -4.768852889537811279e-01 -6.138596534729003906e-01 2.923382520675659180e-01 -3.079306147992610931e-02 9.720309972763061523e-01 -8.656395077705383301e-01 -8.946340084075927734e-01 -8.981089107692241669e-03 9.862786531448364258e-01 6.094837933778762817e-02 -6.697821021080017090e-01 -9.991942644119262695e-01 -9.981860518455505371e-01 -1.340943723917007446e-01 2.302769273519515991e-01 -9.714053571224212646e-02 4.829746782779693604e-01 -2.344029545783996582e-01 9.612039662897586823e-03 -8.986727595329284668e-01 -7.897037267684936523e-02 6.455694437026977539e-01 9.242125749588012695e-01 -1.871182024478912354e-02 4.875545501708984375e-01 4.598734676837921143e-01 2.743105292320251465e-01 2.219747751951217651e-01 9.964715242385864258e-01 3.496769815683364868e-02 9.510414600372314453e-01 -6.810197830200195312e-01 9.993155598640441895e-01 -2.332287132740020752e-01 -7.620420455932617188e-01 -2.125622332096099854e-01 -5.640383958816528320e-01 -1.348616778850555420e-01 9.428420066833496094e-01 9.455280900001525879e-01 -9.981201291084289551e-01 -1.508297324180603027e-01 -1.055954955518245697e-02 9.417125582695007324e-01 3.131758868694305420e-01 -1.223431676626205444e-01 -4.951090812683105469e-01 4.617775976657867432e-01 9.982829689979553223e-01 1.720085889101028442e-01 4.166668653488159180e-01 9.797945618629455566e-02 3.466893732547760010e-01 2.233198881149291992e-01 -3.670083284378051758e-01 9.986469745635986328e-01 -9.113941788673400879e-01 6.879110932350158691e-01 9.980927109718322754e-01 3.727254271507263184e-01 9.008659720420837402e-01 4.788094200193881989e-03 -1.339349001646041870e-01 -1.459225714206695557e-01 1.736612170934677124e-01 3.221290558576583862e-02 -3.429474234580993652e-01 1.953808814287185669e-01 9.792401194572448730e-01 -1.315996199846267700e-01 -5.781419873237609863e-01 -9.710567593574523926e-01 -4.302072823047637939e-01 9.726439118385314941e-01 -4.756638035178184509e-02 -8.821514993906021118e-02 -3.970933854579925537e-01 -9.300264120101928711e-01 -4.592289775609970093e-02 9.657999873161315918e-01 9.837456345558166504e-01 -9.486057162284851074e-01 4.310038089752197266e-01 -2.297863513231277466e-01 9.949905276298522949e-01 -6.761099398136138916e-02 -6.188681125640869141e-01 9.565979838371276855e-01 -4.227774739265441895e-01 -9.629054069519042969e-01 9.769234657287597656e-01 1.412000209093093872e-01 -1.712704449892044067e-01 3.792689144611358643e-01 -9.978702068328857422e-01 -9.523522257804870605e-01 9.499408602714538574e-01 9.709814190864562988e-01 9.928056001663208008e-01 2.307532913982868195e-02 -2.726492844521999359e-02 4.962167441844940186e-01 -9.992977380752563477e-01 -9.991508722305297852e-01 -9.912369251251220703e-01 7.727161794900894165e-02 -1.302333921194076538e-02 -5.185091495513916016e-01 9.943531751632690430e-01 -9.730732440948486328e-01 2.757894694805145264e-01 9.314026236534118652e-01 2.604466080665588379e-01 9.739624857902526855e-01 9.937836527824401855e-01 -9.532737731933593750e-01 -9.209004044532775879e-01 9.455932378768920898e-01 -9.058196097612380981e-02 2.198022305965423584e-01 4.338230788707733154e-01 9.762174487113952637e-01 5.990891456604003906e-01 1.405697017908096313e-01 1.174796670675277710e-01 -6.411903500556945801e-01 3.738082051277160645e-01 9.832442998886108398e-01 -7.022709250450134277e-01 -2.160821408033370972e-01 2.843587100505828857e-01 1.044764183461666107e-02 2.351457625627517700e-01 2.997923791408538818e-01 -4.818808734416961670e-01 2.905340492725372314e-01 -2.402850985527038574e-01 7.415169477462768555e-01 -3.494558930397033691e-01 -3.086306452751159668e-01 7.828753441572189331e-03 6.027225852012634277e-01 -9.993844628334045410e-01 -8.154410719871520996e-01 9.999583363533020020e-01 1.678246408700942993e-01 3.221044838428497314e-01 -5.092685818672180176e-01 2.243635430932044983e-02 -1.108993776142597198e-02 3.125560879707336426e-01 -7.535544633865356445e-01 -9.975061416625976562e-01 1.026110127568244934e-01 9.427341222763061523e-01 -3.669278025627136230e-01 -2.519606351852416992e-01 9.963587522506713867e-01 2.786400318145751953e-01 -9.129564166069030762e-01 9.622607231140136719e-01 9.993030428886413574e-01 1.807409971952438354e-01 9.317115545272827148e-01 4.010970890522003174e-01 4.135650098323822021e-01 -4.193671345710754395e-01 2.098896801471710205e-01 9.995382428169250488e-01 -2.056767642498016357e-01 8.968446850776672363e-01 -2.168426215648651123e-01 -3.152039945125579834e-01 2.822336852550506592e-01 -9.928662776947021484e-01 -9.993875026702880859e-01 -8.570795878767967224e-03 3.433517515659332275e-01 -3.825852181762456894e-03 -5.683109760284423828e-01 -9.995960593223571777e-01 3.557350635528564453e-01 1.421635448932647705e-01 2.279337346553802490e-01 2.296286635100841522e-02 9.734435081481933594e-01 -4.980745315551757812e-01 3.997169733047485352e-01 -9.332906007766723633e-01 -9.955440759658813477e-01 1.075814962387084961e-01 -2.893858030438423157e-02 -8.138214796781539917e-02 -3.598138093948364258e-01 6.445187926292419434e-01 -3.006823658943176270e-01 -8.950558304786682129e-01 -3.693186938762664795e-01 9.962677359580993652e-01 9.977135658264160156e-01 6.039890050888061523e-01 -1.078227832913398743e-01 9.931257963180541992e-01 3.327149525284767151e-02 1.345735490322113037e-01 9.857056140899658203e-01 -9.526531696319580078e-01 -1.850246451795101166e-02 -2.542301453649997711e-02 1.234899535775184631e-01 -1.042086109519004822e-01 -6.907715201377868652e-01 9.754139184951782227e-01 -6.220412626862525940e-02 -4.859425127506256104e-01 3.976159691810607910e-01 9.977259039878845215e-01 -4.677969515323638916e-01 6.758547425270080566e-01 -9.865130186080932617e-01 -9.990292787551879883e-01 7.136016339063644409e-02 -1.766504347324371338e-02 -9.517735242843627930e-01 -9.984694719314575195e-01 5.720092728734016418e-02 -9.945864677429199219e-01 1.575438976287841797e-01 5.696445703506469727e-01 2.233030945062637329e-01 1.186817977577447891e-02 1.792627722024917603e-01 2.757226228713989258e-01 -6.665852069854736328e-01 -2.312968857586383820e-02 9.669758677482604980e-01 2.475112378597259521e-01 9.692617058753967285e-01 2.832199335098266602e-01 -9.053521156311035156e-01 4.014370962977409363e-02 3.059653341770172119e-01 4.308293461799621582e-01 -1.443971246480941772e-01 3.930286765098571777e-01 -9.969547390937805176e-01 7.624629735946655273e-01 -9.978444576263427734e-01 -5.058288574218750000e-01 9.386171400547027588e-02 -9.343731403350830078e-01 -9.710815548896789551e-01 -4.496299624443054199e-01 3.390718996524810791e-02 -1.420435309410095215e-01 -8.797201514244079590e-01 -9.879637360572814941e-01 2.826388180255889893e-01 -9.754328131675720215e-01 -6.155148744583129883e-01 -9.742807149887084961e-01 -6.911129504442214966e-02 -4.100827574729919434e-01 -5.116567760705947876e-02 3.420989811420440674e-01 1.810131669044494629e-01 1.581791490316390991e-01 6.022739410400390625e-01 3.785612285137176514e-01 9.551299214363098145e-01 6.304295361042022705e-02 4.732938017696142197e-03 -4.962432384490966797e-01 8.469642400741577148e-01 -9.650949239730834961e-01 2.115637212991714478e-01 -9.799394607543945312e-01 4.293540120124816895e-01 9.991492033004760742e-01 9.814406037330627441e-01 9.833035469055175781e-01 9.478383064270019531e-01 -9.838559031486511230e-01 -4.949044585227966309e-01 3.308860957622528076e-01 9.254018068313598633e-01 9.686259627342224121e-01 3.431673645973205566e-01 3.357926011085510254e-01 -9.297428131103515625e-01 6.292861104011535645e-01 1.921639889478683472e-01 -9.958009123802185059e-01 8.754110932350158691e-01 -1.248967945575714111e-01 1.489606052637100220e-01 9.267917834222316742e-03 1.461532860994338989e-01 2.270622737705707550e-02 9.484876394271850586e-01 -9.647582769393920898e-01 -4.663978219032287598e-01 -4.676038622856140137e-01 -3.170125782489776611e-01 -2.751486301422119141e-01 -9.999920725822448730e-01 5.949978828430175781e-01 -8.273033499717712402e-01 2.881671786308288574e-01 -1.322634369134902954e-01 -4.116361439228057861e-01 2.650785446166992188e-02 5.112351179122924805e-01 9.998390674591064453e-01 -7.510749697685241699e-01 4.126171469688415527e-01 4.557068645954132080e-02 -2.891749739646911621e-01 -4.791389778256416321e-02 -9.585160613059997559e-01 4.904853105545043945e-01 9.124398827552795410e-01 4.406134188175201416e-01 9.304542094469070435e-02 -3.454121053218841553e-01 4.467555880546569824e-02
-8.690631985664367676e-01 8.305485844612121582e-01 1.834364086389541626e-01 4.425515606999397278e-02 -8.628668189048767090e-01 -9.942828416824340820e-01 9.937230348587036133e-01 -9.998195171356201172e-01 1.236438378691673279e-01 -4.765121638774871826e-01 1.778781712055206299e-01 -6.585180759429931641e-01 8.147026896476745605e-01 -9.834040403366088867e-01 -8.484649062156677246e-01 1.576036959886550903e-01 1.350148320198059082e-01 7.671130448579788208e-02 -6.683110594749450684e-01 -1.678062379360198975e-01 5.087639093399047852e-01 -2.708147764205932617e-01 7.180457711219787598e-01 -9.364424943923950195e-01 9.983250498771667480e-01 8.661215752363204956e-02 -2.157794833183288574e-01 -4.308263063430786133e-01 3.992995023727416992e-01 9.991899132728576660e-01 9.962006211280822754e-01 2.072895616292953491e-01 3.379657864570617676e-02 4.670028015971183777e-02 -8.394005298614501953e-01 2.875393927097320557e-01 -3.477891087532043457e-01 -1.082110926508903503e-01 5.817940235137939453e-01 -1.870905905961990356e-01 3.324038386344909668e-01 4.462874233722686768e-01 2.020095437765121460e-01 -9.949209094047546387e-01 5.128832459449768066e-01 8.913940787315368652e-01 -3.036635816097259521e-01 2.598587274551391602e-01 1.374438777565956116e-02 3.184162080287933350e-01 6.727565526962280273e-01 -1.680179536342620850e-01 9.958428740501403809e-01 1.000698432326316833e-01 2.290854454040527344e-01 -5.565800145268440247e-02 -3.617115914821624756e-01 -3.954987823963165283e-01 -9.951291680335998535e-01 5.012413263320922852e-01 -4.370437860488891602e-01 1.391964852809906006e-01 9.437581896781921387e-01 3.225837647914886475e-02 4.082373082637786865e-01 -9.996193647384643555e-01 9.980392456054687500e-01 8.716403245925903320e-01 -2.847053110599517822e-01 5.584006309509277344e-01 9.911153316497802734e-01 9.996107816696166992e-01 -5.786908268928527832e-01 -9.989690780639648438e-01 -9.891470670700073242e-01 -3.939413428306579590e-01 1.916057467460632324e-01 1.523155570030212402e-01 3.821766078472137451e-01 2.344816625118255615e-01 -9.685060977935791016e-01 2.702464461326599121e-01 9.994518160820007324e-01 -8.006351590156555176e-01 9.990713596343994141e-01 -8.376661539077758789e-01 2.746357917785644531e-01 3.145868778228759766e-01 2.323470860719680786e-01 -1.348958164453506470e-01 -9.984431862831115723e-01 -2.460075318813323975e-01 3.614690899848937988e-01 -9.988630414009094238e-01 -9.669492840766906738e-01 9.740594029426574707e-01 9.211114645004272461e-01 -2.097229659557342529e-02 -9.851920604705810547e-01 -2.454639375209808350e-01 -9.722896814346313477e-01 -9.951068758964538574e-01 -1.221964880824089050e-01 2.355511933565139771e-01 -5.937169864773750305e-02 -2.871128916740417480e-01 8.562646508216857910e-01 1.498820334672927856e-01 -1.177189126610755920e-01 -2.972672581672668457e-01 -5.259478688240051270e-01 3.355604410171508789e-01 -1.895666122436523438e-01 -9.991021156311035156e-01 -2.204792201519012451e-02 1.866677701473236084e-01 -8.738197088241577148e-01 9.770604372024536133e-01 -1.397540420293807983e-01 9.979352355003356934e-01 -4.846504926681518555e-01 1.861275434494018555e-01 -9.973504543304443359e-01 9.819446802139282227e-01 -1.220006793737411499e-01 -3.252045512199401855e-01 -9.691063761711120605e-01 -1.195662021636962891e-01 -1.280445158481597900e-01 2.164936810731887817e-01 9.504641294479370117e-01 8.013002872467041016e-01 -6.667222976684570312e-01 -2.952270675450563431e-03 5.548081398010253906e-01 -3.078410960733890533e-02 9.947984218597412109e-01 -9.995804429054260254e-01 -8.809604048728942871e-01 2.198630124330520630e-01 9.990475177764892578e-01 -4.361568018794059753e-02 -2.181176990270614624e-01 9.997415542602539062e-01 -3.610870540142059326e-01 1.348113715648651123e-01 -9.767233133316040039e-01 8.219673633575439453e-01 9.614816904067993164e-01 -1.692751795053482056e-01 4.605631902813911438e-02 -3.132104575634002686e-01 9.703539609909057617e-01 6.133060529828071594e-02 -1.430604308843612671e-01 1.879683434963226318e-01 -9.968646764755249023e-01 -4.290458559989929199e-01 1.685314774513244629e-01 -1.522112786769866943e-01 8.496470749378204346e-02 2.769644558429718018e-01 -3.115553855895996094e-01 -6.283644437789916992e-01 9.998521208763122559e-01 4.394531846046447754e-01 -1.366847604513168335e-01 -2.382516264915466309e-01 9.444027543067932129e-01 9.514988064765930176e-01 2.017548084259033203e-01 -9.538106918334960938e-01 -9.820501208305358887e-01 -9.989363551139831543e-01 8.382036685943603516e-01 2.283356338739395142e-01 6.990963220596313477e-01 2.752712555229663849e-02 9.933587312698364258e-01 6.240859627723693848e-01 9.011468291282653809e-01 -2.529567182064056396e-01 9.997765421867370605e-01 -9.393596649169921875e-01 9.981843233108520508e-01 -9.736133813858032227e-01 -8.080196976661682129e-01 -6.913986206054687500e-01 5.364550948143005371e-01 4.813675582408905029e-01 9.985800385475158691e-01 -5.699703097343444824e-01 -7.026430964469909668e-01 -2.933632433414459229e-01 9.935235381126403809e-01 3.710944652557373047e-01 -9.444386959075927734e-01 -9.994353652000427246e-01 -9.990906715393066406e-01 -5.427227169275283813e-02 -4.966267570853233337e-02 -2.186815887689590454e-01 -3.799490630626678467e-01 -2.535549998283386230e-01 -4.158798605203628540e-02 -4.506610035896301270e-01 -1.207046657800674438e-01 9.973480701446533203e-01 9.814123511314392090e-01 -8.396682143211364746e-02 -2.491364181041717529e-01 -1.789007931947708130e-01 -1.296498626470565796e-01 3.268537819385528564e-01 9.989765286445617676e-01 7.195717096328735352e-01 9.339286088943481445e-01 -2.265238463878631592e-01 9.990175962448120117e-01 2.208683788776397705e-01 -6.589062213897705078e-01 -9.076676517724990845e-02 -7.558455467224121094e-01 5.071433633565902710e-02 7.397335767745971680e-01 7.912206649780273438e-01 -9.990179538726806641e-01 -9.388741850852966309e-02 9.504505991935729980e-01 9.575668573379516602e-01 1.916945874691009521e-01 9.971990436315536499e-02 -5.715191364288330078e-01 3.568157851696014404e-01 9.965533018112182617e-01 2.927008867263793945e-01 -1.503648608922958374e-01 1.867204159498214722e-01 -3.019682504236698151e-02 2.718927264213562012e-01 -1.749208271503448486e-01 9.999901056289672852e-01 -9.595476388931274414e-01 7.459667921066284180e-01 9.953786730766296387e-01 3.182629346847534180e-01 9.428319334983825684e-01 -1.791468262672424316e-01 6.723086237907409668e-01 -1.796302050352096558e-01 2.460261583328247070e-01 3.573482334613800049e-01 -2.284472137689590454e-01 -1.022636145353317261e-01 9.979760050773620605e-01 1.387453377246856689e-01 -2.273196130990982056e-01 -9.823048114776611328e-01 -3.905380666255950928e-01 9.676125049591064453e-01 -8.747572451829910278e-02 -9.014734625816345215e-01 -9.546729922294616699e-02 -9.585415124893188477e-01 2.361376732587814331e-01 9.908686280250549316e-01 9.729249477386474609e-01 -9.626055359840393066e-01 5.556956529617309570e-01 -1.447982937097549438e-01 9.993404150009155273e-01 -2.065600305795669556e-01 -9.486550092697143555e-01 9.985390901565551758e-01 -3.841657638549804688e-01 -9.864497780799865723e-01 9.940735697746276855e-01 -2.819436229765415192e-02 8.507749438285827637e-01 2.728054225444793701e-01 -9.979935288429260254e-01 -9.572290182113647461e-01 9.586299657821655273e-01 9.994045495986938477e-01 9.919883608818054199e-01 -4.073820542544126511e-03 -1.163879036903381348e-01 2.303044199943542480e-01 -9.997146129608154297e-01 -9.961043596267700195e-01 -9.990647435188293457e-01 9.785849601030349731e-02 8.855085819959640503e-02 6.665692329406738281e-01 9.988331198692321777e-01 -9.883167743682861328e-01 4.838350042700767517e-02 9.271456003189086914e-01 2.126306146383285522e-01 9.977310299873352051e-01 9.967677593231201172e-01 -9.951950907707214355e-01 -9.379150867462158203e-01 9.965906143188476562e-01 -8.095499873161315918e-02 2.913565933704376221e-01 3.634241595864295959e-02 9.911119341850280762e-01 7.853642106056213379e-01 1.258123517036437988e-01 3.409075736999511719e-01 -7.430605888366699219e-01 3.653685748577117920e-01 9.982736706733703613e-01 -3.429901301860809326e-01 -2.019831389188766479e-01 2.327858954668045044e-01 -2.508926093578338623e-01 7.640288025140762329e-02 9.873899817466735840e-01 -9.488090872764587402e-02 -8.159343600273132324e-01 -3.431725203990936279e-01 -2.648311257362365723e-01 -3.730489313602447510e-01 -3.388454616069793701e-01 9.477536678314208984e-01 7.850764393806457520e-01 -9.992966055870056152e-01 -6.687446236610412598e-01 9.999955892562866211e-01 1.293317507952451706e-02 4.168915450572967529e-01 -6.185197830200195312e-01 1.017448008060455322e-01 1.447858214378356934e-01 4.476077854633331299e-01 -7.084162235260009766e-01 -9.911041259765625000e-01 3.146519362926483154e-01 8.464187979698181152e-01 -3.151237070560455322e-01 -5.976272374391555786e-02 9.863049387931823730e-01 -5.920278429985046387e-01 -4.103859663009643555e-01 9.822870492935180664e-01 9.998834729194641113e-01 1.079862415790557861e-01 8.194145560264587402e-01 2.464548051357269287e-01 8.387270383536815643e-03 1.597090214490890503e-01 3.211402520537376404e-02 9.992290735244750977e-01 7.001744117587804794e-03 9.463517665863037109e-01 8.687864243984222412e-02 -3.702372610569000244e-01 -7.032686471939086914e-02 -9.831619262695312500e-01 -9.988274574279785156e-01 6.229761242866516113e-02 3.068206310272216797e-01 1.998395174741744995e-01 -7.273516654968261719e-01 -9.991565942764282227e-01 2.262235283851623535e-01 1.410401016473770142e-01 3.674527406692504883e-01 -1.508496794849634171e-02 9.690554738044738770e-01 -4.145260155200958252e-01 3.152590095996856689e-01 -2.758713662624359131e-01 -9.960239529609680176e-01 1.495396941900253296e-01 -9.668347984552383423e-02 6.937564909458160400e-02 -8.317006379365921021e-02 7.539296746253967285e-01 -5.088173151016235352e-01 -8.932377099990844727e-01 -3.971338272094726562e-01 9.979923963546752930e-01 9.911567568778991699e-01 5.976518988609313965e-01 2.594546079635620117e-01 9.551918506622314453e-01 -8.075235038995742798e-02 -1.301172226667404175e-01 9.802500009536743164e-01 -9.799828529357910156e-01 -1.241708360612392426e-02 -5.329991877079010010e-02 7.013145368546247482e-03 2.534288465976715088e-01 -5.379341840744018555e-01 8.840165138244628906e-01 1.359236240386962891e-02 -5.015513896942138672e-01 1.583806425333023071e-01 9.962759613990783691e-01 -3.050646185874938965e-01 9.009555578231811523e-01 -9.925881624221801758e-01 -9.973614215850830078e-01 -7.762182503938674927e-02 1.158840581774711609e-02 -9.932906031608581543e-01 -9.965437650680541992e-01 5.149831771850585938e-01 -9.995742440223693848e-01 3.424664139747619629e-01 6.126031875610351562e-01 3.043482601642608643e-01 -9.777309745550155640e-02 6.557866334915161133e-01 -1.516429781913757324e-01 -9.639146924018859863e-01 2.862107008695602417e-02 9.908053874969482422e-01 -2.043966203927993774e-02 9.943043589591979980e-01 1.938297301530838013e-01 -7.634341716766357422e-01 -1.472256425768136978e-02 2.260513007640838623e-01 4.639996886253356934e-01 -5.366137623786926270e-01 -1.660578399896621704e-01 -9.981117844581604004e-01 2.066000849008560181e-01 -9.985378384590148926e-01 -9.490157365798950195e-01 1.236595585942268372e-01 -9.776959419250488281e-01 -9.737924933433532715e-01 -3.339663147926330566e-01 -3.167436644434928894e-02 -1.326693147420883179e-01 -9.763602614402770996e-01 -9.696505665779113770e-01 5.649806857109069824e-01 -9.855962991714477539e-01 -9.637986421585083008e-01 -9.940869808197021484e-01 2.372785061597824097e-01 -1.975973509252071381e-02 -1.310485303401947021e-01 3.543589711189270020e-01 -7.554429024457931519e-02 1.952972412109375000e-01 9.785382747650146484e-01 4.491622149944305420e-01 9.233468174934387207e-01 -9.113182872533798218e-02 -1.617053449153900146e-01 -3.879464864730834961e-01 9.893465638160705566e-01 -8.265048861503601074e-01 -1.846990920603275299e-02 -9.976451396942138672e-01 2.163160592317581177e-01 9.992601275444030762e-01 9.991896152496337891e-01 9.943017363548278809e-01 9.507966637611389160e-01 -9.397473931312561035e-01 -3.975783884525299072e-01 3.885794579982757568e-01 6.362174451351165771e-02 9.783436059951782227e-01 3.610972762107849121e-01 5.015579462051391602e-01 -9.809389710426330566e-01 8.197898045182228088e-03 1.776992082595825195e-01 -9.566059708595275879e-01 9.920632839202880859e-01 -8.279319852590560913e-02 3.923871517181396484e-01 -9.716947376728057861e-02 2.169177085161209106e-01 2.054788917303085327e-01 4.568819999694824219e-01 -9.947397112846374512e-01 -5.058850049972534180e-01 -3.648073971271514893e-01 -1.340330839157104492e-01 1.911696046590805054e-02 -9.999991655349731445e-01 3.789668679237365723e-01 -8.642581701278686523e-01 3.204248249530792236e-01 6.878691166639328003e-02 -5.839439630508422852e-01 2.958844006061553955e-01 7.165037989616394043e-01 9.999261498451232910e-01 -6.070895791053771973e-01 3.428409099578857422e-01 -2.496673464775085449e-01 -4.481756389141082764e-01 -1.279207319021224976e-01 -9.937397241592407227e-01 8.083314299583435059e-01 5.982996821403503418e-01 2.079636305570602417e-01 7.166657596826553345e-02 -1.797560751438140869e-01 -2.109116911888122559e-01
9.824801683425903320e-01 1.553797721862792969e-01 2.932660281658172607e-01 3.205620348453521729e-01 -2.557559870183467865e-02 9.819080233573913574e-01 9.932537674903869629e-01 -9.996783733367919922e-01 -1.828285008668899536e-01 -9.959330558776855469e-01 4.620324373245239258e-01 -9.287086725234985352e-01 9.700583815574645996e-01 -9.930150508880615234e-01 -8.020873069763183594e-01 2.896875441074371338e-01 -2.939685285091400146e-01 -5.021901801228523254e-03 -7.180890440940856934e-01 -1.257808506488800049e-01 4.036482572555541992e-01 -2.442004904150962830e-02 7.582224607467651367e-01 -6.828084588050842285e-02 9.965289831161499023e-01 8.756063580513000488e-01 -1.276351213455200195e-01 -5.087812542915344238e-01 2.751688659191131592e-01 9.507306814193725586e-01 9.967956542968750000e-01 1.463036835193634033e-01 4.797995984554290771e-01 1.577420234680175781e-01 -9.938464164733886719e-01 -5.744106601923704147e-03 -4.124415218830108643e-01 5.733852088451385498e-02 9.098824858665466309e-01 1.329218000173568726e-01 4.005917906761169434e-01 1.881628297269344330e-02 2.281911075115203857e-01 -9.834654331207275391e-01 2.095949798822402954e-01 9.410932064056396484e-01 -8.149753510951995850e-02 2.362177670001983643e-01 9.571377038955688477e-01 1.144313737750053406e-01 9.882028698921203613e-01 -1.836481839418411255e-01 9.970719814300537109e-01 -2.431190907955169678e-01 -4.008889496326446533e-01 -1.620187163352966309e-01 -2.935276925563812256e-01 -4.432860612869262695e-01 -9.974129199981689453e-01 -4.561264514923095703e-01 -5.473646149039268494e-02 3.257668018341064453e-01 9.880295991897583008e-01 -2.135341167449951172e-01 5.066737532615661621e-01 -9.587648510932922363e-01 9.677898287773132324e-01 6.375892162322998047e-01 2.031940668821334839e-01 -5.581627488136291504e-01 9.769308567047119141e-01 9.599156379699707031e-01 -7.803888320922851562e-01 -9.629567861557006836e-01 -9.964946508407592773e-01 -6.746463179588317871e-01 1.952091753482818604e-01 8.600861430168151855e-01 4.906954467296600342e-01 1.141775250434875488e-01 -9.636362791061401367e-01 4.788146615028381348e-01 9.990646839141845703e-01 -4.031119346618652344e-01 9.662473201751708984e-01 1.951363384723663330e-01 2.127719968557357788e-01 2.607212066650390625e-01 1.413343995809555054e-01 -2.147522717714309692e-01 -9.441046714782714844e-01 -7.326661050319671631e-02 3.548395633697509766e-01 -9.999760985374450684e-01 -7.708072066307067871e-01 4.991852343082427979e-01 8.562830090522766113e-01 1.268012672662734985e-01 -9.858508706092834473e-01 1.265978999435901642e-02 -8.974815011024475098e-01 -9.428793191909790039e-01 2.052380591630935669e-01 1.163400933146476746e-01 2.037965953350067139e-01 2.813227772712707520e-01 9.858489036560058594e-01 1.104937866330146790e-01 -7.219364494085311890e-02 -8.331097960472106934e-01 -4.111854434013366699e-01 -1.444781422615051270e-01 2.435795366764068604e-01 -9.716347455978393555e-01 -3.760432600975036621e-01 -8.261349052190780640e-02 -8.344382047653198242e-01 8.735605478286743164e-01 -6.561945378780364990e-02 9.988261461257934570e-01 -7.618526816368103027e-01 4.989627599716186523e-01 -9.076015949249267578e-01 9.970477819442749023e-01 -3.626290261745452881e-01 -2.673864662647247314e-01 8.986104726791381836e-01 -1.651943773031234741e-01 -5.774915814399719238e-01 1.506326794624328613e-01 9.991340637207031250e-01 5.928242206573486328e-01 -8.683354854583740234e-01 1.250606775283813477e-01 1.242410019040107727e-01 3.268553614616394043e-01 9.977654218673706055e-01 -9.915466308593750000e-01 -5.978487133979797363e-01 -1.775268316268920898e-01 9.999886155128479004e-01 2.879964411258697510e-01 1.827467232942581177e-01 9.599346518516540527e-01 -3.305727541446685791e-01 8.807643055915832520e-01 -5.637278556823730469e-01 9.995720386505126953e-01 1.677539497613906860e-01 -3.027954399585723877e-01 1.363076418638229370e-01 -3.249042332172393799e-01 9.647946357727050781e-01 1.245049387216567993e-01 -6.868699938058853149e-02 3.066719770431518555e-01 -8.196859955787658691e-01 9.837688207626342773e-01 2.785297930240631104e-01 -2.184866964817047119e-01 -1.966896951198577881e-01 2.677910029888153076e-01 -2.927166521549224854e-01 -6.330854296684265137e-01 9.999437928199768066e-01 8.352337032556533813e-02 -2.026761025190353394e-01 -4.793389141559600830e-01 9.740860462188720703e-01 4.438262879848480225e-01 -7.368623465299606323e-02 4.990598261356353760e-01 -9.961032271385192871e-01 -9.447354078292846680e-01 -9.109397977590560913e-02 3.350328207015991211e-01 6.299421787261962891e-01 1.441155821084976196e-01 9.958704113960266113e-01 9.905625581741333008e-01 9.918619394302368164e-01 5.125008895993232727e-02 9.988881349563598633e-01 -9.036328792572021484e-01 9.983379244804382324e-01 -9.835029840469360352e-01 9.421197324991226196e-02 -8.039398789405822754e-01 3.647803664207458496e-01 9.925050735473632812e-01 9.973715543746948242e-01 -9.123439788818359375e-01 -9.878147840499877930e-01 1.226661801338195801e-01 8.818946480751037598e-01 2.481065839529037476e-01 -9.960665106773376465e-01 -9.711238145828247070e-01 -9.487630724906921387e-01 4.613023251295089722e-02 -1.446068054065108299e-03 -2.635455727577209473e-01 -8.665568232536315918e-01 -6.048945710062980652e-02 -2.121624946594238281e-01 -3.509856760501861572e-01 -1.094036996364593506e-01 7.262928485870361328e-01 9.657084345817565918e-01 -1.863139867782592773e-01 -8.005179166793823242e-01 -4.757770895957946777e-01 -8.039909601211547852e-02 3.985326290130615234e-01 9.560022354125976562e-01 -9.156357049942016602e-01 6.533392071723937988e-01 7.791902422904968262e-01 9.582268595695495605e-01 3.606082797050476074e-01 -7.054999470710754395e-01 -3.974868059158325195e-01 -5.199732780456542969e-01 6.697130203247070312e-02 -9.656183123588562012e-01 -6.991760730743408203e-01 -9.281058907508850098e-01 5.964894965291023254e-02 -9.197084307670593262e-01 9.554987549781799316e-01 7.413366436958312988e-02 3.623582124710083008e-01 1.691040545701980591e-01 2.887274324893951416e-01 8.968223333358764648e-01 4.503701925277709961e-01 8.041219711303710938e-01 2.123746573925018311e-01 -3.581220284104347229e-02 2.559103667736053467e-01 -7.476968318223953247e-02 9.999922513961791992e-01 -1.129442155361175537e-01 6.805326938629150391e-01 9.613443017005920410e-01 3.164606094360351562e-01 9.525765776634216309e-01 -7.188621163368225098e-02 7.739406228065490723e-01 -2.654257714748382568e-01 3.590031266212463379e-01 3.146571516990661621e-01 -5.637384019792079926e-03 -1.934508383274078369e-01 9.907752275466918945e-01 2.241213321685791016e-01 -4.069890379905700684e-01 -9.994601607322692871e-01 -5.886031985282897949e-01 9.936308264732360840e-01 3.298021852970123291e-02 -9.913827776908874512e-01 -9.582996368408203125e-02 -9.091460108757019043e-01 -2.243335396051406860e-01 9.904850125312805176e-01 9.386151432991027832e-01 -5.559703111648559570e-01 5.250151157379150391e-01 -1.679576337337493896e-01 9.978876113891601562e-01 7.099414616823196411e-02 7.504792213439941406e-01 9.997485876083374023e-01 -4.117669165134429932e-01 -9.894056320190429688e-01 8.290792703628540039e-01 -4.017814099788665771e-01 9.547788500785827637e-01 -3.149347752332687378e-02 -9.929264783859252930e-01 -9.784660339355468750e-01 9.745019674301147461e-01 9.972124695777893066e-01 9.280595183372497559e-01 -1.494261473417282104e-01 -2.476960979402065277e-02 3.064662516117095947e-01 -9.984696507453918457e-01 -9.983903765678405762e-01 -9.945048093795776367e-01 1.061291433870792389e-02 9.914389252662658691e-02 6.888629794120788574e-01 9.918313026428222656e-01 -9.954994916915893555e-01 2.231138199567794800e-01 9.500618577003479004e-01 2.001082524657249451e-02 9.934294819831848145e-01 9.702721238136291504e-01 -9.675783514976501465e-01 -2.054353207349777222e-01 3.310746550559997559e-01 -3.721051812171936035e-01 2.420123666524887085e-01 2.439187914133071899e-01 9.851479530334472656e-01 8.277382850646972656e-01 7.043784111738204956e-02 -1.664957404136657715e-01 -9.894994497299194336e-01 1.548074781894683838e-01 9.877718091011047363e-01 9.799071550369262695e-01 -3.396745920181274414e-01 -1.366831809282302856e-01 4.579154308885335922e-03 2.536078393459320068e-01 9.998937845230102539e-01 -4.466320574283599854e-02 9.531593918800354004e-01 -2.852894365787506104e-01 -9.161287546157836914e-01 -5.540779232978820801e-01 -3.463556468486785889e-01 -3.972436487674713135e-01 3.431323766708374023e-01 -9.598768353462219238e-01 8.999160528182983398e-01 9.999860525131225586e-01 1.543574035167694092e-01 -2.001843601465225220e-01 -6.681241989135742188e-01 3.466354608535766602e-01 2.887319028377532959e-01 4.333592951297760010e-01 -9.443182945251464844e-01 -9.448780417442321777e-01 2.717725038528442383e-01 9.992926120758056641e-01 1.425848901271820068e-01 -1.204928476363420486e-02 9.298943281173706055e-01 -5.979023575782775879e-01 -9.970197677612304688e-01 7.062295675277709961e-01 9.999880790710449219e-01 2.557343840599060059e-01 6.812992095947265625e-01 3.301713764667510986e-01 3.769331052899360657e-02 7.108625173568725586e-01 8.096866309642791748e-02 9.564961791038513184e-01 6.443888694047927856e-02 5.482956171035766602e-01 -3.279409706592559814e-01 3.720959648489952087e-02 -4.734676331281661987e-02 -9.989448785781860352e-01 -9.379737377166748047e-01 -1.455730851739645004e-02 -1.171129047870635986e-01 1.065676137804985046e-01 -7.916021943092346191e-01 -9.535417556762695312e-01 6.319971680641174316e-01 4.766982421278953552e-02 -6.201079813763499260e-04 1.726958006620407104e-01 9.934191703796386719e-01 -1.240477785468101501e-01 2.328232973814010620e-01 -1.608465164899826050e-01 -9.988124370574951172e-01 2.023123800754547119e-01 -8.757818490266799927e-02 6.197195500135421753e-02 -3.686092793941497803e-01 8.071957230567932129e-01 -2.528603672981262207e-01 1.460750550031661987e-01 1.376892924308776855e-01 9.992907047271728516e-01 9.074609279632568359e-01 7.081437706947326660e-01 2.333927303552627563e-01 6.992207169532775879e-01 -3.539507463574409485e-02 -6.734004709869623184e-03 9.878666400909423828e-01 -9.986610412597656250e-01 -8.748553693294525146e-02 1.524526327848434448e-01 1.944777369499206543e-01 3.192682191729545593e-02 -7.264835834503173828e-01 9.970794320106506348e-01 -7.207287847995758057e-02 1.418985128402709961e-01 3.365493714809417725e-01 6.188218593597412109e-01 -3.457706272602081299e-01 8.805412650108337402e-01 -9.965876340866088867e-01 -8.645483851432800293e-01 -6.402119249105453491e-02 -3.707603737711906433e-02 -9.644419550895690918e-01 -9.801973700523376465e-01 9.287080168724060059e-01 -9.788331985473632812e-01 -1.664626598358154297e-01 -2.982753813266754150e-01 1.630327254533767700e-01 -1.432901322841644287e-01 -7.346432209014892578e-01 -7.826432585716247559e-03 -9.983265995979309082e-01 -3.831370966508984566e-03 6.743879914283752441e-01 2.994299829006195068e-01 9.991717338562011719e-01 2.731916606426239014e-01 -8.217595219612121582e-01 2.922294437885284424e-01 4.182801544666290283e-01 3.371997475624084473e-01 -2.588550150394439697e-01 -7.705556601285934448e-02 -9.994207620620727539e-01 7.791159152984619141e-01 -9.982886910438537598e-01 -3.224340677261352539e-01 -1.256033480167388916e-01 -8.051306009292602539e-01 -5.072673559188842773e-01 -7.740880548954010010e-02 -3.012280762195587158e-01 -3.113798499107360840e-01 -9.408367872238159180e-01 -8.140137791633605957e-01 -4.235358238220214844e-01 -9.798291325569152832e-01 -9.579324126243591309e-01 -9.837567806243896484e-01 3.538272380828857422e-01 -5.143131613731384277e-01 -2.154198884963989258e-01 3.475182950496673584e-01 1.092914193868637085e-01 1.282616853713989258e-01 9.854837656021118164e-01 2.948755621910095215e-01 9.668796658515930176e-01 -1.065886318683624268e-01 -2.321383655071258545e-01 -3.457006514072418213e-01 9.822667837142944336e-01 1.621835082769393921e-01 -6.186887249350547791e-02 -8.941980600357055664e-01 3.593973219394683838e-01 9.541518688201904297e-01 9.973289370536804199e-01 9.849336147308349609e-01 9.830288887023925781e-01 -8.744658827781677246e-01 -4.618703722953796387e-01 2.596589922904968262e-01 9.781039953231811523e-01 8.324539065361022949e-01 5.467597246170043945e-01 5.445763096213340759e-02 -9.978985786437988281e-01 -9.923319816589355469e-01 2.257218658924102783e-01 -9.730842113494873047e-01 9.945412278175354004e-01 1.451497822999954224e-01 -4.296979866921901703e-03 -4.288950562477111816e-01 -2.014719098806381226e-01 9.972370415925979614e-02 -9.001593589782714844e-01 -9.876372218132019043e-01 -6.484826207160949707e-01 -6.208921074867248535e-01 -3.357789218425750732e-01 -3.291521668434143066e-01 -9.999964237213134766e-01 -1.127929314970970154e-01 -8.581264615058898926e-01 3.997251689434051514e-01 2.004643976688385010e-01 -3.121728301048278809e-01 1.757595688104629517e-01 6.904025077819824219e-01 9.915682077407836914e-01 -6.790467500686645508e-01 3.053931593894958496e-01 2.688959538936614990e-01 -4.871332347393035889e-01 -2.680226415395736694e-02 -8.810282349586486816e-01 -2.305276319384574890e-02 1.605779826641082764e-01 -1.297043859958648682e-01 3.988143503665924072e-01 -1.080646645277738571e-02 -6.424329280853271484e-01
-5.122288595885038376e-03 -4.928832650184631348e-01 -2.756526507437229156e-02 4.814852774143218994e-02 -2.259631752967834473e-01 -5.645107626914978027e-01 9.968796968460083008e-01 -9.972772002220153809e-01 -1.005789265036582947e-01 -9.174697995185852051e-01 2.461514770984649658e-01 -9.697657823562622070e-01 8.541710376739501953e-01 -9.938545823097229004e-01 -7.924175858497619629e-01 2.939104139804840088e-01 -1.614261120557785034e-01 9.018268436193466187e-02 -4.431301057338714600e-01 -9.887561202049255371e-02 4.829695820808410645e-02 -2.629246115684509277e-01 9.095409512519836426e-01 -9.786397814750671387e-01 9.892773032188415527e-01 8.931478261947631836e-01 -8.995636552572250366e-02 -5.091035962104797363e-01 2.748804092407226562e-01 9.998467564582824707e-01 9.475036859512329102e-01 -1.488476395606994629e-01 3.508930206298828125e-01 7.763992995023727417e-02 -5.951287746429443359e-01 1.798018068075180054e-01 4.477369040250778198e-02 9.599083662033081055e-02 8.181181550025939941e-01 4.426997154951095581e-02 -6.435851007699966431e-02 -7.876209169626235962e-02 2.691849507391452789e-02 -9.973093271255493164e-01 3.326559364795684814e-01 8.653135299682617188e-01 -4.630669355392456055e-01 -4.215130582451820374e-02 4.178821444511413574e-01 1.719052195549011230e-01 9.281699061393737793e-01 5.546817928552627563e-02 9.999653697013854980e-01 7.053665816783905029e-02 -1.620986014604568481e-01 2.124452739953994751e-01 1.708864271640777588e-01 -3.531174957752227783e-01 -9.771075248718261719e-01 7.418450117111206055e-01 7.087861746549606323e-02 -2.329528480768203735e-01 7.713081836700439453e-01 -1.354419291019439697e-01 4.201902747154235840e-01 -9.990208745002746582e-01 9.798477888107299805e-01 9.089879393577575684e-01 1.212880248203873634e-03 9.115748405456542969e-01 9.529297351837158203e-01 9.739881157875061035e-01 7.654670160263776779e-03 -9.923110008239746094e-01 -9.123612642288208008e-01 -8.831086754798889160e-02 2.765875756740570068e-01 7.443652153015136719e-01 1.759807020425796509e-01 2.516405284404754639e-02 -9.913142919540405273e-01 9.948553144931793213e-02 9.932690858840942383e-01 -3.855945467948913574e-01 9.994722604751586914e-01 -4.841720461845397949e-01 1.145839244127273560e-01 4.691407829523086548e-02 1.304542571306228638e-01 -1.645045131444931030e-01 -9.956927299499511719e-01 -6.730968505144119263e-02 2.776729762554168701e-01 -9.995383620262145996e-01 -9.396761059761047363e-01 7.986177690327167511e-03 9.781045913696289062e-01 -2.206213772296905518e-01 -9.939932227134704590e-01 -4.235017895698547363e-01 -9.477059841156005859e-01 -9.581555128097534180e-01 -8.192633986473083496e-01 -3.278183983638882637e-03 2.159521579742431641e-01 -4.203613474965095520e-02 9.777243733406066895e-01 4.069974422454833984e-01 -1.771617084741592407e-01 -6.829048395156860352e-01 -3.233361244201660156e-01 1.253385394811630249e-01 -6.615591049194335938e-01 -9.985925555229187012e-01 -2.216381132602691650e-01 6.720128655433654785e-02 -6.488413810729980469e-01 9.608179926872253418e-01 4.102958366274833679e-03 9.986339807510375977e-01 4.028067588806152344e-01 1.627866178750991821e-01 -9.930678606033325195e-01 8.750002980232238770e-01 3.672869643196463585e-03 2.310156822204589844e-01 -3.347046673297882080e-01 -1.976833939552307129e-01 -7.783916592597961426e-01 -7.818453013896942139e-03 8.510233759880065918e-01 9.404431581497192383e-01 -2.178359776735305786e-01 -1.076533645391464233e-01 1.355368345975875854e-01 -3.070099949836730957e-01 9.974668622016906738e-01 -9.992817044258117676e-01 -8.951966166496276855e-01 -1.572638005018234253e-01 9.992204308509826660e-01 3.798537254333496094e-01 -4.039398133754730225e-01 9.925732612609863281e-01 -5.470030754804611206e-02 8.098881244659423828e-01 -9.748927354812622070e-01 7.512682080268859863e-01 9.842692613601684570e-01 -9.798621386289596558e-02 -1.423577368259429932e-01 -1.118462309241294861e-01 9.712359905242919922e-01 -9.147977828979492188e-02 2.765234410762786865e-01 1.422319710254669189e-01 -9.991826415061950684e-01 -3.021874427795410156e-01 -1.311331335455179214e-02 -3.905020058155059814e-01 -5.178365111351013184e-01 3.260573744773864746e-01 -4.412898421287536621e-01 -6.603202819824218750e-01 9.999846816062927246e-01 -3.283506957814097404e-03 -2.766548395156860352e-01 -3.717595934867858887e-01 9.925081729888916016e-01 8.906260132789611816e-01 4.413678646087646484e-01 -8.471437096595764160e-01 -9.908114075660705566e-01 -9.998253583908081055e-01 6.267422437667846680e-01 5.508956313133239746e-01 9.903137683868408203e-01 -1.179606243968009949e-01 9.783046841621398926e-01 9.880715012550354004e-01 8.538489341735839844e-01 7.110113650560379028e-02 9.994141459465026855e-01 -9.934112429618835449e-01 9.713694453239440918e-01 -9.873533844947814941e-01 -2.405067980289459229e-01 -6.438288688659667969e-01 6.482534408569335938e-01 7.168619632720947266e-01 9.485686421394348145e-01 -8.346588015556335449e-01 -7.174800634384155273e-01 -2.012663483619689941e-01 9.814898371696472168e-01 -2.342508584260940552e-01 -9.373731017112731934e-01 -9.995113015174865723e-01 -9.980560541152954102e-01 -1.837228536605834961e-01 -8.633547276258468628e-02 -3.088047504425048828e-01 7.051078677177429199e-01 1.259371936321258545e-01 -1.292465925216674805e-01 -9.208247661590576172e-01 -2.097526341676712036e-01 9.783145785331726074e-01 9.984040260314941406e-01 2.755430340766906738e-01 2.681643366813659668e-01 -8.138464689254760742e-01 1.785006821155548096e-01 6.212595477700233459e-02 9.965832829475402832e-01 -7.338709235191345215e-01 9.878838658332824707e-01 -6.268749237060546875e-01 9.997704029083251953e-01 -4.290564954280853271e-01 -3.656472563743591309e-01 -7.854384370148181915e-03 -8.129716515541076660e-01 3.520470857620239258e-01 -9.487236738204956055e-01 8.180114626884460449e-01 -9.977160096168518066e-01 -1.795518100261688232e-01 -6.447378993034362793e-01 8.225472569465637207e-01 2.794116139411926270e-01 3.382188081741333008e-01 -1.795992255210876465e-01 -7.156351208686828613e-02 9.940057992935180664e-01 7.029510289430618286e-02 1.821976751089096069e-01 -2.346733808517456055e-01 2.360442727804183960e-01 2.548812190070748329e-03 5.366597771644592285e-01 9.989374279975891113e-01 -9.651281833648681641e-01 7.857432961463928223e-01 9.989231824874877930e-01 4.122617244720458984e-01 9.216535687446594238e-01 9.928761422634124756e-02 -6.111125349998474121e-01 -7.530383765697479248e-02 2.941700816154479980e-01 -2.762911915779113770e-01 4.354019090533256531e-02 2.755297720432281494e-01 9.869642853736877441e-01 -1.133841499686241150e-01 -3.880964815616607666e-01 -9.832831621170043945e-01 -5.061768889427185059e-01 9.630191326141357422e-01 -1.098200306296348572e-01 -9.775659441947937012e-01 -2.790393233299255371e-01 -6.690031886100769043e-01 4.465059936046600342e-02 9.795246124267578125e-01 9.251586794853210449e-01 -8.568193316459655762e-01 3.800172507762908936e-01 7.614528387784957886e-02 9.998693466186523438e-01 7.052530348300933838e-02 -3.699818849563598633e-01 9.989856481552124023e-01 -6.211866140365600586e-01 -9.649281501770019531e-01 9.364740848541259766e-01 -2.401949316263198853e-01 2.317706644535064697e-01 -1.872897148132324219e-01 -9.886236190795898438e-01 -7.346569895744323730e-01 9.912646412849426270e-01 9.994478225708007812e-01 9.523354768753051758e-01 9.272338449954986572e-02 -4.352562874555587769e-02 2.472856491804122925e-01 -9.996293783187866211e-01 -9.993162155151367188e-01 -9.996280074119567871e-01 -8.184863626956939697e-02 3.038866817951202393e-01 9.304413795471191406e-01 9.987486004829406738e-01 -9.828161001205444336e-01 9.794264286756515503e-02 9.450853466987609863e-01 -1.181785017251968384e-01 9.306051731109619141e-01 9.904733300209045410e-01 -9.981080889701843262e-01 -8.385573625564575195e-01 9.455814361572265625e-01 -2.397903501987457275e-01 2.269036620855331421e-01 3.493637740612030029e-01 9.948055148124694824e-01 7.583533525466918945e-01 6.799290329217910767e-02 1.854729354381561279e-01 -9.628056883811950684e-01 1.270420104265213013e-01 9.998043179512023926e-01 4.358424246311187744e-02 -4.626540541648864746e-01 3.660244345664978027e-01 1.190579608082771301e-01 1.665808409452438354e-01 9.740438461303710938e-01 5.353666841983795166e-02 9.075906276702880859e-01 3.974959999322891235e-02 -9.607604146003723145e-01 -5.394124984741210938e-01 -3.986548483371734619e-01 -3.942715823650360107e-01 5.999922156333923340e-01 -9.997226595878601074e-01 -7.349157333374023438e-01 9.998801946640014648e-01 -2.699282765388488770e-01 3.157513588666915894e-02 -9.306091666221618652e-01 2.911766432225704193e-02 2.477075606584548950e-01 4.494474232196807861e-01 -5.629773736000061035e-01 -9.944106936454772949e-01 3.855354785919189453e-01 9.872145056724548340e-01 -1.497882157564163208e-01 -2.363185286521911621e-01 9.975294470787048340e-01 -4.331678897142410278e-02 -9.896647334098815918e-01 9.792772531509399414e-01 9.986131191253662109e-01 -4.000565037131309509e-02 7.562878727912902832e-01 1.526508033275604248e-01 2.786120772361755371e-01 -5.849798321723937988e-01 4.281937777996063232e-01 9.998284578323364258e-01 -1.869091987609863281e-01 9.527787566184997559e-01 -1.158479675650596619e-01 2.705159187316894531e-01 -2.382052391767501831e-01 -9.995567202568054199e-01 -9.997658729553222656e-01 -5.791037157177925110e-02 -2.885030210018157959e-01 8.219724148511886597e-02 -9.032913446426391602e-01 -9.998623132705688477e-01 5.897527933120727539e-01 -1.830172389745712280e-01 3.587258756160736084e-01 -2.494047731161117554e-01 9.681891202926635742e-01 -1.311360001564025879e-01 3.927516043186187744e-01 -8.432970643043518066e-01 -9.998724460601806641e-01 1.369251161813735962e-01 -7.348490506410598755e-02 4.653523862361907959e-02 3.761611878871917725e-01 5.298314094543457031e-01 3.326261043548583984e-01 -8.658745288848876953e-01 -3.441480696201324463e-01 9.997663497924804688e-01 9.918209314346313477e-01 7.632843852043151855e-01 1.029498279094696045e-01 8.162599205970764160e-01 -1.069615855813026428e-01 -1.112492084503173828e-01 9.923730492591857910e-01 -9.980754256248474121e-01 3.651038706302642822e-01 7.989525794982910156e-02 -4.193669185042381287e-02 -2.333074994385242462e-02 -5.313718318939208984e-01 9.679216146469116211e-01 -1.373612731695175171e-01 -1.389778703451156616e-01 7.268784642219543457e-01 9.984005689620971680e-01 -3.854718506336212158e-01 8.219528794288635254e-01 -9.875273108482360840e-01 -9.992812871932983398e-01 2.634907066822052002e-01 9.506613016128540039e-02 -8.192736506462097168e-01 -9.958437085151672363e-01 4.358611702919006348e-01 -9.973220229148864746e-01 -1.773721873760223389e-01 5.076763033866882324e-01 9.809788316488265991e-02 1.637413650751113892e-01 9.022939205169677734e-01 2.021171748638153076e-01 -8.730895519256591797e-01 5.318776890635490417e-02 9.848304986953735352e-01 -1.004878431558609009e-01 9.843845367431640625e-01 1.064650788903236389e-01 -8.620728850364685059e-01 1.992670297622680664e-01 3.057004809379577637e-01 2.909826636314392090e-01 -5.152605939656496048e-03 -3.229622244834899902e-01 -9.993569850921630859e-01 9.905200600624084473e-01 -9.998480677604675293e-01 -7.916604280471801758e-01 1.491579860448837280e-01 -8.381581306457519531e-01 -9.913568496704101562e-01 -1.800470799207687378e-01 2.296603471040725708e-01 -2.824048995971679688e-01 -9.366030097007751465e-01 -9.650577902793884277e-01 -1.145031675696372986e-02 -9.817065596580505371e-01 -9.889240264892578125e-01 -9.772845506668090820e-01 -1.455655395984649658e-01 -6.318269968032836914e-01 -4.907557666301727295e-01 2.842472195625305176e-01 -2.141967862844467163e-01 4.574315547943115234e-01 9.878494739532470703e-01 9.260822832584381104e-02 5.731109976768493652e-01 -1.505835056304931641e-01 -9.692955017089843750e-02 -1.389292478561401367e-01 9.208629727363586426e-01 -7.336952090263366699e-01 1.049382835626602173e-01 -9.491344690322875977e-01 2.274208664894104004e-01 9.996541738510131836e-01 9.975478649139404297e-01 9.971048235893249512e-01 8.716653585433959961e-01 -9.693955779075622559e-01 -2.755323052406311035e-01 1.098116114735603333e-01 9.391190409660339355e-01 9.731104969978332520e-01 1.957073807716369629e-01 4.361970424652099609e-01 -9.975963234901428223e-01 -8.760881423950195312e-01 -1.166892573237419128e-01 -9.920057654380798340e-01 9.787511229515075684e-01 -2.036240696907043457e-01 -1.224703565239906311e-01 -2.442606091499328613e-01 -2.058771699666976929e-01 2.829833514988422394e-02 -4.186217784881591797e-01 -9.957202076911926270e-01 -4.236937165260314941e-01 -3.973454535007476807e-01 -1.886253952980041504e-01 -3.151427507400512695e-01 -9.999651312828063965e-01 -6.612636893987655640e-02 -5.876190662384033203e-01 7.835753262042999268e-02 -2.492293417453765869e-01 6.134728342294692993e-02 1.167317405343055725e-01 2.778136432170867920e-01 9.997376203536987305e-01 -9.869160056114196777e-01 4.497402608394622803e-01 -2.586864531040191650e-01 1.103714555501937866e-01 1.405136659741401672e-02 -9.859827756881713867e-01 6.838700175285339355e-01 8.972377777099609375e-01 5.860823392868041992e-01 2.076081335544586182e-01 7.841916754841804504e-03 -4.288595914840698242e-01
7.421175837516784668e-01 8.985454440116882324e-01 3.730695322155952454e-02 4.243909418582916260e-01 -5.948965549468994141e-01 -9.945933222770690918e-01 9.995233416557312012e-01 -9.960715770721435547e-01 1.021905317902565002e-01 -7.547738552093505859e-01 -2.138128727674484253e-01 -3.617598712444305420e-01 8.517994880676269531e-01 -9.295107722282409668e-01 -4.435239434242248535e-01 -6.029531359672546387e-02 -2.944453954696655273e-01 -1.527757197618484497e-01 -5.368448495864868164e-01 -5.456236377358436584e-02 5.204313397407531738e-01 5.082206726074218750e-01 7.466696500778198242e-01 -9.746385216712951660e-01 9.985823035240173340e-01 9.928446412086486816e-01 -2.243160158395767212e-01 -4.332294762134552002e-01 5.789399743080139160e-01 9.999266862869262695e-01 -4.907074868679046631e-01 -2.371947616338729858e-01 1.009218767285346985e-01 -1.397730410099029541e-01 2.491130977869033813e-01 -5.670235753059387207e-01 -1.810120791196823120e-01 -4.309696853160858154e-01 7.793648838996887207e-01 -1.301995813846588135e-01 4.316868185997009277e-01 1.446258723735809326e-01 3.124779760837554932e-01 -9.851893782615661621e-01 2.727894857525825500e-02 9.914658665657043457e-01 -6.660515666007995605e-01 -2.121125757694244385e-01 -2.087725102901458740e-01 -4.190805852413177490e-01 3.611779808998107910e-01 -6.362946629524230957e-01 8.302760720252990723e-01 -1.722629666328430176e-01 4.970300495624542236e-01 3.069024085998535156e-01 2.902515828609466553e-01 -4.644705653190612793e-01 -9.979872703552246094e-01 -6.726813316345214844e-02 1.861073374748229980e-01 1.669543236494064331e-01 5.680567026138305664e-01 3.271433757618069649e-03 3.156314492225646973e-01 -9.403959512710571289e-01 1.497156322002410889e-01 9.131882190704345703e-01 2.518512494862079620e-02 8.024879693984985352e-01 4.764834344387054443e-01 9.997814893722534180e-01 1.747434288263320923e-01 -9.982974529266357422e-01 -4.146702885627746582e-01 -1.267149448394775391e-01 -1.684555262327194214e-01 -7.550016045570373535e-01 1.831408888101577759e-01 -4.247766435146331787e-01 -9.694539308547973633e-01 -3.549277186393737793e-01 9.993031024932861328e-01 -8.431085944175720215e-01 9.995229244232177734e-01 -8.884150981903076172e-01 3.501226902008056641e-01 -7.366789132356643677e-02 -5.672267079353332520e-01 1.471823453903198242e-01 -9.961822032928466797e-01 -5.448139309883117676e-01 3.239048719406127930e-01 -9.788312911987304688e-01 1.455808579921722412e-01 9.169902205467224121e-01 9.907140731811523438e-01 1.334637105464935303e-01 -9.838542938232421875e-01 -2.313800901174545288e-01 -9.851009845733642578e-01 -9.554570317268371582e-01 1.945510059595108032e-01 7.013379037380218506e-02 -2.191879227757453918e-02 -1.501793116331100464e-01 8.654454350471496582e-01 2.986016571521759033e-01 -3.868688270449638367e-02 9.645218253135681152e-01 8.212084323167800903e-02 3.372325003147125244e-01 -9.283415675163269043e-01 -9.982969760894775391e-01 -6.161939501762390137e-01 5.261284112930297852e-01 -7.020714879035949707e-01 9.099017977714538574e-01 -3.691689074039459229e-01 9.964550733566284180e-01 -5.481211543083190918e-01 -3.385432064533233643e-02 -9.893543720245361328e-01 9.925242066383361816e-01 -5.022783279418945312e-01 -2.639432847499847412e-01 -9.287545680999755859e-01 -2.466221451759338379e-01 2.441427204757928848e-03 -3.540032207965850830e-01 9.044141769409179688e-01 8.225516676902770996e-01 9.800927639007568359e-01 4.518531560897827148e-01 3.931571543216705322e-01 -8.541164398193359375e-01 9.404126405715942383e-01 -9.954191446304321289e-01 -9.540548324584960938e-01 3.360671177506446838e-02 9.970783591270446777e-01 2.256222367286682129e-01 -3.757065832614898682e-01 7.564385533332824707e-01 -2.358357608318328857e-01 -9.852803498506546021e-02 -9.901288747787475586e-01 8.601532578468322754e-01 9.811446070671081543e-01 1.112490296363830566e-01 -4.971168935298919678e-01 -3.953367471694946289e-01 9.787852168083190918e-01 -1.952400952577590942e-01 1.157641708850860596e-01 -8.048499375581741333e-02 -9.994791150093078613e-01 2.000692933797836304e-01 -4.285193607211112976e-02 4.139347076416015625e-01 -1.299390345811843872e-01 4.863013327121734619e-01 8.373852819204330444e-02 -6.062939763069152832e-01 9.999383091926574707e-01 -4.099603295326232910e-01 -6.192077398300170898e-01 -5.713955760002136230e-01 9.906479120254516602e-01 9.773664176464080811e-02 5.181860923767089844e-01 -9.962596297264099121e-01 -9.872887134552001953e-01 -9.999086856842041016e-01 5.466076135635375977e-01 5.129069685935974121e-01 8.493888378143310547e-01 1.659723371267318726e-02 9.992023110389709473e-01 9.626820683479309082e-01 9.212657213211059570e-01 -2.986540496349334717e-01 9.993829727172851562e-01 -9.945345520973205566e-01 8.811501264572143555e-01 -9.985238909721374512e-01 -9.811455607414245605e-01 9.409683942794799805e-01 3.033667802810668945e-01 8.536500334739685059e-01 7.924961447715759277e-01 -9.022927284240722656e-01 -8.227823376655578613e-01 -1.301959156990051270e-01 9.935431480407714844e-01 -3.130591288208961487e-02 -3.822216689586639404e-01 -9.994114637374877930e-01 -6.672447919845581055e-01 1.941873282194137573e-01 1.748486906290054321e-01 -2.878078222274780273e-01 9.591603279113769531e-01 -1.705653779208660126e-02 2.937812171876430511e-02 -5.599174499511718750e-01 -1.370747387409210205e-01 9.570989608764648438e-01 9.438850283622741699e-01 -2.116478383541107178e-01 4.081703126430511475e-01 -4.546019136905670166e-01 -5.986127257347106934e-02 4.916144013404846191e-01 9.956227540969848633e-01 2.041957676410675049e-01 9.446790814399719238e-01 5.591267347335815430e-01 9.998924732208251953e-01 1.931542754173278809e-01 -9.579661488533020020e-01 -2.163892239332199097e-01 -8.115598559379577637e-01 4.014737606048583984e-01 -8.076758980751037598e-01 7.650774717330932617e-01 -9.982267022132873535e-01 -5.230332016944885254e-01 -1.642662845551967621e-02 9.988253116607666016e-01 1.117756962776184082e-01 3.003894388675689697e-01 -2.111534178256988525e-01 5.187997221946716309e-01 9.948262572288513184e-01 4.341645836830139160e-01 1.343122869729995728e-01 -3.113449811935424805e-01 4.477456212043762207e-01 -7.002073526382446289e-02 5.350393652915954590e-01 9.999614357948303223e-01 -9.750576019287109375e-01 9.131789207458496094e-01 9.992944002151489258e-01 3.062366545200347900e-01 9.727934598922729492e-01 2.629751265048980713e-01 -7.134756445884704590e-02 -5.957921966910362244e-02 7.200016975402832031e-01 -8.018933236598968506e-02 -3.544347882270812988e-01 3.179476261138916016e-01 9.976508021354675293e-01 -3.966834545135498047e-01 -3.508339524269104004e-01 -9.966487288475036621e-01 -3.538722693920135498e-01 6.737408638000488281e-01 -3.281655535101890564e-02 -5.408478975296020508e-01 2.184620946645736694e-01 -9.317193627357482910e-01 2.246401607990264893e-01 9.959774613380432129e-01 9.739312529563903809e-01 -9.398921728134155273e-01 1.271304935216903687e-01 -2.984651625156402588e-01 9.942001104354858398e-01 -4.607786238193511963e-01 -9.523695111274719238e-01 9.906364679336547852e-01 -5.085123777389526367e-01 -8.131927251815795898e-01 9.927725195884704590e-01 5.307140946388244629e-01 -5.366923213005065918e-01 3.519241511821746826e-01 -9.843649268150329590e-01 -8.626816868782043457e-01 9.960153102874755859e-01 9.626980423927307129e-01 8.295663595199584961e-01 -2.486130446195602417e-01 4.386399388313293457e-01 2.007453739643096924e-01 -9.904558062553405762e-01 -9.987054467201232910e-01 -9.585958123207092285e-01 6.341645717620849609e-01 4.489060342311859131e-01 -9.693683385848999023e-01 9.911927580833435059e-01 -8.778778314590454102e-01 2.257353812456130981e-01 9.882767200469970703e-01 -2.037307173013687134e-01 9.886049032211303711e-01 9.826869964599609375e-01 -9.983336925506591797e-01 -9.441241025924682617e-01 9.657514691352844238e-01 -7.316008210182189941e-02 9.158359766006469727e-01 2.107399553060531616e-01 9.529457688331604004e-01 -2.718579471111297607e-01 3.543275594711303711e-01 -1.284325271844863892e-01 2.012760750949382782e-02 3.152700513601303101e-02 9.428514242172241211e-01 2.305892109870910645e-01 1.845729649066925049e-01 1.062470898032188416e-01 3.090164661407470703e-01 6.846889257431030273e-01 9.792044758796691895e-01 8.265169709920883179e-02 -9.372801184654235840e-01 -5.544382929801940918e-01 -3.946222066879272461e-01 -3.232102841138839722e-02 -7.038677930831909180e-01 -9.956026077270507812e-01 4.987424314022064209e-01 -9.996985793113708496e-01 -9.758760333061218262e-01 8.991889953613281250e-01 6.313353776931762695e-02 3.649004101753234863e-01 -7.813030481338500977e-01 -1.573544740676879883e-01 2.199455946683883667e-01 -7.394911348819732666e-02 2.896653711795806885e-01 -9.952308535575866699e-01 -8.502631634473800659e-02 9.895386695861816406e-01 -2.417265176773071289e-01 -3.808493316173553467e-01 9.885940551757812500e-01 -7.492661476135253906e-01 9.009528756141662598e-01 9.768119454383850098e-01 9.960057735443115234e-01 -3.317009890452027321e-03 9.253511428833007812e-01 5.101926922798156738e-01 -1.290585696697235107e-01 -3.344858586788177490e-01 1.081878095865249634e-01 9.999163746833801270e-01 6.218278780579566956e-02 9.700121283531188965e-01 -2.114852517843246460e-01 -5.503760576248168945e-01 3.002661168575286865e-01 -2.995860278606414795e-01 -9.999109506607055664e-01 -4.585157632827758789e-01 -3.762815892696380615e-02 9.062808007001876831e-02 -9.867942333221435547e-01 -9.999282360076904297e-01 -1.439945399761199951e-01 5.134221911430358887e-01 5.129610300064086914e-01 1.749653220176696777e-01 9.829864501953125000e-01 -6.792641878128051758e-01 -7.507485151290893555e-02 -9.067311882972717285e-01 -9.995449185371398926e-01 1.379337459802627563e-01 3.605646789073944092e-01 -3.347972035408020020e-01 1.007854789495468140e-01 4.335103631019592285e-01 9.205077588558197021e-02 -9.728536605834960938e-01 1.409131884574890137e-01 9.885543584823608398e-01 9.971029758453369141e-01 5.365229845046997070e-01 6.146262213587760925e-02 9.806081652641296387e-01 -2.882600128650665283e-01 -7.295339554548263550e-02 -8.637549281120300293e-01 -9.975603222846984863e-01 -3.884097337722778320e-01 -1.635318994522094727e-01 -4.096922576427459717e-01 -2.096331268548965454e-01 -6.756409406661987305e-01 9.942310452461242676e-01 1.150846555829048157e-01 2.303777784109115601e-01 -5.099353790283203125e-01 9.989246129989624023e-01 -3.389061391353607178e-01 -1.089316457509994507e-01 -9.645568132400512695e-01 -9.996601343154907227e-01 -4.158596992492675781e-01 -1.518445163965225220e-01 -9.987936615943908691e-01 5.991811156272888184e-01 9.975087642669677734e-01 -9.982675313949584961e-01 2.711790800094604492e-01 -5.590602159500122070e-01 5.456576347351074219e-01 -1.263643503189086914e-01 5.139113664627075195e-01 1.937935054302215576e-01 -5.039158463478088379e-01 -3.285459280014038086e-01 9.822585582733154297e-01 -1.469305455684661865e-01 9.870281219482421875e-01 4.633993804454803467e-01 -9.332596063613891602e-01 -2.781727612018585205e-01 2.402059584856033325e-01 1.699789315462112427e-01 -4.848927259445190430e-03 5.491054654121398926e-01 -9.960404634475708008e-01 7.754642963409423828e-01 -9.995465278625488281e-01 -4.063267111778259277e-01 2.472005635499954224e-01 -9.856694340705871582e-01 -9.851225018501281738e-01 -1.795119941234588623e-01 -2.573624253273010254e-01 -6.099269539117813110e-02 -9.390842318534851074e-01 -9.996802806854248047e-01 3.349592685699462891e-01 -9.937824010848999023e-01 2.142171263694763184e-01 -9.896999001502990723e-01 6.202589869499206543e-01 -4.968611001968383789e-01 2.222097516059875488e-01 6.795522570610046387e-01 1.111249029636383057e-01 -1.274334639310836792e-01 -2.936467826366424561e-01 4.032631516456604004e-01 9.923664927482604980e-01 3.528054654598236084e-01 -5.090932175517082214e-02 1.506709158420562744e-01 8.188009262084960938e-01 -8.926724195480346680e-01 3.980832397937774658e-01 -9.967260956764221191e-01 4.094826877117156982e-01 9.996222853660583496e-01 9.983739852905273438e-01 9.902318716049194336e-01 9.982035756111145020e-01 -9.994556307792663574e-01 -3.674772679805755615e-01 4.798966646194458008e-01 6.138351559638977051e-01 9.847140908241271973e-01 2.277651429176330566e-02 5.416736006736755371e-01 -9.470750689506530762e-01 -5.050736665725708008e-02 4.074882864952087402e-01 -9.997750520706176758e-01 9.921902418136596680e-01 -2.506206631660461426e-01 4.476151466369628906e-01 6.043910980224609375e-01 9.506326168775558472e-03 5.049147829413414001e-02 -3.467408120632171631e-01 -9.837716817855834961e-01 -6.850767135620117188e-01 -2.711166739463806152e-01 -5.651744604110717773e-01 -2.340968549251556396e-01 -9.999954700469970703e-01 -5.209501981735229492e-01 -5.632504820823669434e-02 5.006315559148788452e-02 -2.861857414245605469e-01 -2.837313413619995117e-01 -1.162486243993043900e-02 5.607721209526062012e-01 9.998109340667724609e-01 -9.975056648254394531e-01 4.884477257728576660e-01 -3.552360534667968750e-01 -2.696069777011871338e-01 2.210544347763061523e-01 -2.370318397879600525e-02 1.771367490291595459e-01 9.905948042869567871e-01 2.882470786571502686e-01 -2.487593740224838257e-01 -3.349519968032836914e-01 -1.401509791612625122e-01
-8.137152194976806641e-01 3.144952356815338135e-01 -1.981489956378936768e-01 -1.457767095416784286e-02 -6.967738866806030273e-01 -9.549552798271179199e-01 9.989984035491943359e-01 -9.533565640449523926e-01 -4.497812688350677490e-02 -9.862413406372070312e-01 5.307628307491540909e-03 -9.701558351516723633e-01 -5.399260520935058594e-01 -7.992056608200073242e-01 -9.324060678482055664e-01 -3.448501825332641602e-01 -1.851317137479782104e-01 6.742680817842483521e-02 -5.220922231674194336e-01 2.098043635487556458e-02 1.734641343355178833e-01 1.528291404247283936e-01 9.978830814361572266e-01 -8.805648684501647949e-01 9.982142448425292969e-01 7.898025512695312500e-01 1.995888799428939819e-01 -2.454473227262496948e-01 -3.501652926206588745e-02 9.999333620071411133e-01 9.769572019577026367e-01 -2.941583096981048584e-01 -1.245247721672058105e-01 2.474303394556045532e-01 -5.810999274253845215e-01 -4.802657961845397949e-01 -3.878531754016876221e-01 1.153908520936965942e-01 9.950650930404663086e-01 -5.591945350170135498e-02 4.451149106025695801e-01 -1.646874696016311646e-01 2.298239618539810181e-02 -9.997726082801818848e-01 -3.525979444384574890e-02 8.451216816902160645e-01 -7.337901592254638672e-01 -1.428278442472219467e-02 -9.861774742603302002e-05 -1.117465272545814514e-02 -1.053440496325492859e-01 -2.069828957319259644e-01 9.990063905715942383e-01 1.956587731838226318e-01 8.957201242446899414e-01 -6.940610706806182861e-02 -4.423856735229492188e-02 1.937952265143394470e-02 -9.990103840827941895e-01 9.875319600105285645e-01 -4.262798428535461426e-01 1.599522978067398071e-01 9.898906350135803223e-01 7.103540748357772827e-02 1.159975975751876831e-01 -9.881185293197631836e-01 9.879063963890075684e-01 9.702349901199340820e-01 3.447132408618927002e-01 9.095754027366638184e-01 -4.555924832820892334e-01 9.978802800178527832e-01 -4.022750258445739746e-02 -9.685383439064025879e-01 -8.263584375381469727e-01 -3.339005112648010254e-01 -1.798210144042968750e-01 -8.664517998695373535e-01 5.374610424041748047e-02 -1.094984114170074463e-01 -9.689427018165588379e-01 1.208363622426986694e-01 9.990692734718322754e-01 -9.724861979484558105e-01 9.998147487640380859e-01 -9.950610995292663574e-01 1.489131301641464233e-01 -6.030200049281120300e-03 -5.246680229902267456e-03 7.303163409233093262e-02 -9.991574883460998535e-01 -2.638035118579864502e-01 3.094663619995117188e-01 -9.251501560211181641e-01 -5.584644675254821777e-01 9.870290756225585938e-01 9.918214678764343262e-01 1.356466561555862427e-01 -9.829602837562561035e-01 -3.220890462398529053e-01 -7.359703183174133301e-01 -8.944912552833557129e-01 8.150573968887329102e-01 -1.787724643945693970e-01 5.028988122940063477e-01 1.566852629184722900e-01 9.808290004730224609e-01 2.456561326980590820e-01 -3.184316679835319519e-02 -3.483445346355438232e-01 -2.227998524904251099e-01 5.908168554306030273e-01 -9.730495810508728027e-01 -9.997981786727905273e-01 -7.067253440618515015e-02 2.544368803501129150e-01 -9.686409235000610352e-01 9.625143408775329590e-01 -1.005134582519531250e-01 8.485686779022216797e-01 -4.049973189830780029e-01 -1.657458767294883728e-02 -9.983405470848083496e-01 9.770848751068115234e-01 4.775563180446624756e-01 -7.758986949920654297e-02 -9.984095096588134766e-01 -1.725579649209976196e-01 -1.611235737800598145e-01 -6.540148258209228516e-01 2.243004888296127319e-01 -5.119893550872802734e-01 9.850824475288391113e-01 4.651496186852455139e-03 -4.410721361637115479e-02 -9.877402186393737793e-01 9.924700260162353516e-01 -9.996997714042663574e-01 -5.921173840761184692e-02 -1.347372084856033325e-01 9.975082278251647949e-01 2.544884085655212402e-01 -3.089136630296707153e-02 9.887512326240539551e-01 -2.660981714725494385e-01 6.772969365119934082e-01 -9.974294900894165039e-01 8.905680775642395020e-01 9.950847029685974121e-01 -1.261816322803497314e-01 -4.191243648529052734e-01 1.358521133661270142e-01 9.979181885719299316e-01 -4.481519758701324463e-01 -1.463484764099121094e-01 -3.018729202449321747e-02 -9.995877146720886230e-01 -7.928289175033569336e-01 -2.820443511009216309e-01 3.329922258853912354e-01 1.485611349344253540e-01 4.019905999302864075e-02 5.160179138183593750e-01 -1.937058568000793457e-01 9.999869465827941895e-01 -1.233217790722846985e-01 9.121292829513549805e-02 -3.841544091701507568e-01 9.857573509216308594e-01 2.271840870380401611e-01 1.436933223158121109e-02 -9.001936912536621094e-01 -9.953406453132629395e-01 -9.999148845672607422e-01 4.134964942932128906e-01 -1.347205936908721924e-01 1.842602491378784180e-01 2.189407357946038246e-03 9.981758594512939453e-01 9.937169551849365234e-01 9.037989974021911621e-01 -2.612890303134918213e-01 9.943510293960571289e-01 -9.956439733505249023e-01 4.647532701492309570e-01 -9.022806286811828613e-01 -9.887745976448059082e-01 6.415544152259826660e-01 1.406368911266326904e-01 9.841537475585937500e-01 8.362514376640319824e-01 -9.984871745109558105e-01 7.650899291038513184e-01 3.281156420707702637e-01 9.902674555778503418e-01 1.413016468286514282e-01 -9.390380382537841797e-01 -9.999114871025085449e-01 -8.150643706321716309e-01 2.494906783103942871e-01 1.982263773679733276e-01 -1.629669666290283203e-01 9.222384095191955566e-01 4.916654825210571289e-01 -1.519299298524856567e-01 -2.473180145025253296e-01 3.764627277851104736e-01 9.976868033409118652e-01 9.878879189491271973e-01 -2.433984279632568359e-01 -2.557892501354217529e-01 -6.625248193740844727e-01 -8.571313694119453430e-03 4.506072998046875000e-01 9.994350671768188477e-01 9.954352378845214844e-01 9.664059877395629883e-01 -9.232988953590393066e-02 9.999055862426757812e-01 1.182702556252479553e-01 -8.916272521018981934e-01 2.017184793949127197e-01 5.639166831970214844e-01 4.936297237873077393e-01 -9.834506511688232422e-01 -4.012501239776611328e-01 -9.996874928474426270e-01 -2.194247990846633911e-01 9.779167771339416504e-01 9.878661632537841797e-01 3.052351623773574829e-02 3.332861959934234619e-01 1.718616783618927002e-01 3.690384626388549805e-01 9.983899593353271484e-01 2.607779800891876221e-01 9.286134243011474609e-01 -4.306659102439880371e-02 4.633595943450927734e-01 -1.035585030913352966e-01 1.513116657733917236e-01 9.998328089714050293e-01 -9.973852634429931641e-01 9.486361145973205566e-01 9.997937083244323730e-01 1.697386503219604492e-01 8.609140515327453613e-01 -1.243138909339904785e-01 -7.460919618606567383e-01 -1.097758412361145020e-01 5.458909273147583008e-01 -1.918718777596950531e-02 -5.028256773948669434e-01 -4.787878319621086121e-02 9.947082400321960449e-01 -2.607803978025913239e-02 -2.814859747886657715e-01 -9.732807278633117676e-01 -4.942031949758529663e-02 3.446532487869262695e-01 -7.296866923570632935e-02 -8.862746357917785645e-01 2.132759243249893188e-01 -9.437848925590515137e-01 -1.670304685831069946e-01 9.882635474205017090e-01 9.979932904243469238e-01 -9.921420812606811523e-01 2.127969861030578613e-01 -3.357226550579071045e-01 9.954130053520202637e-01 -1.492920964956283569e-01 -9.936662912368774414e-01 9.995356798171997070e-01 -6.440417170524597168e-01 -9.642112255096435547e-01 9.922681450843811035e-01 -2.237485535442829132e-02 3.728814721107482910e-01 2.791892886161804199e-01 -9.809948205947875977e-01 -8.872868418693542480e-01 9.701889753341674805e-01 9.951369166374206543e-01 8.179740309715270996e-01 -4.000207483768463135e-01 1.901088207960128784e-01 -3.865979611873626709e-01 -9.993410110473632812e-01 -9.998350143432617188e-01 -9.977837800979614258e-01 5.107783675193786621e-01 3.511873781681060791e-01 -9.729056358337402344e-01 9.985190629959106445e-01 -9.984381198883056641e-01 -2.967830300331115723e-01 9.895769357681274414e-01 4.226991161704063416e-02 9.674064517021179199e-01 9.259480834007263184e-01 -9.997897148132324219e-01 -9.882485270500183105e-01 9.988071918487548828e-01 -4.999784529209136963e-01 6.747105121612548828e-01 -7.053470239043235779e-03 9.789163470268249512e-01 8.597394824028015137e-01 -1.059336215257644653e-01 7.562734186649322510e-02 -7.980872988700866699e-01 3.278158605098724365e-01 9.982574582099914551e-01 2.204664945602416992e-01 -1.814750581979751587e-01 -2.215064167976379395e-01 1.194204315543174744e-01 3.866938352584838867e-01 9.947465658187866211e-01 7.729091495275497437e-02 -9.454205036163330078e-01 -2.081991434097290039e-01 -8.698456287384033203e-01 3.518858551979064941e-02 -1.669748425483703613e-01 -8.957941532135009766e-01 7.864256501197814941e-01 -9.999145269393920898e-01 -1.327309757471084595e-01 9.987348914146423340e-01 7.621832191944122314e-02 5.362363457679748535e-01 -2.247603051364421844e-02 1.129665225744247437e-01 1.800243407487869263e-01 -5.367527157068252563e-02 -1.854123622179031372e-01 -9.968690276145935059e-01 3.748132288455963135e-01 9.896906018257141113e-01 -1.997932344675064087e-01 -3.295197188854217529e-01 9.925732612609863281e-01 -9.409835934638977051e-01 8.776962161064147949e-01 9.954016804695129395e-01 9.976557493209838867e-01 3.230052590370178223e-01 9.314352869987487793e-01 4.791994988918304443e-01 -4.740097522735595703e-01 -4.890251159667968750e-01 4.388127103447914124e-02 9.999233484268188477e-01 3.270995914936065674e-01 5.354772210121154785e-01 -9.596599638462066650e-02 -2.354286015033721924e-01 1.597414016723632812e-01 9.356046319007873535e-01 -9.999008774757385254e-01 1.950429081916809082e-01 -4.820759296417236328e-01 1.318918615579605103e-01 -9.840596318244934082e-01 -9.999310374259948730e-01 -2.724929749965667725e-01 -8.308925665915012360e-03 1.106918379664421082e-01 -5.780699849128723145e-02 9.547038674354553223e-01 -4.874552190303802490e-01 5.608865618705749512e-01 -6.394665241241455078e-01 -9.999740719795227051e-01 3.455065786838531494e-01 8.802170306444168091e-02 1.041808873414993286e-01 3.144752383232116699e-01 9.785681962966918945e-01 1.719553917646408081e-01 -9.937505722045898438e-01 -1.945703625679016113e-01 9.983581900596618652e-01 9.024860262870788574e-01 3.515917360782623291e-01 2.270013652741909027e-02 9.666644930839538574e-01 -2.580862045288085938e-01 -3.461088240146636963e-01 -5.137949585914611816e-01 -9.998471140861511230e-01 -2.552238404750823975e-01 -1.974930912256240845e-01 -3.377518057823181152e-01 -1.853635460138320923e-01 -5.972765684127807617e-01 9.982116818428039551e-01 -1.910474151372909546e-01 -3.297137320041656494e-01 9.188380837440490723e-01 9.988320469856262207e-01 -4.300543963909149170e-01 -2.534601278603076935e-02 -9.892208576202392578e-01 -9.997204542160034180e-01 -4.038196504116058350e-01 1.502566188573837280e-01 -9.834528565406799316e-01 -3.744536042213439941e-01 9.801611304283142090e-01 -9.991543889045715332e-01 -3.610555231571197510e-01 -9.913936257362365723e-02 1.420248150825500488e-01 3.734795153141021729e-01 8.492760658264160156e-01 -1.017376184463500977e-01 -1.360661350190639496e-03 -2.007978409528732300e-01 6.805286407470703125e-01 6.461609899997711182e-02 9.785224795341491699e-01 4.502308070659637451e-01 -5.299662947654724121e-01 -7.439458370208740234e-02 -8.870436251163482666e-02 1.702371686697006226e-01 -8.424738422036170959e-03 2.447349131107330322e-01 -9.991505742073059082e-01 9.413625597953796387e-01 -9.999364614486694336e-01 -9.940602779388427734e-01 3.621413707733154297e-01 -9.777634143829345703e-01 -9.983147382736206055e-01 -1.187630593776702881e-01 -1.610583364963531494e-01 -6.799731403589248657e-02 -9.798511266708374023e-01 -9.962498545646667480e-01 1.584729254245758057e-01 -8.959870934486389160e-01 -9.984300732612609863e-01 -9.972186684608459473e-01 -1.544031947851181030e-01 3.974857181310653687e-02 -2.960404613986611366e-03 4.840890467166900635e-01 2.679352760314941406e-01 -7.407420128583908081e-02 9.799017906188964844e-01 1.520326584577560425e-01 9.247523546218872070e-01 5.741431713104248047e-01 4.983956739306449890e-02 -7.332023233175277710e-02 7.024616003036499023e-01 -9.769542217254638672e-01 4.298467338085174561e-01 -9.958019852638244629e-01 -1.579696834087371826e-01 9.998561143875122070e-01 9.980774521827697754e-01 9.598030447959899902e-01 9.648466706275939941e-01 -9.901614785194396973e-01 -6.204618839547038078e-04 6.449493765830993652e-01 7.427447438240051270e-01 9.953776597976684570e-01 1.878448426723480225e-01 1.642272025346755981e-01 -9.931687712669372559e-01 -8.961352705955505371e-01 5.096649527549743652e-01 -9.791920185089111328e-01 9.925006031990051270e-01 -4.468712806701660156e-01 -5.272981524467468262e-02 -1.179654896259307861e-01 -9.095595777034759521e-02 -1.162686124444007874e-01 -9.540524482727050781e-01 -9.879348874092102051e-01 -4.914573729038238525e-01 4.922429025173187256e-01 -2.146170139312744141e-01 -1.602830737829208374e-01 -9.999912381172180176e-01 -5.126026272773742676e-01 -4.708890020847320557e-01 3.986560404300689697e-01 -3.012132346630096436e-01 -1.955315321683883667e-01 3.034830093383789062e-01 -3.382267951965332031e-01 9.998719692230224609e-01 -9.908245801925659180e-01 4.002651572227478027e-01 1.439718306064605713e-01 -4.183249473571777344e-01 2.582472562789916992e-01 -9.988766908645629883e-01 -9.608338475227355957e-01 9.520258307456970215e-01 1.810249537229537964e-01 -2.240039259195327759e-01 -2.484379857778549194e-01 -3.419896066188812256e-01
-2.313950210809707642e-01 8.985044360160827637e-01 -2.326735258102416992e-01 -6.610030680894851685e-02 -4.909468591213226318e-01 -8.519662618637084961e-01 9.996596574783325195e-01 -9.925991296768188477e-01 -2.290296852588653564e-01 -8.922334313392639160e-01 -1.779394000768661499e-01 -7.792190909385681152e-01 4.104785323143005371e-01 -8.483271598815917969e-01 -4.585914909839630127e-01 -3.837392628192901611e-01 1.121716573834419250e-01 8.539405465126037598e-02 -8.066518902778625488e-01 1.086760535836219788e-01 6.244841814041137695e-01 2.544409930706024170e-01 8.489846587181091309e-01 -3.198966085910797119e-01 9.564667940139770508e-01 9.374090433120727539e-01 -8.177534490823745728e-02 -2.851023972034454346e-01 2.396119534969329834e-01 6.052299141883850098e-01 8.863057494163513184e-01 -1.578498780727386475e-01 5.122348293662071228e-02 1.048628520220518112e-02 -8.190145492553710938e-01 -6.865508556365966797e-01 -7.912820577621459961e-02 -3.841058611869812012e-01 9.912359118461608887e-01 -2.804966568946838379e-01 -2.735812403261661530e-02 -1.968252807855606079e-01 4.475544691085815430e-01 -8.679025173187255859e-01 -2.464854121208190918e-01 9.614334702491760254e-01 -9.736521840095520020e-01 -5.078439116477966309e-01 4.349343478679656982e-02 -4.420494139194488525e-01 9.035646915435791016e-01 -1.921795755624771118e-01 9.068612456321716309e-01 -2.108915001153945923e-01 -5.818954706192016602e-01 4.871356487274169922e-01 3.137494623661041260e-01 -4.062279760837554932e-01 -9.986682534217834473e-01 4.846403300762176514e-01 8.107563853263854980e-02 4.033491387963294983e-02 9.342061877250671387e-01 3.019331395626068115e-01 7.233897596597671509e-02 -9.956516027450561523e-01 9.731711149215698242e-01 3.069130331277847290e-02 -2.023105025291442871e-01 9.115366339683532715e-01 6.485454440116882324e-01 9.996719360351562500e-01 -7.458370327949523926e-01 -9.603568315505981445e-01 -5.374847054481506348e-01 1.043005362153053284e-01 1.604381203651428223e-02 -4.343884885311126709e-01 1.137036681175231934e-01 -2.460994422435760498e-01 -9.990191459655761719e-01 -2.000153660774230957e-01 9.979180693626403809e-01 -4.492193832993507385e-02 6.445891261100769043e-01 -8.773292303085327148e-01 -2.006984055042266846e-01 -4.045721609145402908e-03 -5.650011301040649414e-01 2.879371047019958496e-01 -7.300528287887573242e-01 1.085137482732534409e-03 5.318602323532104492e-01 -7.763334512710571289e-01 -9.258773922920227051e-01 6.848312616348266602e-01 9.827759861946105957e-01 -3.690002262592315674e-01 -9.821465015411376953e-01 -2.263546735048294067e-01 -7.604505419731140137e-01 -9.846251010894775391e-01 2.388894259929656982e-01 -1.954624429345130920e-02 1.511795967817306519e-01 7.854162156581878662e-02 8.467153906822204590e-01 4.603840708732604980e-01 -1.053309887647628784e-01 9.943916648626327515e-02 -1.092544049024581909e-01 2.923730909824371338e-01 -9.849894046783447266e-01 -8.489338159561157227e-01 -3.825886547565460205e-01 3.987401425838470459e-01 -9.697734713554382324e-01 6.988233923912048340e-01 1.632890701293945312e-01 9.687311649322509766e-01 -6.711530685424804688e-01 -3.585330843925476074e-01 -8.909690976142883301e-01 9.917283058166503906e-01 2.580798976123332977e-02 -1.059949621558189392e-01 -9.016669392585754395e-01 -3.831202387809753418e-01 -2.868075966835021973e-01 -4.923287630081176758e-01 9.177311062812805176e-01 9.277940392494201660e-01 9.015262722969055176e-01 2.169115841388702393e-01 4.810552000999450684e-01 -8.795461654663085938e-01 7.482004165649414062e-01 -9.346971511840820312e-01 1.229013949632644653e-01 2.046261429786682129e-01 9.990441203117370605e-01 1.113473251461982727e-01 -3.974636793136596680e-01 6.676673293113708496e-01 -4.499557912349700928e-01 -6.815769076347351074e-01 -9.475380182266235352e-01 6.636196970939636230e-01 2.650767266750335693e-01 -7.929609715938568115e-02 -6.297843456268310547e-01 -6.382387131452560425e-02 7.854963541030883789e-01 -6.208196282386779785e-01 1.240108087658882141e-01 -3.924324810504913330e-01 -7.424961328506469727e-01 4.611214995384216309e-01 -7.367385923862457275e-02 5.216279029846191406e-01 -3.291760683059692383e-01 1.013710573315620422e-01 6.511444598436355591e-02 -6.600080132484436035e-01 9.998297691345214844e-01 -3.937539458274841309e-01 -5.336499810218811035e-01 -4.643449485301971436e-01 9.881814718246459961e-01 3.440624475479125977e-01 2.689800560474395752e-01 -9.921176433563232422e-01 -9.933451414108276367e-01 -6.880433559417724609e-01 2.385146468877792358e-01 2.959044873714447021e-01 8.072329163551330566e-01 -1.338361799716949463e-01 9.956832528114318848e-01 9.903638362884521484e-01 9.687423706054687500e-01 -7.833759486675262451e-02 9.988067150115966797e-01 -8.787113428115844727e-01 9.472797513008117676e-01 -9.862141609191894531e-01 -9.280734062194824219e-01 9.677272439002990723e-01 5.196222662925720215e-01 2.666724920272827148e-01 8.339580893516540527e-01 -9.697142243385314941e-01 -7.767842411994934082e-01 -3.368147611618041992e-01 9.042329192161560059e-01 -3.926887363195419312e-02 -8.729820847511291504e-01 -7.392778396606445312e-01 -8.325281143188476562e-01 3.929282128810882568e-01 2.538520656526088715e-02 -3.694660663604736328e-01 1.737178117036819458e-01 5.554552674293518066e-01 -1.211786195635795593e-01 3.331518471240997314e-01 -4.010567441582679749e-02 9.807144403457641602e-01 7.394942045211791992e-01 -4.656202495098114014e-01 -8.194647431373596191e-01 5.761020779609680176e-01 2.130097299814224243e-01 4.855230450630187988e-01 8.607304096221923828e-01 -4.059488773345947266e-01 4.706672132015228271e-01 8.835594654083251953e-01 6.796933412551879883e-01 5.591456964612007141e-02 -8.644117116928100586e-01 -9.201674908399581909e-02 -7.640413641929626465e-01 6.772350668907165527e-01 -3.148461878299713135e-01 1.270053833723068237e-01 -8.741948008537292480e-01 -3.641700744628906250e-01 8.225722312927246094e-01 9.993441104888916016e-01 1.120562925934791565e-01 4.693402349948883057e-01 -2.524686455726623535e-01 4.624168574810028076e-01 8.993276357650756836e-01 4.443866014480590820e-01 -6.999918222427368164e-01 -4.581698477268218994e-01 6.086221933364868164e-01 2.234579026699066162e-01 9.611275196075439453e-01 9.993778467178344727e-01 5.966953635215759277e-01 9.031413197517395020e-01 9.752491712570190430e-01 2.115762680768966675e-01 7.039912939071655273e-01 4.715216159820556641e-01 -5.854395627975463867e-01 -1.945326477289199829e-01 6.574027538299560547e-01 -3.035726249217987061e-01 -1.973653286695480347e-01 4.328140914440155029e-01 9.989329576492309570e-01 -5.699033737182617188e-01 1.105333268642425537e-01 -9.993880987167358398e-01 -5.884733796119689941e-01 7.649959325790405273e-01 -4.420553445816040039e-01 -5.554751157760620117e-01 -1.162809506058692932e-01 -9.816453456878662109e-01 3.152994513511657715e-01 8.775079846382141113e-01 9.491640925407409668e-01 -9.932134747505187988e-01 -7.687506079673767090e-02 -1.956595927476882935e-01 8.186753988265991211e-01 -8.867423236370086670e-02 -9.849625229835510254e-01 9.971770048141479492e-01 -6.504789590835571289e-01 -9.342202544212341309e-01 9.412162303924560547e-01 5.535688996315002441e-01 8.156551718711853027e-01 5.065464377403259277e-01 -9.963592886924743652e-01 -8.949563503265380859e-01 8.017042875289916992e-01 9.510039091110229492e-01 9.915886521339416504e-01 -3.231750130653381348e-01 9.823768585920333862e-02 4.361349940299987793e-01 -9.823054075241088867e-01 -9.990648627281188965e-01 -8.853590488433837891e-01 7.049980759620666504e-01 3.524879813194274902e-01 -9.693689346313476562e-01 9.112511873245239258e-01 -9.737811088562011719e-01 -4.070560634136199951e-01 4.952962994575500488e-01 -2.127489447593688965e-01 9.951902627944946289e-01 9.776137471199035645e-01 -9.958629012107849121e-01 7.070004940032958984e-02 9.291605949401855469e-01 -3.353256583213806152e-01 8.585154414176940918e-01 -2.667737901210784912e-01 8.584194779396057129e-01 -3.455827534198760986e-01 1.237644776701927185e-01 -9.062650054693222046e-02 -4.070160388946533203e-01 4.547699987888336182e-01 9.339031577110290527e-01 8.082986623048782349e-02 -1.384319961071014404e-01 1.119243726134300232e-01 1.933200806379318237e-01 5.611208677291870117e-01 9.836268424987792969e-01 -7.797306776046752930e-02 -4.016952514648437500e-01 -1.029838845133781433e-01 4.922744929790496826e-01 -5.798299238085746765e-02 -3.115427196025848389e-01 -9.864268302917480469e-01 4.499256908893585205e-01 -6.125550270080566406e-01 -6.652301549911499023e-01 9.563537240028381348e-01 -3.498288691043853760e-01 -6.761286407709121704e-02 -6.525345444679260254e-01 8.869864046573638916e-02 1.577690839767456055e-01 -1.979634463787078857e-01 3.034746348857879639e-01 -9.042328596115112305e-01 5.810878798365592957e-02 9.932972192764282227e-01 -3.959486186504364014e-01 -4.199171960353851318e-01 9.929938316345214844e-01 -7.627058029174804688e-01 8.068386316299438477e-01 2.804028689861297607e-01 9.948295950889587402e-01 6.294112652540206909e-02 9.609000086784362793e-01 7.204598188400268555e-01 8.368135243654251099e-02 9.607703685760498047e-01 1.410334408283233643e-01 6.850176453590393066e-01 -3.141790628433227539e-02 -2.829456329345703125e-01 2.882160991430282593e-02 -3.828159570693969727e-01 3.083283901214599609e-01 -7.415308952331542969e-01 -5.666810274124145508e-01 -2.264441698789596558e-01 -4.293200671672821045e-01 -3.577369153499603271e-01 -9.723393917083740234e-01 -6.912028789520263672e-01 6.603180766105651855e-01 4.431019425392150879e-01 5.896385908126831055e-01 -2.383869439363479614e-01 9.044072031974792480e-01 -6.532970666885375977e-01 4.818104207515716553e-01 1.521425843238830566e-01 -9.911626577377319336e-01 3.131848573684692383e-01 5.087491869926452637e-01 -1.927452683448791504e-01 -1.248895823955535889e-01 -4.802897870540618896e-01 4.148680567741394043e-01 -9.575663208961486816e-01 1.921230703592300415e-01 9.493629336357116699e-01 7.540481090545654297e-01 5.636690855026245117e-01 -2.871422469615936279e-01 9.508322477340698242e-01 -1.338136196136474609e-01 -2.166692167520523071e-01 -2.611834406852722168e-01 -9.975506067276000977e-01 2.058466821908950806e-01 -2.982517480850219727e-01 -5.092411637306213379e-01 1.131785586476325989e-01 -6.076170206069946289e-01 9.850997328758239746e-01 -3.955921903252601624e-02 2.048233747482299805e-01 -7.592264413833618164e-01 7.120980024337768555e-01 -6.380778551101684570e-01 3.633033931255340576e-01 -9.902894496917724609e-01 -6.657065153121948242e-01 7.450904697179794312e-02 4.947071671485900879e-01 -9.964895844459533691e-01 8.815079331398010254e-01 9.838494062423706055e-01 -9.889842271804809570e-01 -1.272847056388854980e-01 -6.570919752120971680e-01 5.365520119667053223e-01 2.277517318725585938e-01 -8.986217975616455078e-01 -8.557764291763305664e-01 2.217642068862915039e-01 -5.063298344612121582e-01 9.291299581527709961e-01 2.229844927787780762e-01 9.430592060089111328e-01 5.914877653121948242e-01 -9.745281338691711426e-01 -1.995617151260375977e-01 5.605273246765136719e-01 1.227419227361679077e-01 -1.886821091175079346e-01 6.071982383728027344e-01 -9.987925887107849121e-01 3.420674800872802734e-02 -9.989071488380432129e-01 -9.706428050994873047e-01 5.095582604408264160e-01 -6.998630166053771973e-01 4.385006129741668701e-01 1.965153813362121582e-01 -3.553929626941680908e-01 5.942136421799659729e-02 -9.191148281097412109e-01 -9.951222538948059082e-01 1.991155296564102173e-01 -9.005523324012756348e-01 -3.440886139869689941e-01 -9.987767934799194336e-01 4.367122650146484375e-01 -3.563918769359588623e-01 4.110182821750640869e-01 5.837711691856384277e-01 2.350694537162780762e-01 3.987686336040496826e-01 8.131336569786071777e-01 5.698175430297851562e-01 9.977275133132934570e-01 4.652819037437438965e-01 -1.298343241214752197e-01 3.289785683155059814e-01 7.760863900184631348e-01 -9.558338522911071777e-01 4.355337917804718018e-01 -9.864974021911621094e-01 2.021167278289794922e-01 5.538413524627685547e-01 9.787081480026245117e-01 7.791458964347839355e-01 9.987261295318603516e-01 -9.998936653137207031e-01 -5.573265999555587769e-02 6.506963372230529785e-01 -2.132691442966461182e-02 2.754928171634674072e-01 -1.575131267309188843e-01 3.418164253234863281e-01 -9.281838536262512207e-01 -8.199530839920043945e-01 4.310024976730346680e-01 -9.965512156486511230e-01 9.568507075309753418e-01 1.076980009675025940e-01 1.206850782036781311e-01 5.266720056533813477e-01 5.466808080673217773e-01 3.739738762378692627e-01 -9.851138591766357422e-01 -8.096424341201782227e-01 -8.748394846916198730e-01 -2.376226931810379028e-01 -3.585644960403442383e-01 -2.615990042686462402e-01 -9.998969435691833496e-01 -6.750371456146240234e-01 -7.161745429039001465e-01 5.488843917846679688e-01 -5.363010168075561523e-01 1.777068525552749634e-01 3.844203054904937744e-01 7.993302345275878906e-01 9.993134737014770508e-01 -9.862846136093139648e-01 3.002340719103813171e-02 3.193070590496063232e-01 -9.540670365095138550e-02 3.480510115623474121e-01 -6.379567384719848633e-01 -1.947624832391738892e-01 6.169431209564208984e-01 6.726443767547607422e-01 -1.069085448980331421e-01 -5.858289003372192383e-01 -8.446287512779235840e-01
-8.126479387283325195e-01 3.775825500488281250e-01 -7.920383661985397339e-02 1.162461116909980774e-01 -4.345902204513549805e-01 -4.330874979496002197e-01 9.974406361579895020e-01 -9.981018304824829102e-01 -3.891129195690155029e-01 -9.945244789123535156e-01 -2.764452435076236725e-02 -9.070891737937927246e-01 -6.732946634292602539e-01 -9.936929345130920410e-01 -6.652809381484985352e-01 2.351358905434608459e-02 9.043770283460617065e-02 2.477856427431106567e-01 -6.717825531959533691e-01 7.994418963789939880e-03 5.944154858589172363e-01 2.130183130502700806e-01 9.473886489868164062e-01 2.204612046480178833e-01 9.994053244590759277e-01 9.419812560081481934e-01 -3.384979069232940674e-01 -6.102393940091133118e-02 1.655195802450180054e-01 6.987571120262145996e-01 9.995225667953491211e-01 8.854795247316360474e-02 4.707019776105880737e-02 -1.484275013208389282e-01 -9.586088657379150391e-01 -3.632389605045318604e-01 1.798173785209655762e-01 -2.518488764762878418e-01 9.979556202888488770e-01 -2.458755522966384888e-01 3.274883627891540527e-01 1.900898069143295288e-01 4.639365673065185547e-01 -9.854134917259216309e-01 1.438557505607604980e-01 8.557373881340026855e-01 -9.968189001083374023e-01 -4.421141743659973145e-01 3.473978638648986816e-01 -1.493918150663375854e-01 6.165407896041870117e-01 1.162589490413665771e-01 9.877797365188598633e-01 -3.172076046466827393e-01 -5.383607745170593262e-01 2.841893136501312256e-01 -8.277033339254558086e-04 -5.838832855224609375e-01 -9.993972182273864746e-01 6.804403662681579590e-01 -4.105939865112304688e-01 -1.261478811502456665e-01 9.067007899284362793e-01 2.186930626630783081e-01 2.901162207126617432e-01 -9.796452522277832031e-01 9.960495233535766602e-01 4.123451113700866699e-01 2.061010599136352539e-01 9.543740153312683105e-01 8.754195570945739746e-01 9.998827576637268066e-01 -8.282039165496826172e-01 -9.232735037803649902e-01 -9.839445352554321289e-01 -3.335159271955490112e-02 -4.140338301658630371e-02 -4.582887589931488037e-01 7.795096933841705322e-02 -8.476633578538894653e-02 -9.955445528030395508e-01 -2.234768271446228027e-01 9.961228370666503906e-01 -4.366490542888641357e-01 7.290988564491271973e-01 -9.568980336189270020e-01 1.369392126798629761e-02 4.295276999473571777e-01 -2.804554998874664307e-01 8.885746449232101440e-02 -8.911957740783691406e-01 -1.272126585245132446e-01 1.145941168069839478e-01 -9.931080341339111328e-01 -5.598727464675903320e-01 8.822275400161743164e-01 9.906698465347290039e-01 -1.438894271850585938e-01 -9.989890456199645996e-01 1.474540531635284424e-01 -8.158069252967834473e-01 -7.448409199714660645e-01 3.404525816440582275e-01 -8.562766015529632568e-03 -8.065330795943737030e-03 5.062188953161239624e-02 5.785978436470031738e-01 3.893552124500274658e-01 -2.447088509798049927e-01 -3.304289281368255615e-01 -1.259948611259460449e-01 6.170485615730285645e-01 -9.980083703994750977e-01 -9.160124659538269043e-01 -2.492749243974685669e-01 4.525357186794281006e-01 -9.902688264846801758e-01 7.122772336006164551e-01 -2.417661249637603760e-02 9.383412003517150879e-01 9.478814154863357544e-02 -3.938410878181457520e-01 -9.219627380371093750e-01 9.859440922737121582e-01 -3.790175616741180420e-01 -4.863452315330505371e-01 -9.957779049873352051e-01 1.205760762095451355e-01 -3.975479304790496826e-01 -1.265195906162261963e-01 5.889816880226135254e-01 8.810724020004272461e-01 7.789334654808044434e-01 2.245711535215377808e-01 4.027065634727478027e-01 -9.792029857635498047e-01 9.413154721260070801e-01 -9.727931022644042969e-01 -3.781924843788146973e-01 3.176883161067962646e-01 9.967411160469055176e-01 1.409393399953842163e-01 -1.294317841529846191e-01 9.666508436203002930e-01 -2.190045267343521118e-01 -6.863242983818054199e-01 -9.824035763740539551e-01 9.377571344375610352e-01 1.582474261522293091e-01 -2.537045478820800781e-01 -3.944395780563354492e-01 -8.900219202041625977e-02 9.098801016807556152e-01 -4.804643690586090088e-01 2.330427914857864380e-01 -2.151084318757057190e-02 -7.203181982040405273e-01 -7.504652142524719238e-01 3.657455444335937500e-01 3.008119761943817139e-01 3.383790552616119385e-01 -1.407676259987056255e-03 2.723037637770175934e-02 -4.482714533805847168e-01 9.999035596847534180e-01 -2.606086432933807373e-01 -3.951710760593414307e-01 -5.849140882492065430e-01 9.834030270576477051e-01 9.184404611587524414e-01 1.947952955961227417e-01 -4.695645570755004883e-01 -9.893127083778381348e-01 -6.746263504028320312e-01 3.607480525970458984e-01 3.896496817469596863e-02 8.571023344993591309e-01 2.643078267574310303e-01 9.901601076126098633e-01 9.974657297134399414e-01 9.838430285453796387e-01 -4.678395688533782959e-01 9.765059351921081543e-01 -6.721265912055969238e-01 9.851716160774230957e-01 -9.469577074050903320e-01 -8.117557764053344727e-01 9.565832614898681641e-01 3.461504578590393066e-01 7.382272481918334961e-01 6.407525539398193359e-01 -9.987398982048034668e-01 9.358670115470886230e-01 -1.628840118646621704e-01 9.366478323936462402e-01 5.996635300107300282e-04 -6.777539849281311035e-01 -9.004512429237365723e-01 -9.659767746925354004e-01 1.536298077553510666e-02 -1.901440322399139404e-02 -2.579615712165832520e-01 -3.687480390071868896e-01 4.107718467712402344e-01 3.745619654655456543e-01 -3.413419127464294434e-01 -3.851479664444923401e-02 9.917753338813781738e-01 9.683037400245666504e-01 -1.369200646877288818e-01 -4.641810059547424316e-01 4.039485752582550049e-01 -5.180088430643081665e-02 5.126113295555114746e-01 9.587468504905700684e-01 2.316635400056838989e-01 1.198444813489913940e-01 8.698338866233825684e-01 7.174795269966125488e-01 1.177402362227439880e-01 -8.406010866165161133e-01 -3.932088315486907959e-01 4.291309118270874023e-01 5.042735934257507324e-01 -8.686522841453552246e-01 2.628823220729827881e-01 -9.469600319862365723e-01 -3.754054307937622070e-01 9.043501019477844238e-01 9.865457415580749512e-01 -1.309625059366226196e-01 3.169168233871459961e-01 -2.901424467563629150e-01 3.516686856746673584e-01 9.306542277336120605e-01 2.684477269649505615e-01 6.316384077072143555e-01 3.287567989900708199e-03 1.740669161081314087e-01 3.759812414646148682e-01 8.574510216712951660e-01 9.997492432594299316e-01 -4.147596657276153564e-01 5.523699149489402771e-02 9.836789965629577637e-01 7.388025522232055664e-02 9.878778457641601562e-01 1.674114726483821869e-02 -7.219121456146240234e-01 1.431166543625295162e-03 4.010374546051025391e-01 6.635933369398117065e-02 -2.541179656982421875e-01 3.311712741851806641e-01 9.984275102615356445e-01 -2.972761690616607666e-01 -9.734052419662475586e-02 -9.969937801361083984e-01 -7.847720384597778320e-01 7.630780339241027832e-01 -2.725112140178680420e-01 -4.018706083297729492e-01 -6.958752125501632690e-02 -2.743467092514038086e-01 2.504406869411468506e-01 9.337516427040100098e-01 9.335835576057434082e-01 -9.980425834655761719e-01 3.957122191786766052e-02 -5.447992682456970215e-01 9.947366714477539062e-01 -3.881954252719879150e-01 -9.811531901359558105e-01 9.982826113700866699e-01 -6.555654406547546387e-01 -9.898904561996459961e-01 9.615272283554077148e-01 4.490100443363189697e-01 8.709057569503784180e-01 1.876297891139984131e-01 -9.978374242782592773e-01 -7.278827428817749023e-01 8.091471195220947266e-01 9.171206355094909668e-01 9.871992468833923340e-01 -2.586798667907714844e-01 6.250587850809097290e-02 3.540678620338439941e-01 -9.966836571693420410e-01 -9.999920725822448730e-01 -9.957603812217712402e-01 2.265780866146087646e-01 -2.515883930027484894e-02 -9.397150278091430664e-01 9.214723706245422363e-01 -9.925436377525329590e-01 -8.248654752969741821e-02 9.289727807044982910e-01 -4.822357594966888428e-01 9.919307827949523926e-01 9.427685737609863281e-01 -9.941241145133972168e-01 3.069836832582950592e-02 9.831342101097106934e-01 -5.493366718292236328e-01 5.937978029251098633e-01 2.131380885839462280e-01 9.917078614234924316e-01 7.928586602210998535e-01 6.250848174095153809e-01 -1.074345782399177551e-02 -9.969254136085510254e-01 6.503231525421142578e-01 9.657347202301025391e-01 2.294352799654006958e-01 4.773284122347831726e-02 -1.980977654457092285e-01 3.778430223464965820e-01 4.108057022094726562e-01 9.940295815467834473e-01 3.090417198836803436e-02 -7.121618986129760742e-01 -4.204080626368522644e-02 -1.389119923114776611e-01 5.732677876949310303e-02 -3.249619901180267334e-01 -9.210473299026489258e-01 4.254438281059265137e-01 -7.543452382087707520e-01 -6.914937496185302734e-01 9.925631284713745117e-01 -1.994808316230773926e-01 3.847688138484954834e-01 6.767271757125854492e-01 1.832187622785568237e-01 2.483868002891540527e-01 4.076917469501495361e-01 -4.280191361904144287e-01 -8.662699460983276367e-01 3.983294591307640076e-02 9.994013309478759766e-01 -5.720403790473937988e-01 -4.739815890789031982e-01 8.834423422813415527e-01 -7.339718341827392578e-01 8.780803084373474121e-01 6.030817627906799316e-01 9.995233416557312012e-01 -2.650609910488128662e-01 7.163733839988708496e-01 6.601717472076416016e-01 2.650718986988067627e-01 8.239961862564086914e-01 -4.304562211036682129e-01 7.064605951309204102e-01 -1.134552657604217529e-01 6.170495180413126945e-04 -1.700535118579864502e-01 -4.064244031906127930e-01 -2.434426546096801758e-02 -3.299827873706817627e-01 -6.440902948379516602e-01 -1.763918846845626831e-01 -3.429842740297317505e-02 -1.629236489534378052e-01 -8.046773672103881836e-01 -6.626168489456176758e-01 4.574562609195709229e-01 6.434955000877380371e-01 1.505686789751052856e-01 -3.319377899169921875e-01 9.870178103446960449e-01 -3.980036973953247070e-01 4.334779679775238037e-01 7.383319735527038574e-01 -9.975748658180236816e-01 1.643367558717727661e-01 3.731497228145599365e-01 -4.031463563442230225e-01 -5.032327175140380859e-01 -6.056541800498962402e-01 2.693117596209049225e-03 -9.589019417762756348e-01 2.101131230592727661e-01 9.533107280731201172e-01 -5.502044558525085449e-01 3.688389360904693604e-01 5.835857708007097244e-03 8.273218870162963867e-01 -4.656169116497039795e-01 -2.332562357187271118e-01 -6.875448822975158691e-01 -9.999219775199890137e-01 -2.698743641376495361e-01 -2.524707019329071045e-01 -4.729544818401336670e-01 1.359599977731704712e-01 -6.199274063110351562e-01 9.021014571189880371e-01 1.672995984554290771e-01 -2.386549673974514008e-02 -5.811527967453002930e-01 7.527931928634643555e-01 -3.333561122417449951e-01 8.997023105621337891e-01 -9.399334788322448730e-01 -6.666834354400634766e-01 -4.310932159423828125e-01 3.174882829189300537e-01 -9.877353906631469727e-01 -4.041386246681213379e-01 9.781497120857238770e-01 -6.417260169982910156e-01 -5.677039176225662231e-02 -1.651052683591842651e-01 4.219244420528411865e-01 2.602155879139900208e-02 -6.361174583435058594e-01 -7.256388068199157715e-01 4.819237589836120605e-01 -4.719769358634948730e-01 8.475717902183532715e-01 7.708132266998291016e-02 9.414266943931579590e-01 2.092465013265609741e-01 -8.421493172645568848e-01 -3.052617311477661133e-01 5.552150011062622070e-01 3.279756903648376465e-01 -1.521852910518646240e-01 3.766050934791564941e-01 -9.986395835876464844e-01 7.663835883140563965e-01 -9.993674755096435547e-01 -9.965262413024902344e-01 3.631481155753135681e-02 -8.375831246376037598e-01 -3.895408213138580322e-01 -2.221096605062484741e-01 -5.865043997764587402e-01 5.127942562103271484e-02 -9.954474568367004395e-01 -9.337580204010009766e-01 -1.535743027925491333e-01 -9.734927415847778320e-01 -6.921428442001342773e-01 -9.924287199974060059e-01 6.436438560485839844e-01 -2.577663362026214600e-01 3.048289418220520020e-01 3.630414605140686035e-01 -1.277959644794464111e-01 -1.423825696110725403e-02 9.822783470153808594e-01 5.252918601036071777e-01 9.251236319541931152e-01 3.304719924926757812e-01 2.016336172819137573e-01 2.214603275060653687e-01 9.878376126289367676e-01 -7.073051929473876953e-01 4.611315131187438965e-01 -9.911847710609436035e-01 -3.984320908784866333e-02 7.390110492706298828e-01 9.990208148956298828e-01 5.840384960174560547e-01 9.803757071495056152e-01 -9.980390667915344238e-01 -2.742260694503784180e-01 5.235444307327270508e-01 -9.169000387191772461e-01 4.884819388389587402e-01 7.059286534786224365e-02 3.940745294094085693e-01 -7.826054692268371582e-01 -4.088914394378662109e-01 8.778417855501174927e-02 -9.791856408119201660e-01 9.890930056571960449e-01 3.467070758342742920e-01 2.979572415351867676e-01 7.663445919752120972e-02 3.590570688247680664e-01 1.453164070844650269e-01 -9.578088521957397461e-01 -7.603699564933776855e-01 -2.880381345748901367e-01 3.338882625102996826e-01 -3.706538081169128418e-01 5.684403702616691589e-02 -9.999683499336242676e-01 -7.380870636552572250e-03 -8.194526433944702148e-01 3.722337186336517334e-01 -2.195336967706680298e-01 -2.512201666831970215e-01 1.352436933666467667e-02 2.337765395641326904e-01 9.999330043792724609e-01 -9.345588088035583496e-01 1.852684617042541504e-01 1.885858178138732910e-01 -6.008176207542419434e-01 1.606091409921646118e-01 -7.485113143920898438e-01 -3.372835516929626465e-01 4.037758409976959229e-01 2.756049633026123047e-01 1.769959777593612671e-01 -2.615545392036437988e-01 -6.286317706108093262e-01
-5.120598673820495605e-01 3.319805860519409180e-01 -7.356403023004531860e-02 -3.489832207560539246e-02 -4.755961298942565918e-01 6.114784479141235352e-01 9.996919631958007812e-01 -9.989869594573974609e-01 -1.455306410789489746e-01 -9.855675101280212402e-01 -2.277630418539047241e-01 -9.932715892791748047e-01 3.842534720897674561e-01 -9.127839803695678711e-01 -4.233250916004180908e-01 -1.762185841798782349e-01 -9.112520515918731689e-02 3.845482170581817627e-01 -5.541892051696777344e-01 -1.073739454150199890e-01 4.747701287269592285e-01 1.035308837890625000e-01 6.102142333984375000e-01 -4.758162498474121094e-01 9.944984912872314453e-01 9.148791432380676270e-01 -9.552365541458129883e-02 -2.538463771343231201e-01 -2.596442699432373047e-01 7.569997906684875488e-01 9.980708956718444824e-01 1.209007110446691513e-02 -8.901008218526840210e-02 -1.859683990478515625e-01 -9.545904397964477539e-01 -3.402983546257019043e-01 -2.061229944229125977e-01 -2.317540347576141357e-01 9.996202588081359863e-01 -1.479349881410598755e-01 3.201167285442352295e-01 -3.326284885406494141e-01 2.492478936910629272e-01 -9.929809570312500000e-01 -3.122447729110717773e-01 8.508378863334655762e-01 -9.996976852416992188e-01 -3.749426007270812988e-01 -8.744814991950988770e-01 -1.763808429241180420e-01 9.041780829429626465e-01 1.034936215728521347e-02 9.843980073928833008e-01 -4.417808949947357178e-01 -3.577463626861572266e-01 2.299541682004928589e-01 1.998647898435592651e-01 -3.091868758201599121e-01 -9.977717399597167969e-01 1.288318485021591187e-01 -2.043722718954086304e-01 2.305642664432525635e-01 9.828842878341674805e-01 2.410592138767242432e-01 2.558849751949310303e-02 -9.988747835159301758e-01 9.910222887992858887e-01 2.866595685482025146e-01 -6.597210466861724854e-02 9.641838073730468750e-01 8.556501865386962891e-01 9.999102354049682617e-01 -9.044614434242248535e-01 -6.081602573394775391e-01 -9.757406711578369141e-01 -2.210122533142566681e-02 1.840228289365768433e-01 8.144353032112121582e-01 2.342228591442108154e-01 7.102758437395095825e-02 -9.998606443405151367e-01 -1.503231674432754517e-01 9.970572590827941895e-01 2.417885363101959229e-01 8.502145409584045410e-01 -9.871901869773864746e-01 -9.574076533317565918e-02 4.490262642502784729e-02 -1.717452555894851685e-01 2.570334672927856445e-01 -9.301284551620483398e-01 2.117696218192577362e-02 4.382359087467193604e-01 -8.495824337005615234e-01 -9.038760662078857422e-01 3.310641944408416748e-01 9.489515423774719238e-01 -1.812427639961242676e-01 -9.979604482650756836e-01 -2.856458425521850586e-01 2.148676067590713501e-01 -9.931089282035827637e-01 -7.874724268913269043e-01 6.991963088512420654e-02 1.784458011388778687e-01 1.147478725761175156e-02 5.300704240798950195e-01 3.536628186702728271e-01 -1.343515962362289429e-01 -6.598758697509765625e-01 -4.103310704231262207e-01 4.591362476348876953e-01 -9.819684624671936035e-01 -9.511272907257080078e-01 -4.538471102714538574e-01 2.337495833635330200e-01 -9.891908168792724609e-01 9.508574008941650391e-01 3.328962028026580811e-01 9.335175156593322754e-01 -8.372978568077087402e-01 -3.094288110733032227e-01 -9.088955521583557129e-01 9.683421254158020020e-01 2.271201461553573608e-02 -9.749859571456909180e-02 -9.833267927169799805e-01 -4.107216596603393555e-01 -2.228059619665145874e-02 -4.859372675418853760e-01 9.851144552230834961e-01 8.194051384925842285e-01 9.450135231018066406e-01 9.304077923297882080e-02 3.088345825672149658e-01 -9.510480165481567383e-01 2.620923817157745361e-01 -9.816524982452392578e-01 7.143260240554809570e-01 2.487822622060775757e-01 9.996958374977111816e-01 6.172089837491512299e-03 -2.811159491539001465e-01 5.599524378776550293e-01 -1.691301316022872925e-01 8.828891515731811523e-01 -9.788525104522705078e-01 9.682668447494506836e-01 -2.755750417709350586e-01 2.015529572963714600e-01 -3.671296536922454834e-01 -2.864375412464141846e-01 4.990381598472595215e-01 -4.336962401866912842e-01 -1.676705330610275269e-01 -4.860032200813293457e-01 -7.549079060554504395e-01 5.636890530586242676e-01 8.178278803825378418e-02 6.967264413833618164e-01 1.006921082735061646e-01 -2.675789175555109978e-03 1.257311552762985229e-01 -4.446555376052856445e-01 9.999762773513793945e-01 -4.070480465888977051e-01 -1.617126911878585815e-01 -4.379339814186096191e-01 9.899905920028686523e-01 7.262051701545715332e-01 -1.534732133150100708e-01 -9.368815422058105469e-01 -9.978877902030944824e-01 -7.680225968360900879e-01 3.670091032981872559e-01 2.294293195009231567e-01 9.006626009941101074e-01 1.577104330062866211e-01 9.825596809387207031e-01 9.847816228866577148e-01 9.691886901855468750e-01 -1.785533726215362549e-01 9.992416501045227051e-01 -8.984127044677734375e-01 9.365782737731933594e-01 -9.193807840347290039e-01 -9.802083373069763184e-01 9.807828664779663086e-01 1.944613158702850342e-01 5.483022332191467285e-01 8.756532073020935059e-01 -8.984898924827575684e-01 -3.803402781486511230e-01 -4.248724281787872314e-01 9.755719900131225586e-01 -2.829596400260925293e-01 -6.188408732414245605e-01 -9.189440011978149414e-01 -9.330748915672302246e-01 3.216480314731597900e-01 4.955513402819633484e-02 -2.065636366605758667e-01 3.519669771194458008e-01 3.868179619312286377e-01 -3.483819365501403809e-01 1.256094574928283691e-01 1.038275137543678284e-01 9.952806234359741211e-01 9.865525960922241211e-01 -1.728926151990890503e-01 -7.083747386932373047e-01 -2.213120311498641968e-01 1.490718871355056763e-01 5.691699385643005371e-01 9.733198285102844238e-01 -9.018141627311706543e-01 8.455479145050048828e-01 9.632741212844848633e-01 7.893926501274108887e-01 3.577322512865066528e-02 -8.774112462997436523e-01 1.297844499349594116e-01 -9.860550761222839355e-01 2.996692061424255371e-01 -6.341339945793151855e-01 -9.222032427787780762e-01 -9.759337306022644043e-01 -6.453947722911834717e-02 9.677871465682983398e-01 9.919425845146179199e-01 -2.333444356918334961e-01 3.150462210178375244e-01 -4.366336017847061157e-02 3.946250379085540771e-01 9.484953284263610840e-01 -5.386509373784065247e-02 -8.506126999855041504e-01 -3.319874405860900879e-01 5.135704278945922852e-01 -4.516427218914031982e-02 9.904127717018127441e-01 9.992914795875549316e-01 -5.142852663993835449e-01 9.624330401420593262e-01 9.611199498176574707e-01 1.855489425361156464e-02 5.705555081367492676e-01 3.643192648887634277e-01 -5.401020646095275879e-01 1.307248175144195557e-01 4.475387036800384521e-01 2.581775188446044922e-04 -9.451483190059661865e-02 4.317962527275085449e-01 9.984574913978576660e-01 -1.582968831062316895e-01 2.069552540779113770e-01 -9.870944619178771973e-01 -5.538006424903869629e-01 8.481084704399108887e-01 -5.490247011184692383e-01 -9.802679419517517090e-01 3.027257323265075684e-01 -7.202515006065368652e-01 2.340364158153533936e-01 8.364995718002319336e-01 9.374538660049438477e-01 -9.945229887962341309e-01 -1.137884855270385742e-01 1.311020851135253906e-01 9.725217223167419434e-01 3.982187211513519287e-01 -9.830375313758850098e-01 9.999165534973144531e-01 -4.483150839805603027e-01 -9.842567443847656250e-01 9.880886673927307129e-01 6.071648094803094864e-03 5.843232870101928711e-01 3.742962181568145752e-01 -9.936903119087219238e-01 -9.686839580535888672e-01 8.805528283119201660e-01 9.927802085876464844e-01 9.801878333091735840e-01 -1.169729977846145630e-01 2.370817512273788452e-01 8.119658380746841431e-02 -9.966051578521728516e-01 -9.997500777244567871e-01 -9.503635168075561523e-01 7.286785840988159180e-01 3.518815040588378906e-01 -7.473599314689636230e-01 9.921994805335998535e-01 -9.985283613204956055e-01 -4.059458076953887939e-01 9.008301496505737305e-01 -1.189494878053665161e-01 9.948540329933166504e-01 9.452270865440368652e-01 -9.716639518737792969e-01 -3.756288588047027588e-01 9.641885757446289062e-01 -1.725180000066757202e-01 4.407778680324554443e-01 -4.614457786083221436e-01 9.989426732063293457e-01 -9.380484819412231445e-01 1.263964641839265823e-02 1.035299226641654968e-01 -9.572973251342773438e-01 2.180255055427551270e-01 9.529160857200622559e-01 1.120009794831275940e-01 1.669207960367202759e-01 2.378605864942073822e-02 3.965273797512054443e-01 1.616314798593521118e-01 9.418848156929016113e-01 -1.833345592021942139e-01 -2.233500629663467407e-01 4.421816021203994751e-02 -2.053254693746566772e-01 -1.267414093017578125e-01 -2.510343492031097412e-01 -9.695322513580322266e-01 7.394384145736694336e-01 -8.328306078910827637e-01 -5.528643727302551270e-01 9.956458806991577148e-01 -4.214819967746734619e-01 -3.118625469505786896e-02 -3.014940023422241211e-01 1.033037062734365463e-02 2.149538844823837280e-01 -3.676821291446685791e-02 -2.816749736666679382e-03 -8.077811002731323242e-01 2.292299717664718628e-01 9.995965957641601562e-01 -1.034545004367828369e-01 -2.569500803947448730e-01 9.847829937934875488e-01 -9.010384082794189453e-01 6.442152261734008789e-01 8.053604364395141602e-01 9.942403435707092285e-01 -4.851402714848518372e-02 9.305964708328247070e-01 3.062234818935394287e-01 -4.462267830967903137e-02 8.843007087707519531e-01 2.268309891223907471e-01 7.783083915710449219e-01 1.254034936428070068e-01 -3.432188630104064941e-01 1.169359609484672546e-01 -2.176396995782852173e-01 2.476120293140411377e-01 -9.784308671951293945e-01 -7.058857679367065430e-01 -1.541375517845153809e-01 -2.995502948760986328e-01 -1.269802302122116089e-01 -9.151962995529174805e-01 -7.845358252525329590e-01 8.025082349777221680e-01 2.242276072502136230e-01 4.874366223812103271e-01 -2.314251214265823364e-01 9.052181243896484375e-01 -3.139117956161499023e-01 5.482230782508850098e-01 6.618760824203491211e-01 -9.949938654899597168e-01 2.620516717433929443e-01 2.111663818359375000e-01 3.088345564901828766e-02 -8.027602732181549072e-02 -7.151646614074707031e-01 1.372132301330566406e-01 -9.409249424934387207e-01 3.311026692390441895e-01 9.939060807228088379e-01 -4.196890294551849365e-01 2.755140066146850586e-01 -1.261111646890640259e-01 9.142436385154724121e-01 -3.149174153804779053e-01 -2.437451928853988647e-01 6.486550569534301758e-01 -9.997308254241943359e-01 -6.809099018573760986e-02 -5.160905793309211731e-02 -3.351170718669891357e-01 1.651917845010757446e-01 -5.153950452804565430e-01 7.779819369316101074e-01 -7.168266922235488892e-02 -2.065811008214950562e-01 -5.243765711784362793e-01 7.556566596031188965e-01 -2.227636426687240601e-01 8.318628668785095215e-01 -9.894475936889648438e-01 -7.348930835723876953e-01 2.506808638572692871e-01 4.024454355239868164e-01 -9.941104650497436523e-01 9.574946165084838867e-01 9.458386898040771484e-01 -9.979421496391296387e-01 9.400437772274017334e-02 5.372031331062316895e-01 4.820487499237060547e-01 4.011512696743011475e-01 1.087075993418693542e-01 -7.749116420745849609e-01 -8.620110750198364258e-01 -3.453644514083862305e-01 9.766848087310791016e-01 -4.082266986370086670e-02 5.994011163711547852e-01 5.261486172676086426e-01 -9.942868947982788086e-01 -2.332980930805206299e-01 4.130082428455352783e-01 5.703613534569740295e-02 -4.801757037639617920e-01 3.099215030670166016e-01 -9.986135363578796387e-01 9.266781806945800781e-01 -9.998821020126342773e-01 -9.767385125160217285e-01 3.751433789730072021e-01 -5.446621179580688477e-01 -3.318217098712921143e-01 2.932741045951843262e-01 -3.159820735454559326e-01 -1.063653007149696350e-01 -9.953067898750305176e-01 -9.660667181015014648e-01 -2.180482260882854462e-02 -9.657311439514160156e-01 -6.398645043373107910e-01 -9.992432594299316406e-01 1.739819496870040894e-01 -1.166997700929641724e-01 2.900682091712951660e-01 4.145084619522094727e-01 4.532031714916229248e-01 2.342893332242965698e-01 9.987701773643493652e-01 3.069524168968200684e-01 9.831699132919311523e-01 3.245050311088562012e-01 7.742670923471450806e-02 -4.543868824839591980e-02 9.639945030212402344e-01 -8.627641797065734863e-01 5.037880539894104004e-01 -9.812431931495666504e-01 -2.238270938396453857e-01 8.100790977478027344e-01 9.942328929901123047e-01 9.721021056175231934e-01 9.859566688537597656e-01 -9.999518394470214844e-01 -2.314953356981277466e-01 5.411295294761657715e-01 -7.829503417015075684e-01 7.867990732192993164e-01 -1.529502272605895996e-01 2.127552777528762817e-01 -9.987215399742126465e-01 -7.519454956054687500e-01 3.536847531795501709e-01 -9.802004694938659668e-01 9.378200769424438477e-01 1.190645247697830200e-01 1.209471598267555237e-01 3.017234504222869873e-01 4.147494435310363770e-01 1.353552341461181641e-01 -9.952277541160583496e-01 -9.629738926887512207e-01 -6.509782075881958008e-01 3.873575106263160706e-02 -1.293560564517974854e-01 -2.904278039932250977e-02 -9.999852776527404785e-01 -9.030960202217102051e-01 4.019717574119567871e-01 3.237555623054504395e-01 -2.830424904823303223e-01 1.579846292734146118e-01 4.382250607013702393e-01 -2.069641798734664917e-01 9.999232292175292969e-01 -9.657056331634521484e-01 1.866303086280822754e-01 -4.371911752969026566e-03 -1.019609272480010986e-01 1.166803613305091858e-01 -6.897349953651428223e-01 4.184606671333312988e-01 6.515765786170959473e-01 4.171926379203796387e-01 2.066678851842880249e-01 -1.538760662078857422e-01 -8.035081624984741211e-01
1.366588473320007324e-01 -6.662192344665527344e-01 2.468808926641941071e-02 3.008226454257965088e-01 -4.575994908809661865e-01 -4.768206775188446045e-01 9.996776580810546875e-01 4.900013208389282227e-01 -5.030049681663513184e-01 -9.681116938591003418e-01 -2.745824158191680908e-01 -9.721020460128784180e-01 8.857337832450866699e-01 -9.977743029594421387e-01 -9.783180952072143555e-01 -8.496168255805969238e-02 4.599028825759887695e-02 1.913431584835052490e-01 -6.299600601196289062e-01 2.924271523952484131e-01 6.559970974922180176e-01 -1.351255774497985840e-01 9.125348329544067383e-01 -8.622451424598693848e-01 9.999252557754516602e-01 9.222338199615478516e-01 1.168251931667327881e-01 -2.208020836114883423e-01 5.322054028511047363e-01 9.995492100715637207e-01 9.802567958831787109e-01 -5.576146245002746582e-01 1.380288600921630859e-01 -1.051863655447959900e-03 -4.037722647190093994e-01 -3.369860947132110596e-01 -5.888081714510917664e-02 -2.280693501234054565e-01 9.875467419624328613e-01 -6.182698905467987061e-02 -2.956829778850078583e-02 -5.579400807619094849e-02 3.984973430633544922e-01 -9.976266622543334961e-01 -1.581747084856033325e-01 9.771233797073364258e-01 -9.957648515701293945e-01 -1.137425526976585388e-01 1.580561995506286621e-01 -1.802377253770828247e-01 3.851568400859832764e-01 7.691959291696548462e-02 9.866445660591125488e-01 5.280705634504556656e-03 3.482948541641235352e-01 2.023931890726089478e-01 4.156117439270019531e-01 -3.036046028137207031e-01 -9.994552135467529297e-01 6.318178176879882812e-01 3.027339465916156769e-02 2.623502016067504883e-01 7.720674276351928711e-01 -1.137640774250030518e-01 -1.325161196291446686e-02 -9.800695180892944336e-01 9.974105954170227051e-01 9.695531725883483887e-01 8.976540714502334595e-02 9.104655385017395020e-01 9.086781144142150879e-01 9.978727698326110840e-01 -4.033992290496826172e-01 -6.748329401016235352e-01 9.392282366752624512e-01 4.269070923328399658e-02 -1.351791992783546448e-02 3.109123408794403076e-01 -1.427416354417800903e-01 -4.222720265388488770e-01 -8.606121540069580078e-01 -3.095054328441619873e-01 9.891907572746276855e-01 -9.966195225715637207e-01 9.986097812652587891e-01 -9.957266449928283691e-01 -1.426412016153335571e-01 -2.211545780301094055e-02 -6.298862099647521973e-01 1.931765824556350708e-01 -9.944005608558654785e-01 2.898805737495422363e-01 4.197699725627899170e-01 -2.444111704826354980e-01 -1.561150550842285156e-01 9.563629627227783203e-01 9.928684830665588379e-01 -9.058573842048645020e-02 -9.981763958930969238e-01 5.660195276141166687e-02 -6.501238346099853516e-01 -9.285047650337219238e-01 -4.051749110221862793e-01 -1.969360262155532837e-01 3.182056546211242676e-01 -2.973753213882446289e-01 8.965647816658020020e-01 3.593449294567108154e-01 -4.511299431324005127e-01 2.585171461105346680e-01 -3.062139153480529785e-01 7.489781975746154785e-01 -7.612460255622863770e-01 -9.983451962471008301e-01 -7.969250530004501343e-02 -4.527957364916801453e-02 -9.486282467842102051e-01 9.805374145507812500e-01 -2.403985708951950073e-01 9.798279404640197754e-01 -9.818502068519592285e-01 -2.703483998775482178e-01 -9.689265489578247070e-01 9.988018274307250977e-01 -8.400592207908630371e-02 -4.424681663513183594e-01 -9.981653094291687012e-01 -2.771423757076263428e-01 -5.636433959007263184e-01 -4.083550572395324707e-01 9.958492517471313477e-01 9.601814746856689453e-01 9.710450768470764160e-01 -1.344941407442092896e-01 5.669593214988708496e-01 -9.871574640274047852e-01 8.629743456840515137e-01 -9.977672100067138672e-01 -2.573598027229309082e-01 5.535594001412391663e-02 9.935766458511352539e-01 4.165251851081848145e-01 -1.325357407331466675e-01 9.968993663787841797e-01 -5.152777433395385742e-01 7.149541378021240234e-01 -9.979951381683349609e-01 9.836751222610473633e-01 9.549428820610046387e-01 -2.415820658206939697e-01 -2.453851848840713501e-01 3.106905333697795868e-02 9.967420697212219238e-01 -6.700291633605957031e-01 2.308203876018524170e-01 -2.986845970153808594e-01 -9.976091384887695312e-01 -9.769496321678161621e-01 -1.646360307931900024e-01 4.116499722003936768e-01 9.072166681289672852e-02 7.552726566791534424e-02 4.601226449012756348e-01 -1.886658370494842529e-01 9.999238848686218262e-01 -2.959765195846557617e-01 -6.758872866630554199e-01 -7.076817154884338379e-01 9.959442615509033203e-01 3.844833970069885254e-01 5.885108113288879395e-01 -9.948152303695678711e-01 -9.996442198753356934e-01 -9.991962313652038574e-01 8.720594048500061035e-01 5.250166058540344238e-01 -2.296228408813476562e-01 -6.171587109565734863e-02 9.972192645072937012e-01 9.977515935897827148e-01 9.960994720458984375e-01 -5.977811813354492188e-01 8.749961256980895996e-01 -9.723563790321350098e-01 -8.950874209403991699e-01 -7.373164296150207520e-01 -9.745245575904846191e-01 9.352932572364807129e-01 3.992576003074645996e-01 9.704768657684326172e-01 -8.626503944396972656e-01 -9.944848418235778809e-01 9.230825304985046387e-01 -1.679117977619171143e-01 9.952387809753417969e-01 -3.128249943256378174e-01 -9.633102416992187500e-01 -9.989406466484069824e-01 -9.123337864875793457e-01 2.832183539867401123e-01 -7.999875582754611969e-03 -2.881385385990142822e-01 7.704529166221618652e-01 4.417553246021270752e-01 -1.984634250402450562e-01 -8.090036511421203613e-01 -7.671073079109191895e-02 9.997831583023071289e-01 9.940256476402282715e-01 -1.238367483019828796e-01 1.640583127737045288e-01 -8.578492999076843262e-01 2.598553597927093506e-01 5.285493731498718262e-01 9.975003004074096680e-01 9.767070412635803223e-01 8.963952064514160156e-01 4.025261700153350830e-01 9.995231628417968750e-01 -2.866685688495635986e-01 -9.017961025238037109e-01 5.302003398537635803e-02 8.887169957160949707e-01 5.805478692054748535e-01 -7.539155483245849609e-01 8.370488882064819336e-01 -9.969690442085266113e-01 -4.558374583721160889e-01 9.932636022567749023e-01 9.982482790946960449e-01 8.867337554693222046e-02 2.826964259147644043e-01 -2.289331108331680298e-01 5.265510678291320801e-01 9.166871309280395508e-01 4.081236943602561951e-02 9.263302087783813477e-01 -4.750494360923767090e-01 5.161471962928771973e-01 -5.700610950589179993e-02 6.823700666427612305e-01 9.998893141746520996e-01 -9.904532432556152344e-01 9.465819001197814941e-01 9.994664788246154785e-01 1.463591158390045166e-01 9.998276233673095703e-01 1.994807422161102295e-01 -8.137592077255249023e-01 2.474923282861709595e-01 6.508530378341674805e-01 -1.452058460563421249e-02 4.537739977240562439e-02 2.236493378877639771e-01 9.983656406402587891e-01 -1.041984483599662781e-01 7.884276658296585083e-02 -9.961414933204650879e-01 8.879146575927734375e-01 -3.555105030536651611e-01 -3.527079522609710693e-01 -9.781688451766967773e-01 -1.476126760244369507e-01 -7.806667089462280273e-01 4.420791566371917725e-01 9.749830961227416992e-01 6.000856161117553711e-01 -9.993941783905029297e-01 -5.957745015621185303e-02 -9.276593476533889771e-02 9.989004731178283691e-01 -5.924724787473678589e-02 -9.868764877319335938e-01 9.995505809783935547e-01 -7.550203800201416016e-01 -9.950602054595947266e-01 9.988954067230224609e-01 6.668922305107116699e-01 7.874958515167236328e-01 3.708957731723785400e-01 -9.977924227714538574e-01 -1.929588466882705688e-01 8.764388561248779297e-01 9.787111282348632812e-01 4.789213538169860840e-01 -2.877523303031921387e-01 2.134541869163513184e-01 5.210999846458435059e-01 -9.954999685287475586e-01 -9.999132752418518066e-01 -9.903442859649658203e-01 6.755287051200866699e-01 4.778418838977813721e-01 -7.526319026947021484e-01 9.988534450531005859e-01 -9.996349811553955078e-01 -4.175161421298980713e-01 9.879931211471557617e-01 -4.945264756679534912e-01 9.241796731948852539e-01 9.537602663040161133e-01 -9.981453418731689453e-01 -9.330041408538818359e-01 9.857842922210693359e-01 -6.509718894958496094e-01 3.235240280628204346e-01 8.823595196008682251e-02 9.865979552268981934e-01 5.281930565834045410e-01 4.899607505649328232e-03 -4.632350802421569824e-01 -9.471594691276550293e-01 2.730677723884582520e-01 9.992109537124633789e-01 8.123679161071777344e-01 -1.975115574896335602e-02 9.601400792598724365e-02 4.252318143844604492e-01 4.294452369213104248e-01 9.998959302902221680e-01 2.818827629089355469e-01 -9.620512127876281738e-01 -1.510466635227203369e-01 -9.610368013381958008e-01 -9.540241956710815430e-02 -4.808158278465270996e-01 7.716542482376098633e-01 9.074963927268981934e-01 -9.993095397949218750e-01 1.328934431076049805e-01 2.640606164932250977e-01 -5.047362446784973145e-01 4.938622117042541504e-01 4.965375065803527832e-01 3.500051051378250122e-02 6.450464725494384766e-01 8.692692220211029053e-02 -9.240181446075439453e-01 -9.980475902557373047e-01 2.608691751956939697e-01 9.904742240905761719e-01 -8.310516178607940674e-02 -5.471230149269104004e-01 9.982430934906005859e-01 8.080460429191589355e-01 9.702209830284118652e-01 9.900040626525878906e-01 9.994672536849975586e-01 2.697685360908508301e-01 9.937344193458557129e-01 5.414035320281982422e-01 -1.193836405873298645e-01 -7.255623489618301392e-02 -2.527634203433990479e-01 9.995548725128173828e-01 -3.230845034122467041e-01 9.428415298461914062e-01 8.748438954353332520e-02 -2.904984056949615479e-01 -2.919031679630279541e-01 8.415767550468444824e-01 -9.992893934249877930e-01 -1.504168212413787842e-01 -2.244137078523635864e-01 -2.218688577413558960e-01 -9.844505190849304199e-01 -9.995948076248168945e-01 3.454271554946899414e-01 2.062560319900512695e-01 5.806289315223693848e-01 -6.158031821250915527e-01 9.709603190422058105e-01 -5.356118083000183105e-01 2.574876546859741211e-01 -1.169179752469062805e-01 -9.997966289520263672e-01 -1.517542451620101929e-01 1.063330546021461487e-01 5.407745763659477234e-02 2.672938406467437744e-01 8.917292952537536621e-01 3.147089779376983643e-01 -9.585307836532592773e-01 3.971532583236694336e-01 9.950112104415893555e-01 8.647221922874450684e-01 6.816545724868774414e-01 -1.612012833356857300e-02 7.577208280563354492e-01 -3.386363983154296875e-01 -4.626041650772094727e-01 -5.585600137710571289e-01 -9.995865225791931152e-01 6.204031407833099365e-02 1.431774199008941650e-01 -6.069263815879821777e-01 -6.129483580589294434e-01 -5.026516318321228027e-01 9.917640686035156250e-01 9.790279716253280640e-02 2.110452502965927124e-01 1.358071267604827881e-01 9.965178966522216797e-01 -6.942312717437744141e-01 9.327421188354492188e-01 -9.925522804260253906e-01 -9.983563423156738281e-01 -4.388849735260009766e-01 2.009230405092239380e-01 -9.824489355087280273e-01 5.641368627548217773e-01 9.972454309463500977e-01 -8.395122885704040527e-01 1.963867247104644775e-01 -6.304622888565063477e-01 2.318030446767807007e-01 3.528631031513214111e-01 8.751890063285827637e-01 -6.932398080825805664e-01 -2.225581556558609009e-03 -6.991868019104003906e-01 9.924453496932983398e-01 -3.201530501246452332e-02 9.982216954231262207e-01 4.422686994075775146e-01 -4.122290015220642090e-01 -2.941899597644805908e-01 8.441310375928878784e-02 2.791378498077392578e-01 -8.372513204813003540e-02 2.767299711704254150e-01 -9.994916915893554688e-01 7.043070197105407715e-01 -9.994516372680664062e-01 -9.982201457023620605e-01 1.787131130695343018e-01 -9.521779417991638184e-01 -9.874487519264221191e-01 1.267059147357940674e-01 -2.361546009778976440e-01 -1.945981234312057495e-01 -9.874438047409057617e-01 -9.919238090515136719e-01 4.959240853786468506e-01 -3.740751147270202637e-01 -9.899235963821411133e-01 -9.412273764610290527e-01 7.596678733825683594e-01 -3.136412203311920166e-01 2.031690925359725952e-01 5.415391921997070312e-01 -5.021048784255981445e-01 2.364890426397323608e-01 9.484995007514953613e-01 -4.583193361759185791e-02 9.938437938690185547e-01 4.988551735877990723e-01 8.729719556868076324e-03 1.265109032392501831e-01 2.621094584465026855e-01 -7.169451713562011719e-01 3.817301690578460693e-01 -9.441918134689331055e-01 -1.820912957191467285e-02 9.988787770271301270e-01 9.993783831596374512e-01 8.481574058532714844e-01 9.967359304428100586e-01 -9.899001717567443848e-01 3.517364338040351868e-02 5.637725591659545898e-01 -9.806461930274963379e-01 9.887377023696899414e-01 4.776088893413543701e-02 7.280820608139038086e-01 -9.731191992759704590e-01 -9.170526266098022461e-01 3.846588730812072754e-01 -9.891052246093750000e-01 9.939286708831787109e-01 3.695923388004302979e-01 -8.094143867492675781e-02 4.471493959426879883e-01 1.662177592515945435e-01 3.786975517868995667e-02 -8.023847937583923340e-01 -9.415946006774902344e-01 -5.963066220283508301e-01 2.452461123466491699e-01 -1.500533074140548706e-01 -3.601856827735900879e-01 -9.999717473983764648e-01 -9.950000643730163574e-01 1.707318127155303955e-01 -1.435428112745285034e-01 -4.108761548995971680e-01 -6.830780208110809326e-02 2.504226863384246826e-01 6.412556767463684082e-01 9.996436238288879395e-01 -9.994689226150512695e-01 5.120748877525329590e-01 -2.015015035867691040e-01 -1.577736809849739075e-02 6.097590327262878418e-01 -9.736936688423156738e-01 3.984398394823074341e-02 9.886484146118164062e-01 7.153527140617370605e-01 -2.759746015071868896e-01 -4.152661263942718506e-01 -3.267985582351684570e-01
3.125645816326141357e-01 1.162593811750411987e-01 -3.772031515836715698e-02 -2.178165167570114136e-01 -4.269446134567260742e-01 -9.906865954399108887e-01 9.995852708816528320e-01 -9.735139608383178711e-01 -2.613835632801055908e-01 -5.995580554008483887e-02 1.224841475486755371e-01 -9.327512383460998535e-01 -4.266399145126342773e-01 -9.822276234626770020e-01 -9.446553587913513184e-01 -2.672436237335205078e-01 3.969191014766693115e-01 6.539911031723022461e-02 -3.449947340413928032e-03 -2.107955962419509888e-01 4.209317266941070557e-01 -1.648702919483184814e-01 8.509681224822998047e-01 5.646312236785888672e-01 9.989429712295532227e-01 5.655035972595214844e-01 -1.460340023040771484e-01 -1.537358611822128296e-01 1.583687216043472290e-02 7.453547120094299316e-01 3.903171122074127197e-01 -5.958803743124008179e-02 -2.563396394252777100e-01 5.392162129282951355e-02 5.552169084548950195e-01 -1.306140571832656860e-01 -4.735963940620422363e-01 9.566456079483032227e-02 1.794042885303497314e-01 -4.576877057552337646e-01 -1.383495628833770752e-01 -1.590023636817932129e-01 -7.207208871841430664e-02 -9.894802570343017578e-01 6.966388970613479614e-02 8.768150806427001953e-01 -9.909124374389648438e-01 -1.228097528219223022e-01 6.584627628326416016e-01 2.252318710088729858e-01 7.855233550071716309e-01 2.669599652290344238e-01 9.917182326316833496e-01 4.382451996207237244e-02 -1.046411916613578796e-01 8.235562592744827271e-02 1.305444240570068359e-01 1.111479699611663818e-01 -9.984722137451171875e-01 3.683412969112396240e-01 -3.062851130962371826e-01 5.311829224228858948e-02 7.781016826629638672e-01 -1.391786038875579834e-01 7.995034568011760712e-03 -9.996734261512756348e-01 9.926219582557678223e-01 3.334393501281738281e-01 -4.084299206733703613e-01 9.531985521316528320e-01 9.139239192008972168e-01 9.940513372421264648e-01 -8.034824728965759277e-01 -9.350594282150268555e-01 -1.247295960783958435e-01 -2.118514478206634521e-01 -9.985499829053878784e-02 -3.810419738292694092e-01 -3.957014679908752441e-01 -2.688382938504219055e-02 -9.981405138969421387e-01 4.754126816987991333e-02 9.725404977798461914e-01 -3.315411210060119629e-01 8.018301129341125488e-01 -9.575087428092956543e-01 -8.285666815936565399e-03 3.373579084873199463e-01 -6.045565605163574219e-01 5.442740023136138916e-02 -8.486356735229492188e-01 -2.170945405960083008e-01 4.103622436523437500e-01 -9.885873794555664062e-01 -9.933280348777770996e-01 8.454167246818542480e-01 8.248516321182250977e-01 -4.158644750714302063e-02 -9.924003481864929199e-01 -6.301145553588867188e-01 -7.110394835472106934e-01 -9.958892464637756348e-01 6.043686270713806152e-01 -1.227742284536361694e-01 -1.109044905751943588e-02 -1.336327493190765381e-01 9.976928830146789551e-01 4.382983148097991943e-01 7.339971605688333511e-03 9.000722765922546387e-01 -1.957078091800212860e-02 6.267748475074768066e-01 -6.712163090705871582e-01 -9.508934020996093750e-01 -2.392410337924957275e-01 -6.833161413669586182e-02 -7.547257542610168457e-01 9.249751567840576172e-01 1.887087821960449219e-01 9.975721240043640137e-01 -7.657717466354370117e-01 -3.294305503368377686e-01 -8.371246457099914551e-01 9.831662774085998535e-01 2.491369396448135376e-01 2.809712290763854980e-01 -9.927093982696533203e-01 -1.244851052761077881e-01 -1.863586753606796265e-01 -2.046185880899429321e-01 9.510382413864135742e-01 9.929354786872863770e-01 2.710765898227691650e-01 -2.923705615103244781e-02 3.222355246543884277e-01 -9.756287932395935059e-01 9.457871913909912109e-01 -9.841971397399902344e-01 -8.228841423988342285e-01 2.254519462585449219e-01 9.997056126594543457e-01 -1.216068863868713379e-02 -2.613505721092224121e-01 9.735168218612670898e-01 -9.962820261716842651e-02 -4.670861065387725830e-01 -9.546667337417602539e-01 1.602847874164581299e-01 6.249887347221374512e-01 -2.909926176071166992e-01 -3.538101017475128174e-01 1.579933613538742065e-01 8.530349731445312500e-01 -3.133159875869750977e-01 3.115946352481842041e-01 -5.140621066093444824e-01 -6.157414913177490234e-01 -6.818241477012634277e-01 -1.711098104715347290e-01 5.179111361503601074e-01 -2.035932391881942749e-01 1.018041744828224182e-01 5.871391668915748596e-02 -3.249803483486175537e-01 9.999730587005615234e-01 -4.399916827678680420e-01 -1.267922371625900269e-01 -4.646411538124084473e-01 9.645478129386901855e-01 -5.097576379776000977e-01 2.918461263179779053e-01 -9.865664839744567871e-01 -8.772211074829101562e-01 -6.980217695236206055e-01 7.107470035552978516e-01 3.018355369567871094e-01 8.060303926467895508e-01 -9.863710403442382812e-02 9.855142831802368164e-01 9.879649281501770020e-01 8.125310540199279785e-01 -3.665097653865814209e-01 9.982800483703613281e-01 -4.098480641841888428e-01 6.915243864059448242e-01 -9.660292267799377441e-01 -4.672939181327819824e-01 -4.829710721969604492e-01 5.194646120071411133e-01 8.991234898567199707e-01 9.000842571258544922e-01 -9.916048049926757812e-01 -4.657473564147949219e-01 1.969380974769592285e-01 9.784002304077148438e-01 -1.974092423915863037e-01 -9.340288639068603516e-01 -9.070601463317871094e-01 -8.728505969047546387e-01 -2.532038390636444092e-01 -3.273176550865173340e-01 4.885101690888404846e-02 -6.632130146026611328e-01 3.454664945602416992e-01 -4.077629745006561279e-01 1.952616423368453979e-01 -8.232810348272323608e-02 9.991574883460998535e-01 9.515979886054992676e-01 1.736530363559722900e-01 -7.860580831766128540e-02 6.034308075904846191e-01 3.429189324378967285e-02 1.578655689954757690e-01 9.421627521514892578e-01 -6.723314523696899414e-01 3.221274316310882568e-01 -3.836330771446228027e-01 7.050939202308654785e-01 -1.987003087997436523e-01 1.364447772502899170e-01 2.922194004058837891e-01 -8.309390544891357422e-01 -4.608832299709320068e-02 -8.104891777038574219e-01 9.536232352256774902e-01 -9.538354277610778809e-01 2.802517116069793701e-01 2.504788339138031006e-01 9.935538768768310547e-01 -3.192106634378433228e-02 2.758043408393859863e-01 -5.117661952972412109e-01 4.216507077217102051e-01 7.984731197357177734e-01 2.782351374626159668e-01 2.098574042320251465e-01 -1.455059051513671875e-01 2.624118328094482422e-01 -2.271259725093841553e-01 9.855320453643798828e-01 9.999673366546630859e-01 -5.920403003692626953e-01 7.437640428543090820e-01 9.555652141571044922e-01 -4.074940383434295654e-01 9.906514883041381836e-01 4.771038889884948730e-01 4.530538916587829590e-01 2.319151908159255981e-01 3.181823790073394775e-01 -3.382475674152374268e-01 -1.970732510089874268e-01 2.878369688987731934e-01 9.862704873085021973e-01 -2.927398085594177246e-01 2.436433434486389160e-01 -9.946346282958984375e-01 2.679409645497798920e-02 9.075268507003784180e-01 -3.901312351226806641e-01 -9.020295143127441406e-01 -3.774614930152893066e-01 -9.685366749763488770e-01 3.925707638263702393e-01 9.184983372688293457e-01 8.895843625068664551e-01 -9.992630481719970703e-01 -6.432134658098220825e-02 -1.044373288750648499e-01 9.912398457527160645e-01 1.432028878480195999e-02 -9.747809171676635742e-01 9.986047148704528809e-01 -3.321498334407806396e-01 -9.924105405807495117e-01 9.994357824325561523e-01 3.029494285583496094e-01 6.737076044082641602e-01 -3.188424408435821533e-01 -9.993649125099182129e-01 -2.933335006237030029e-01 3.401698768138885498e-01 9.792661666870117188e-01 9.947256445884704590e-01 -2.958030998706817627e-01 1.947514861822128296e-01 -3.064335286617279053e-01 -9.954146146774291992e-01 -9.998404979705810547e-01 -9.931923151016235352e-01 3.680366873741149902e-01 1.329891234636306763e-01 4.626272022724151611e-01 9.660465121269226074e-01 -9.995777010917663574e-01 -4.250326752662658691e-01 9.355646967887878418e-01 -1.537914276123046875e-01 9.623802900314331055e-01 9.653523564338684082e-01 -9.881024360656738281e-01 -1.758513301610946655e-01 9.908500909805297852e-01 3.390789031982421875e-02 1.742433309555053711e-01 -1.210675835609436035e-01 9.980283975601196289e-01 7.444840073585510254e-01 -1.365575641393661499e-01 1.954372040927410126e-02 2.580048441886901855e-01 1.907533556222915649e-01 9.986482858657836914e-01 9.803957343101501465e-01 -7.083049416542053223e-02 2.496020644903182983e-01 2.066201269626617432e-01 -1.545853316783905029e-01 9.999133944511413574e-01 3.892671782523393631e-03 -9.293688535690307617e-01 1.718319021165370941e-02 -9.794470071792602539e-01 -1.331152021884918213e-01 1.009826920926570892e-02 -4.922494590282440186e-01 4.116048514842987061e-01 -7.709193229675292969e-01 3.611333668231964111e-01 9.773069620132446289e-01 -2.546883523464202881e-01 9.857929497957229614e-02 1.071291118860244751e-01 2.895233333110809326e-01 3.977547585964202881e-01 -1.240840479731559753e-01 -9.202594161033630371e-01 -8.967791199684143066e-01 5.350063443183898926e-01 9.505670070648193359e-01 -4.857087433338165283e-01 -8.451815694570541382e-02 9.927524328231811523e-01 -6.442992091178894043e-01 -7.591835409402847290e-02 7.991703152656555176e-01 9.998446702957153320e-01 -5.543731525540351868e-02 9.874987602233886719e-01 4.111758470535278320e-01 1.850753426551818848e-01 8.999916911125183105e-01 7.617062330245971680e-02 7.153257727622985840e-01 1.035437285900115967e-01 -5.387978553771972656e-01 3.172034025192260742e-01 -6.952483952045440674e-02 -8.157504349946975708e-02 -9.669210314750671387e-01 -6.445773839950561523e-01 -1.577588170766830444e-01 9.493344277143478394e-02 -2.044416069984436035e-01 -9.594099521636962891e-01 -7.579348087310791016e-01 -9.565004706382751465e-02 6.690084934234619141e-01 5.804691314697265625e-01 -1.000128239393234253e-01 8.456105589866638184e-01 -4.766032397747039795e-01 4.764083325862884521e-01 8.005764484405517578e-01 -9.988244175910949707e-01 2.323827445507049561e-01 5.553340911865234375e-01 -2.157185375690460205e-01 -1.695746332406997681e-01 -6.180690526962280273e-01 1.127896532416343689e-01 -9.934580922126770020e-01 -1.362340599298477173e-01 9.938464164733886719e-01 9.322249889373779297e-01 3.973461389541625977e-01 -1.433898061513900757e-01 4.548342227935791016e-01 -1.031694635748863220e-01 -4.395064711570739746e-01 6.870694756507873535e-01 -9.998039603233337402e-01 9.410974383354187012e-02 -4.677659571170806885e-01 -1.473095268011093140e-01 -9.398630261421203613e-02 -5.079986155033111572e-02 9.975299239158630371e-01 -2.922165691852569580e-01 1.833987981081008911e-01 -5.430117249488830566e-01 6.524355411529541016e-01 -3.504224717617034912e-01 5.603389739990234375e-01 -9.983018040657043457e-01 -5.631765127182006836e-01 3.728936910629272461e-01 -2.865181863307952881e-01 -9.960390925407409668e-01 -8.781189322471618652e-01 9.698988199234008789e-01 -9.876307249069213867e-01 1.957619935274124146e-01 -9.525647759437561035e-01 4.431792199611663818e-01 2.911574840545654297e-01 -1.536211818456649780e-01 -6.600253582000732422e-01 -8.768067359924316406e-01 -2.745204567909240723e-01 9.376395940780639648e-01 -5.372843891382217407e-02 9.953846931457519531e-01 4.233704209327697754e-01 -9.536936879158020020e-01 1.895600408315658569e-01 2.238147556781768799e-01 2.965784966945648193e-01 -3.413635790348052979e-01 1.883401274681091309e-01 -9.985616207122802734e-01 9.235545396804809570e-01 -9.995883107185363770e-01 -9.972926974296569824e-01 4.702901244163513184e-01 -9.693124294281005859e-01 -5.349413752555847168e-01 2.171819806098937988e-01 6.332059949636459351e-02 5.554996430873870850e-02 -9.456750750541687012e-01 -9.994690418243408203e-01 4.406388103961944580e-01 -9.655541777610778809e-01 -9.627649188041687012e-01 -9.978020787239074707e-01 -2.420169264078140259e-01 -9.313348680734634399e-02 -7.588448002934455872e-03 5.656014084815979004e-01 2.208331525325775146e-01 1.254223138093948364e-01 9.919338226318359375e-01 3.843540847301483154e-01 8.942816853523254395e-01 4.578512907028198242e-01 1.424754112958908081e-01 -3.028535544872283936e-01 9.943088889122009277e-01 -8.963015675544738770e-01 2.075077965855598450e-02 -9.655698537826538086e-01 -8.052398916333913803e-04 7.892057299613952637e-01 9.986365437507629395e-01 6.843030452728271484e-01 9.903367161750793457e-01 -9.917181730270385742e-01 1.262379884719848633e-01 1.213334277272224426e-01 -1.606172323226928711e-01 8.913605213165283203e-01 -9.089966863393783569e-02 3.586781024932861328e-01 -9.630121588706970215e-01 -9.727790951728820801e-01 -1.470371633768081665e-01 -9.890117645263671875e-01 9.963068962097167969e-01 -1.822768338024616241e-02 2.314110100269317627e-01 1.768712252378463745e-01 2.513283789157867432e-01 2.288225144147872925e-01 -9.849063754081726074e-01 -9.256000518798828125e-01 -3.297207355499267578e-01 2.800598144531250000e-01 4.606950879096984863e-01 -2.003877162933349609e-01 -9.999924302101135254e-01 -3.963173627853393555e-01 -6.689320206642150879e-01 -3.596122190356254578e-02 -1.480647176504135132e-01 1.943086534738540649e-01 3.693723678588867188e-02 6.896904110908508301e-01 9.996016621589660645e-01 -9.547038674354553223e-01 8.491132408380508423e-02 -3.679218888282775879e-02 1.737361848354339600e-01 1.618242412805557251e-01 -9.610171914100646973e-01 9.355775713920593262e-01 4.381085038185119629e-01 4.781826734542846680e-01 -3.092011250555515289e-02 -1.547733247280120850e-01 -7.199760079383850098e-01
9.101566076278686523e-01 -2.733840793371200562e-02 -4.726601541042327881e-01 3.924341201782226562e-01 -4.771462082862854004e-01 8.202577233314514160e-01 9.988297224044799805e-01 -9.937336444854736328e-01 -5.005288124084472656e-01 -9.926698207855224609e-01 -1.416684538125991821e-01 -9.926877021789550781e-01 4.335573911666870117e-01 -9.992648959159851074e-01 -7.138247489929199219e-01 2.481519877910614014e-01 3.755865991115570068e-01 7.037554383277893066e-01 -8.756016492843627930e-01 2.223815470933914185e-01 7.770106792449951172e-01 4.208625108003616333e-02 8.867349028587341309e-01 -5.582193136215209961e-01 9.813953042030334473e-01 8.481245636940002441e-01 -3.978105485439300537e-01 -4.823135435581207275e-01 -7.837435603141784668e-02 9.534318447113037109e-01 9.926620125770568848e-01 6.994096189737319946e-02 3.042262494564056396e-01 -2.028634250164031982e-01 -9.941564202308654785e-01 -3.790924251079559326e-01 -2.863211929798126221e-01 -5.795215964317321777e-01 9.997997283935546875e-01 -4.826810956001281738e-01 -1.339967846870422363e-01 -6.044688075780868530e-02 4.771652519702911377e-01 -9.981082081794738770e-01 -1.159819215536117554e-01 2.449219226837158203e-01 -9.994021058082580566e-01 -2.623113095760345459e-01 -9.352198243141174316e-01 -6.191231012344360352e-01 9.625784754753112793e-01 -1.091395504772663116e-02 9.982622861862182617e-01 -5.045478343963623047e-01 6.379342824220657349e-02 2.513333559036254883e-01 3.343363478779792786e-02 -7.196629047393798828e-01 -9.987224340438842773e-01 -6.568295955657958984e-01 -1.699730157852172852e-01 -9.597744792699813843e-02 9.991875886917114258e-01 1.076919808983802795e-01 -1.380485296249389648e-02 -4.973354339599609375e-01 8.268498778343200684e-01 4.213131964206695557e-01 1.725618392229080200e-01 9.437102079391479492e-01 -1.093600317835807800e-01 9.999724030494689941e-01 -7.823479175567626953e-01 -7.374530434608459473e-01 -6.152522563934326172e-01 -7.327677309513092041e-02 2.564319968223571777e-01 2.135923653841018677e-01 6.657271981239318848e-01 1.168252620846033096e-02 -9.996432662010192871e-01 -3.697860836982727051e-01 9.923748373985290527e-01 -4.253725707530975342e-01 9.748398661613464355e-01 -9.993855953216552734e-01 -8.094447851181030273e-02 1.367112547159194946e-01 -4.025290012359619141e-01 1.908510625362396240e-01 -9.409508109092712402e-01 3.159787058830261230e-01 5.258182287216186523e-01 -9.802443981170654297e-01 -4.772506356239318848e-01 9.422264695167541504e-01 5.259424448013305664e-01 7.094323169440031052e-03 -9.988286495208740234e-01 3.802815973758697510e-01 6.424908991903066635e-03 -2.734783291816711426e-01 -5.792555212974548340e-01 7.416278123855590820e-02 8.297767490148544312e-02 1.807801425457000732e-02 3.778107166290283203e-01 4.135794341564178467e-01 -5.782487988471984863e-01 -8.266382813453674316e-01 3.324873149394989014e-01 4.283813536167144775e-01 -8.805891871452331543e-01 -9.866156578063964844e-01 -3.344329297542572021e-01 3.462322950363159180e-01 -9.736657738685607910e-01 8.701404929161071777e-01 2.328121066093444824e-01 6.195810437202453613e-01 -9.000756740570068359e-01 -3.665244281291961670e-01 -8.989224433898925781e-01 9.075729846954345703e-01 -5.581750869750976562e-01 -2.750698626041412354e-01 -8.975349664688110352e-01 -1.570817530155181885e-01 -5.120893716812133789e-01 -7.076963782310485840e-01 9.828450083732604980e-01 -8.959837555885314941e-01 7.478137016296386719e-01 1.136162802577018738e-01 4.386720061302185059e-01 -9.517931342124938965e-01 7.581766843795776367e-01 -9.908437728881835938e-01 -7.592337131500244141e-01 1.631003916263580322e-01 9.980939030647277832e-01 1.293883919715881348e-01 -4.112519621849060059e-01 8.000790476799011230e-01 3.706495836377143860e-02 9.107553958892822266e-01 -9.931129813194274902e-01 8.570640683174133301e-01 3.311675786972045898e-01 -2.622257471084594727e-01 -3.701564669609069824e-01 -2.726222574710845947e-01 5.598793029785156250e-01 -7.334304451942443848e-01 3.563561439514160156e-01 -1.535110473632812500e-01 -8.862133622169494629e-01 6.024072170257568359e-01 3.985637426376342773e-01 3.291013538837432861e-01 -1.192538291215896606e-01 3.584367632865905762e-01 -3.316206336021423340e-01 -6.080426573753356934e-01 9.999939203262329102e-01 -3.896693885326385498e-01 -5.044801831245422363e-01 -7.140677571296691895e-01 9.291138648986816406e-01 8.063423633575439453e-01 6.043870002031326294e-03 -9.241304397583007812e-01 -9.989997148513793945e-01 -9.557080268859863281e-01 1.273539811372756958e-01 5.034293234348297119e-02 -9.456270188093185425e-02 3.889345824718475342e-01 9.946624040603637695e-01 9.825587868690490723e-01 9.933965206146240234e-01 -8.046428859233856201e-02 6.961677670478820801e-01 -9.293207526206970215e-01 9.447977542877197266e-01 -9.731986522674560547e-01 -8.425627350807189941e-01 9.933641552925109863e-01 2.807558178901672363e-01 9.887323379516601562e-01 8.070533275604248047e-01 -9.726585745811462402e-01 -1.885290294885635376e-01 -6.597499251365661621e-01 9.549839496612548828e-01 -3.677754849195480347e-02 -5.195894241333007812e-01 -9.884930253028869629e-01 -6.949387192726135254e-01 5.909314751625061035e-01 -2.090672403573989868e-01 -5.455793142318725586e-01 7.432232499122619629e-01 6.689375638961791992e-01 -2.588249444961547852e-01 5.500898361206054688e-01 -1.425249874591827393e-01 9.987730383872985840e-01 9.986840486526489258e-01 -4.562887847423553467e-01 -8.439832329750061035e-01 -9.392866492271423340e-01 2.221290469169616699e-01 6.999543309211730957e-01 9.797375202178955078e-01 -1.615331918001174927e-01 6.740314960479736328e-01 7.562445998191833496e-01 9.631628990173339844e-01 1.978770196437835693e-01 -8.606249094009399414e-01 -3.963119983673095703e-01 -9.375512003898620605e-01 5.852686762809753418e-01 -9.671714305877685547e-01 -9.244410395622253418e-01 -9.563268423080444336e-01 -2.656754553318023682e-01 7.935961484909057617e-01 8.907529711723327637e-01 -2.143461704254150391e-01 3.432535231113433838e-01 -7.788275834172964096e-04 1.871042102575302124e-01 8.915444612503051758e-01 3.889329135417938232e-01 5.755937099456787109e-01 3.974365442991256714e-02 6.050339937210083008e-01 4.617168307304382324e-01 9.910514950752258301e-01 9.991722702980041504e-01 -8.326181173324584961e-01 9.650984406471252441e-01 9.813598394393920898e-01 4.897323846817016602e-01 9.949367046356201172e-01 2.300327867269515991e-01 -5.328851342201232910e-01 3.036705553531646729e-01 6.050126552581787109e-01 -1.484739184379577637e-01 -7.063767313957214355e-02 1.683779805898666382e-01 9.986453056335449219e-01 -3.605408072471618652e-01 -3.622356057167053223e-01 -9.859296679496765137e-01 -5.951501131057739258e-01 -6.887584328651428223e-01 -4.038337469100952148e-01 -9.961949586868286133e-01 2.443098127841949463e-01 5.507010817527770996e-01 3.937711566686630249e-02 8.193459510803222656e-01 8.473375439643859863e-01 -9.975452423095703125e-01 -5.588831305503845215e-01 5.389524251222610474e-02 8.841445446014404297e-01 2.437198162078857422e-01 -9.752302169799804688e-01 9.999625086784362793e-01 -7.015815377235412598e-01 -9.830537438392639160e-01 9.844241142272949219e-01 6.851806491613388062e-02 9.084100127220153809e-01 5.941733717918395996e-01 5.292407050728797913e-02 -9.910113215446472168e-01 9.365448355674743652e-01 9.899663329124450684e-01 -7.601586580276489258e-01 -5.321216583251953125e-02 2.405720055103302002e-01 5.145238637924194336e-01 -9.972611665725708008e-01 -9.998257756233215332e-01 -9.980915188789367676e-01 5.269436836242675781e-01 7.617118358612060547e-01 -8.280056715011596680e-01 9.932572841644287109e-01 -9.593862891197204590e-01 -9.438300877809524536e-02 9.670118093490600586e-01 -1.800215393304824829e-01 9.977250099182128906e-01 9.962959885597229004e-01 -9.819554686546325684e-01 -5.645997524261474609e-01 9.588189125061035156e-01 -5.743576884269714355e-01 4.217928349971771240e-01 -2.391005754470825195e-01 9.959455132484436035e-01 -8.029713630676269531e-01 1.474099010229110718e-01 8.951459079980850220e-02 -9.602286219596862793e-01 2.816738486289978027e-01 9.989034533500671387e-01 -9.654584527015686035e-01 -2.122085690498352051e-01 -2.170997858047485352e-01 6.791127920150756836e-01 5.574011206626892090e-01 9.917955398559570312e-01 1.015262007713317871e-01 -4.742461314890533686e-04 -2.028317451477050781e-01 -9.410437345504760742e-01 -4.262595772743225098e-01 -5.087440013885498047e-01 -9.978631734848022461e-01 6.986296772956848145e-01 -9.773855805397033691e-01 -3.710079193115234375e-01 9.632995128631591797e-01 -2.422827780246734619e-01 -2.709902226924896240e-01 -4.260528087615966797e-02 3.527154400944709778e-02 4.163116812705993652e-01 -7.852781563997268677e-02 -8.067624568939208984e-01 -9.540071487426757812e-01 2.591875493526458740e-01 9.987549781799316406e-01 -4.155323207378387451e-01 -7.124738097190856934e-01 9.691361784934997559e-01 -9.824609756469726562e-01 8.904094696044921875e-01 9.106621742248535156e-01 9.766038060188293457e-01 1.956953555345535278e-01 8.278282880783081055e-01 3.603654801845550537e-01 2.474794909358024597e-02 6.657411456108093262e-01 -3.817259967327117920e-01 9.686626791954040527e-01 -1.453885585069656372e-01 2.595081031322479248e-01 -4.430316388607025146e-01 -3.971523046493530273e-01 4.104130268096923828e-01 -7.513617873191833496e-01 -9.510628581047058105e-01 -5.702834129333496094e-01 -2.402511835098266602e-01 9.651317261159420013e-03 -9.254844784736633301e-01 -9.589131474494934082e-01 2.827558219432830811e-01 4.883753657341003418e-01 5.751657485961914062e-01 -4.207567274570465088e-01 6.927690505981445312e-01 -4.154957830905914307e-01 2.816657125949859619e-01 6.906509399414062500e-02 -9.995338916778564453e-01 3.309766352176666260e-01 8.637419342994689941e-02 5.729115754365921021e-02 2.401740290224552155e-03 2.604205608367919922e-01 3.991098701953887939e-01 -9.789080619812011719e-01 3.818117380142211914e-01 9.963127374649047852e-01 -8.954271078109741211e-01 7.782132029533386230e-01 -2.769604921340942383e-01 8.122707605361938477e-01 -3.625244498252868652e-01 -3.350981175899505615e-01 7.149893045425415039e-01 -9.997460842132568359e-01 9.795621782541275024e-02 -8.525005728006362915e-02 -6.068151593208312988e-01 2.034023702144622803e-01 -6.543180942535400391e-01 -3.061237633228302002e-01 2.156939953565597534e-01 4.703178703784942627e-01 -2.926108539104461670e-01 8.536356091499328613e-01 -5.708136558532714844e-01 3.448191285133361816e-01 -9.975634217262268066e-01 -9.301475286483764648e-01 -2.157667279243469238e-01 6.323902606964111328e-01 -9.227977395057678223e-01 4.554498195648193359e-01 9.722679257392883301e-01 -5.125804543495178223e-01 4.415877908468246460e-02 7.256780266761779785e-01 5.048100948333740234e-01 5.174749493598937988e-01 7.366821765899658203e-01 -5.768799781799316406e-01 -9.962243437767028809e-01 -4.395433962345123291e-01 9.731160998344421387e-01 1.826351583003997803e-01 8.878762722015380859e-01 4.447881281375885010e-01 -9.758813977241516113e-01 -4.586275219917297363e-01 5.941575169563293457e-01 3.072513341903686523e-01 1.423862874507904053e-01 6.299602389335632324e-01 -9.996870160102844238e-01 8.272129893302917480e-01 -9.999726414680480957e-01 -2.031689882278442383e-01 5.922003984451293945e-01 -6.836376190185546875e-01 -8.722001314163208008e-01 -1.005020663142204285e-01 -5.187147855758666992e-01 2.271979115903377533e-02 -9.983662366867065430e-01 -8.796766400337219238e-01 4.785013198852539062e-02 -9.974906444549560547e-01 -9.468685984611511230e-01 -7.755126953125000000e-01 5.231021642684936523e-01 -3.085149526596069336e-01 5.781415700912475586e-01 3.990323543548583984e-01 -7.026986032724380493e-02 4.157913625240325928e-01 9.993875622749328613e-01 4.663603603839874268e-01 9.747384190559387207e-01 1.166638880968093872e-01 -2.133808732032775879e-01 3.285371363162994385e-01 6.475568413734436035e-01 4.475011527538299561e-01 5.897364616394042969e-01 -9.941937327384948730e-01 4.307342767715454102e-01 9.713634252548217773e-01 9.974846243858337402e-01 9.514427185058593750e-01 9.847572445869445801e-01 -9.990071654319763184e-01 -5.361680984497070312e-01 5.734709501266479492e-01 -7.269130945205688477e-01 8.249362707138061523e-01 3.432852029800415039e-01 1.762398481369018555e-01 -9.995425343513488770e-01 -9.696383476257324219e-01 3.640035092830657959e-01 -9.509118795394897461e-01 9.942026734352111816e-01 3.583917319774627686e-01 -3.803515061736106873e-02 4.569565355777740479e-01 4.512694776058197021e-01 4.149107635021209717e-02 -9.626955986022949219e-01 -9.564827084541320801e-01 -7.507856488227844238e-01 1.153365820646286011e-01 -7.138727307319641113e-01 -1.328927725553512573e-01 -9.999881982803344727e-01 -8.862524628639221191e-01 -3.262498676776885986e-01 5.779315829277038574e-01 -2.650489509105682373e-01 5.323346257209777832e-01 4.949867427349090576e-01 -2.161031216382980347e-02 9.998747706413269043e-01 -9.921240210533142090e-01 -9.617355465888977051e-02 -2.890281938016414642e-02 -2.879086732864379883e-01 4.642800688743591309e-01 -9.902834892272949219e-01 -1.774848848581314087e-01 3.671775758266448975e-01 3.655401468276977539e-01 3.240961134433746338e-01 -2.176687568426132202e-01 -7.173201441764831543e-01
7.041093111038208008e-01 9.152413606643676758e-01 -8.722824603319168091e-02 1.266508698463439941e-01 -3.560297787189483643e-01 -9.965779185295104980e-01 9.994071722030639648e-01 -9.986926317214965820e-01 -2.503629326820373535e-01 -8.986856341361999512e-01 -2.862153649330139160e-01 1.405647993087768555e-01 6.274667382240295410e-01 -9.390283226966857910e-01 -8.102304339408874512e-01 -2.649060189723968506e-01 7.526384294033050537e-02 -3.287933468818664551e-01 -7.952458858489990234e-01 1.323251873254776001e-01 7.909491062164306641e-01 3.627113103866577148e-01 7.892754077911376953e-01 -8.708447217941284180e-01 9.991694092750549316e-01 9.100109934806823730e-01 -2.458396255970001221e-01 -3.943787217140197754e-01 5.089054703712463379e-01 9.987328052520751953e-01 7.334145903587341309e-01 -1.438488662242889404e-01 2.814126312732696533e-01 1.518318355083465576e-01 -3.721925616264343262e-01 -5.986769199371337891e-01 -3.462522476911544800e-02 -5.292595028877258301e-01 -2.220241874456405640e-01 -3.469315171241760254e-01 1.352002322673797607e-01 1.044093668460845947e-01 3.947824835777282715e-01 -9.088625907897949219e-01 -3.652051389217376709e-01 9.969670772552490234e-01 -8.740836381912231445e-02 -5.534849166870117188e-01 9.476482272148132324e-01 -5.250661373138427734e-01 9.305425882339477539e-01 -2.631541192531585693e-01 2.953327028080821037e-03 -1.001478135585784912e-01 -2.242567539215087891e-01 1.492926627397537231e-01 3.121556043624877930e-01 -5.339336395263671875e-01 -9.999417662620544434e-01 -7.897198200225830078e-01 -1.266622566618025303e-03 1.077214404940605164e-01 -2.742397189140319824e-01 3.172084391117095947e-01 -1.978023797273635864e-01 -8.591209650039672852e-01 7.694585919380187988e-01 6.839641332626342773e-01 3.070526197552680969e-02 3.723465800285339355e-01 4.613185673952102661e-02 9.999627470970153809e-01 -4.997883737087249756e-01 -9.946018457412719727e-01 -6.519364714622497559e-01 -4.215752184391021729e-01 1.250653117895126343e-01 -5.244310498237609863e-01 1.187677010893821716e-01 -2.389235496520996094e-01 -8.506301045417785645e-01 -2.174997776746749878e-01 9.868618845939636230e-01 -4.911863505840301514e-01 9.966123104095458984e-01 6.654092669486999512e-01 1.824742257595062256e-01 2.869528830051422119e-01 -6.470999121665954590e-01 5.080621838569641113e-01 -9.905447959899902344e-01 -1.022633686661720276e-01 4.187248945236206055e-01 -9.945439696311950684e-01 -9.605248570442199707e-01 8.947144746780395508e-01 8.496080040931701660e-01 -2.031785435974597931e-03 -9.948840141296386719e-01 1.682826429605484009e-01 -9.942183494567871094e-01 -9.980019330978393555e-01 6.767073869705200195e-01 2.953458130359649658e-01 4.212291538715362549e-02 5.255099013447761536e-02 8.978686332702636719e-01 6.024860143661499023e-01 -1.908487677574157715e-01 9.955767393112182617e-01 -3.601289540529251099e-02 8.078617453575134277e-01 -8.513054847717285156e-01 -9.957591891288757324e-01 -3.324395120143890381e-01 4.665729105472564697e-01 -7.618809938430786133e-01 7.790727019309997559e-01 -2.721286714076995850e-01 9.976862668991088867e-01 -2.367950230836868286e-01 -1.060263514518737793e-01 -9.646926522254943848e-01 9.991963505744934082e-01 -5.280536413192749023e-01 -5.086175799369812012e-01 -2.060293257236480713e-01 -1.638221889734268188e-01 -2.887254655361175537e-01 -5.490306019783020020e-01 9.974482059478759766e-01 6.466546058654785156e-01 4.082008302211761475e-01 4.681924581527709961e-01 3.470264971256256104e-01 -8.769637346267700195e-01 9.331197738647460938e-01 -9.951937794685363770e-01 -7.428023219108581543e-01 2.087524384260177612e-01 9.994299411773681641e-01 1.726702898740768433e-01 -2.673832178115844727e-01 7.884150743484497070e-01 -1.738085299730300903e-01 -2.142846137285232544e-01 -9.271172881126403809e-01 9.642567038536071777e-01 6.615053415298461914e-01 -2.170387506484985352e-01 -5.924770236015319824e-01 -2.229485660791397095e-01 9.566763043403625488e-01 -6.686421036720275879e-01 -4.099270701408386230e-02 -1.915713101625442505e-01 -9.941868185997009277e-01 9.170585870742797852e-01 -1.289412379264831543e-01 5.371878743171691895e-01 -2.360879443585872650e-03 3.388339877128601074e-01 1.647533774375915527e-01 -6.674559116363525391e-01 9.998310208320617676e-01 -3.838040232658386230e-01 -6.604259014129638672e-01 -6.930162310600280762e-01 9.407214522361755371e-01 5.336073637008666992e-01 1.162990033626556396e-01 -8.774099946022033691e-01 -9.449326992034912109e-01 -9.985364079475402832e-01 3.189956024289131165e-02 3.361091911792755127e-01 1.944133788347244263e-01 -1.443550884723663330e-01 9.991816878318786621e-01 9.927595853805541992e-01 8.836008906364440918e-01 -2.271007299423217773e-01 9.985338449478149414e-01 -9.781142473220825195e-01 9.638941884040832520e-01 -9.989492893218994141e-01 -9.785592555999755859e-01 9.684157371520996094e-01 4.560256004333496094e-01 1.669170409440994263e-01 9.167660474777221680e-01 -9.573016762733459473e-01 -8.017806410789489746e-01 -1.623075455427169800e-01 9.900277853012084961e-01 3.426400246098637581e-03 -2.210970968008041382e-01 -9.962925314903259277e-01 -6.189959049224853516e-01 3.865029215812683105e-01 -7.102732360363006592e-02 -3.681358098983764648e-01 4.122438430786132812e-01 2.834952771663665771e-01 2.711285352706909180e-01 7.122380137443542480e-01 -8.208452165126800537e-02 6.982266306877136230e-01 4.104854464530944824e-01 -4.732179343700408936e-01 -5.240100622177124023e-01 2.683635354042053223e-01 -9.587644785642623901e-02 4.835230112075805664e-01 9.895797967910766602e-01 -7.212069630622863770e-01 8.754212856292724609e-01 9.687007069587707520e-01 9.987324476242065430e-01 3.506494164466857910e-01 -9.743328094482421875e-01 -9.619210660457611084e-02 -6.469485759735107422e-01 7.180011272430419922e-01 -8.087123632431030273e-01 9.421439170837402344e-01 -9.943217039108276367e-01 -5.579792261123657227e-01 -5.556405186653137207e-01 9.996795058250427246e-01 4.648045897483825684e-01 1.952911317348480225e-01 -2.103739529848098755e-01 4.997255802154541016e-01 9.643184542655944824e-01 6.013973355293273926e-01 -8.765692710876464844e-01 -5.065601468086242676e-01 5.387057065963745117e-01 2.672317028045654297e-01 9.381655454635620117e-01 9.999948143959045410e-01 -7.324730753898620605e-01 9.549484252929687500e-01 9.980561137199401855e-01 -4.606554657220840454e-02 9.308767914772033691e-01 4.717475771903991699e-01 5.022513270378112793e-01 -2.690961658954620361e-01 7.784339785575866699e-01 1.495917290449142456e-01 -3.070187568664550781e-01 3.769793510437011719e-01 9.998381733894348145e-01 -6.004909276962280273e-01 -1.378962397575378418e-01 -9.999120831489562988e-01 -3.535048961639404297e-01 -1.720988005399703979e-01 -7.695710659027099609e-02 -5.561374425888061523e-01 5.069710612297058105e-01 -9.621837735176086426e-01 2.212399542331695557e-01 9.531394243240356445e-01 7.154341936111450195e-01 -3.754077553749084473e-01 -3.684779256582260132e-02 -3.353681564331054688e-01 9.348463416099548340e-01 -3.601698279380798340e-01 -9.230798482894897461e-01 9.940490722656250000e-01 -3.100177347660064697e-01 -4.936765134334564209e-01 9.579339623451232910e-01 6.200447082519531250e-01 6.773552894592285156e-01 2.703698873519897461e-01 -9.864288568496704102e-01 -9.204672574996948242e-01 9.824697971343994141e-01 9.922738671302795410e-01 9.828235507011413574e-01 -2.041388601064682007e-01 2.859027385711669922e-01 2.023858129978179932e-01 -9.940414428710937500e-01 -9.938076734542846680e-01 -7.003712058067321777e-01 5.697180628776550293e-01 3.835810720920562744e-01 -9.739037752151489258e-01 9.953870773315429688e-01 6.115065217018127441e-01 -2.768884003162384033e-01 8.180984258651733398e-01 -1.281859576702117920e-01 9.986850619316101074e-01 9.875030517578125000e-01 -9.957545399665832520e-01 -7.406100630760192871e-01 9.368228316307067871e-01 -3.118222653865814209e-01 8.436542153358459473e-01 -4.365665316581726074e-01 5.097877979278564453e-01 3.564757108688354492e-01 3.694135248661041260e-01 -2.671443819999694824e-01 -8.200985193252563477e-01 3.177541494369506836e-01 4.584189355373382568e-01 9.573140144348144531e-01 -8.588226884603500366e-02 8.327136747539043427e-03 3.994411528110504150e-01 7.353360652923583984e-01 9.998708367347717285e-01 5.210437178611755371e-01 -9.218270778656005859e-01 -3.157508075237274170e-01 2.862823307514190674e-01 -5.930989980697631836e-02 -3.850640356540679932e-01 -9.336922168731689453e-01 4.201019555330276489e-02 -9.973534941673278809e-01 1.285755187273025513e-01 8.619903922080993652e-01 1.273826509714126587e-01 2.716117799282073975e-01 -1.826157122850418091e-01 4.398936405777931213e-02 4.177629649639129639e-01 -1.479698568582534790e-01 1.170606389641761780e-01 -9.958075284957885742e-01 -2.222252190113067627e-01 9.888012409210205078e-01 -3.136222958564758301e-01 -4.682805538177490234e-01 6.853812932968139648e-01 -9.725971817970275879e-01 5.048143267631530762e-01 9.349105954170227051e-01 9.993039369583129883e-01 5.131350457668304443e-02 9.700279235839843750e-01 5.670931339263916016e-01 -3.462295606732368469e-02 -5.498771667480468750e-01 -3.284280002117156982e-01 9.988734722137451172e-01 -2.402698844671249390e-01 8.185396194458007812e-01 -2.864392101764678955e-01 -7.564706206321716309e-01 1.341833472251892090e-01 -7.398576736450195312e-01 -9.983178973197937012e-01 -2.628051042556762695e-01 -4.411596655845642090e-01 -3.222158253192901611e-01 -9.296080470085144043e-01 -9.988291859626770020e-01 1.436613798141479492e-01 4.590766429901123047e-01 3.915154039859771729e-01 3.342143446207046509e-02 9.958516955375671387e-01 -5.409995317459106445e-01 -5.747960135340690613e-02 -7.309370040893554688e-01 -9.967477321624755859e-01 4.723235964775085449e-01 4.655381143093109131e-01 -2.767546335235238075e-03 2.482095174491405487e-02 -4.908053576946258545e-01 2.439042180776596069e-01 -6.587954759597778320e-01 2.446392476558685303e-01 9.953425526618957520e-01 3.120074570178985596e-01 5.937402248382568359e-01 -9.673542343080043793e-03 9.912045598030090332e-01 -2.415071129798889160e-01 -2.612695097923278809e-02 -9.654014110565185547e-01 -9.987865090370178223e-01 -1.347813606262207031e-01 -3.041968643665313721e-01 -7.101990580558776855e-01 -2.281390577554702759e-01 -6.652210354804992676e-01 9.860676527023315430e-01 2.374325245618820190e-01 4.173916876316070557e-01 -5.970733165740966797e-01 9.801525473594665527e-01 -4.978268444538116455e-01 6.669383645057678223e-01 -9.080963730812072754e-01 -9.958659410476684570e-01 -3.717370331287384033e-01 3.618727624416351318e-02 -9.993743300437927246e-01 7.861868739128112793e-01 9.999149441719055176e-01 -9.289097189903259277e-01 3.539837896823883057e-01 -1.365893930196762085e-01 5.294443964958190918e-01 -1.407983154058456421e-01 -2.652106881141662598e-01 -5.401077270507812500e-01 -3.534096777439117432e-01 -3.111101686954498291e-01 9.352527260780334473e-01 -3.383099660277366638e-02 9.990726113319396973e-01 5.111583471298217773e-01 -8.887312412261962891e-01 7.811220735311508179e-02 5.594442486763000488e-01 1.355735063552856445e-01 2.253631502389907837e-01 5.716600418090820312e-01 -8.820063471794128418e-01 -1.775444298982620239e-01 -9.976496696472167969e-01 -9.930621981620788574e-01 2.509003281593322754e-01 -9.841971993446350098e-01 -9.005678892135620117e-01 4.052695631980895996e-01 -3.898593783378601074e-01 1.909347325563430786e-01 -9.273018836975097656e-01 -9.977169632911682129e-01 2.430461347103118896e-02 -9.387924075126647949e-01 2.507164776325225830e-01 -9.937263131141662598e-01 7.208455204963684082e-01 -4.336856007575988770e-01 4.609918594360351562e-01 7.050942778587341309e-01 -1.718802899122238159e-01 -5.500415712594985962e-02 3.994441032409667969e-01 5.120755434036254883e-01 9.992392659187316895e-01 5.777068138122558594e-01 -7.162622362375259399e-02 4.298806488513946533e-01 9.973773956298828125e-01 3.611575365066528320e-01 4.289607405662536621e-01 -9.985471367835998535e-01 2.766677737236022949e-01 9.962502121925354004e-01 9.991159439086914062e-01 9.382129311561584473e-01 9.997866749763488770e-01 -9.988811612129211426e-01 6.356661021709442139e-02 5.781539678573608398e-01 -6.922059059143066406e-01 9.359871745109558105e-01 -4.447127133607864380e-02 2.984778583049774170e-01 -8.940333724021911621e-01 -7.520300745964050293e-01 7.172073721885681152e-01 -9.990154504776000977e-01 9.977100491523742676e-01 2.674901485443115234e-01 3.741456866264343262e-01 6.248525381088256836e-01 3.543530404567718506e-01 4.792471826076507568e-01 -9.590773582458496094e-01 -9.924711585044860840e-01 -8.188580274581909180e-01 -2.180266827344894409e-01 -5.044278502464294434e-01 -2.180582731962203979e-01 -9.999986290931701660e-01 -4.188847541809082031e-01 -7.258524894714355469e-01 3.822837769985198975e-01 -3.006930351257324219e-01 7.712338119745254517e-02 1.213750895112752914e-02 4.089153707027435303e-01 9.982640743255615234e-01 -9.432892799377441406e-01 7.270516455173492432e-02 1.101274639368057251e-01 -3.508618772029876709e-01 -3.820614889264106750e-02 6.925686597824096680e-01 4.160861074924468994e-01 8.340990543365478516e-01 2.544798851013183594e-01 -1.797166615724563599e-01 -5.775359869003295898e-01 -4.510471820831298828e-01
9.309962987899780273e-01 4.696349501609802246e-01 3.602292835712432861e-01 5.132914185523986816e-01 -6.225193738937377930e-01 -5.636200904846191406e-01 9.977635741233825684e-01 -9.917770028114318848e-01 3.624732140451669693e-03 -2.490352094173431396e-01 1.702300272881984711e-02 -8.332879543304443359e-01 -6.428862810134887695e-01 -7.296978235244750977e-01 -9.282789230346679688e-01 2.564857900142669678e-02 -3.061465024948120117e-01 6.685797125101089478e-02 -4.071722328662872314e-01 3.604799211025238037e-01 1.021721214056015015e-01 -1.481173932552337646e-01 9.619725346565246582e-01 4.148974120616912842e-01 9.991781711578369141e-01 9.963839650154113770e-01 -2.315719872713088989e-01 2.736313641071319580e-01 1.729480475187301636e-01 8.930900692939758301e-01 8.281407356262207031e-01 2.865973412990570068e-01 5.271105170249938965e-01 1.083874851465225220e-01 -8.328572511672973633e-01 -2.080918401479721069e-01 -1.844408363103866577e-01 1.240365058183670044e-01 9.982560873031616211e-01 -1.622055470943450928e-01 2.009280622005462646e-01 -2.587006092071533203e-01 4.167448729276657104e-02 -9.932856559753417969e-01 1.265459209680557251e-01 9.936870932579040527e-01 -8.886849284172058105e-01 -1.191840693354606628e-01 2.866534590721130371e-01 -1.838627904653549194e-01 6.726766228675842285e-01 -2.690900266170501709e-01 9.986267089843750000e-01 -1.143027096986770630e-01 -1.576210111379623413e-01 2.877717614173889160e-01 -2.453090623021125793e-02 4.162964224815368652e-02 -9.993426203727722168e-01 9.685425162315368652e-01 -2.115198373794555664e-01 -1.697935611009597778e-01 3.004686236381530762e-01 -4.199037328362464905e-02 2.009741775691509247e-02 -9.976796507835388184e-01 9.994755387306213379e-01 3.063015043735504150e-01 -1.652918457984924316e-01 9.990549087524414062e-01 9.362283349037170410e-01 9.998250603675842285e-01 -8.965647816658020020e-01 -9.829887747764587402e-01 -8.940919041633605957e-01 -1.894152909517288208e-01 -2.889669835567474365e-01 -1.402479559183120728e-01 -1.411079764366149902e-01 -4.825276732444763184e-01 -9.892517328262329102e-01 -2.485455423593521118e-01 9.913762807846069336e-01 3.994720578193664551e-01 9.362461566925048828e-01 -6.228368282318115234e-01 2.397574670612812042e-02 4.579032063484191895e-01 -6.446943879127502441e-01 -1.603852659463882446e-01 -9.411766529083251953e-01 -2.813755869865417480e-01 1.745280772447586060e-01 -9.160568118095397949e-01 -9.418392181396484375e-01 7.952384948730468750e-01 9.383606910705566406e-01 3.827885389328002930e-01 -9.997429251670837402e-01 -4.221194386482238770e-01 -7.311844229698181152e-01 -9.975408911705017090e-01 8.865148425102233887e-01 1.897974126040935516e-02 2.370517551898956299e-01 -6.807895377278327942e-03 9.942287802696228027e-01 5.485081672668457031e-01 -1.749385297298431396e-01 8.345692157745361328e-01 -1.603487730026245117e-01 5.439559817314147949e-01 -9.091385602951049805e-01 -9.722045660018920898e-01 -6.184734106063842773e-01 4.632845818996429443e-01 -9.643401503562927246e-01 6.788688898086547852e-01 -2.134600654244422913e-02 9.962718486785888672e-01 -8.741523027420043945e-01 -5.922799929976463318e-02 -9.479013085365295410e-01 9.436023235321044922e-01 -2.708639502525329590e-01 3.604939877986907959e-01 -9.832189083099365234e-01 -3.702948987483978271e-01 -5.261187553405761719e-01 -2.596723139286041260e-01 9.559938907623291016e-01 9.411032199859619141e-01 7.582860589027404785e-01 3.218557238578796387e-01 1.459337472915649414e-01 6.157840788364410400e-02 9.606943130493164062e-01 -9.859418272972106934e-01 -9.946166872978210449e-01 3.358281552791595459e-01 9.987745881080627441e-01 3.991626501083374023e-01 -2.339660227298736572e-01 9.979659318923950195e-01 -2.627836465835571289e-01 4.866987466812133789e-01 -9.735280871391296387e-01 9.332659244537353516e-01 5.150684714317321777e-01 -6.823332607746124268e-02 -3.710835576057434082e-01 2.226873040199279785e-01 8.539890050888061523e-01 -3.151607513427734375e-01 4.525879919528961182e-01 -6.158608794212341309e-01 -8.686552047729492188e-01 -8.580220490694046021e-02 -2.797751128673553467e-01 5.134044289588928223e-01 -1.737252622842788696e-01 4.006069004535675049e-01 2.785390913486480713e-01 -5.453600287437438965e-01 9.999915957450866699e-01 -5.204774737358093262e-01 -2.671645581722259521e-01 -5.066542625427246094e-01 9.916338920593261719e-01 -3.811129331588745117e-01 5.261268615722656250e-01 -8.959494233131408691e-01 -9.997146725654602051e-01 -8.582912683486938477e-01 8.428877592086791992e-02 3.054974079132080078e-01 9.362933635711669922e-01 -1.697759926319122314e-01 9.793484807014465332e-01 9.592802524566650391e-01 6.990468502044677734e-01 -1.793105714023113251e-02 9.976617693901062012e-01 -6.564074754714965820e-01 8.147813677787780762e-01 -9.934968948364257812e-01 -7.685095667839050293e-01 4.163292646408081055e-01 5.483011007308959961e-01 8.923668265342712402e-01 9.712463617324829102e-01 -9.874184727668762207e-01 6.544627547264099121e-01 1.787784397602081299e-01 9.962648749351501465e-01 -2.354500293731689453e-01 -9.584843516349792480e-01 -9.689863920211791992e-01 -8.820533752441406250e-01 -3.318598493933677673e-02 -6.060755252838134766e-02 -4.429454207420349121e-01 -3.434728085994720459e-01 3.199328109622001648e-02 6.340839713811874390e-02 -6.469065546989440918e-01 -2.238811850547790527e-01 9.931850433349609375e-01 9.989433884620666504e-01 -1.417961567640304565e-01 -4.031176269054412842e-01 4.865297675132751465e-01 -5.336460657417774200e-03 1.406607180833816528e-01 9.495314359664916992e-01 5.497640967369079590e-01 -2.687984406948089600e-01 8.762452006340026855e-01 9.175908565521240234e-01 -2.992251813411712646e-01 -1.664529740810394287e-01 1.826158463954925537e-01 -9.598236083984375000e-01 4.201053977012634277e-01 -9.893900752067565918e-01 6.154557466506958008e-01 -9.690490961074829102e-01 -3.645603656768798828e-01 -3.225817978382110596e-01 9.490563869476318359e-01 6.811258196830749512e-02 2.876761853694915771e-01 5.696120858192443848e-02 5.041730999946594238e-01 9.808630943298339844e-01 -1.848296821117401123e-01 7.264760732650756836e-01 -4.173044264316558838e-01 2.954201102256774902e-01 -2.108906507492065430e-01 9.858125448226928711e-01 9.999784231185913086e-01 -5.663332939147949219e-01 8.050697445869445801e-01 9.428778290748596191e-01 1.314154826104640961e-03 9.966142773628234863e-01 5.769791454076766968e-02 3.319638073444366455e-01 -1.037287116050720215e-01 5.294878482818603516e-01 -2.686815895140171051e-02 -8.793044090270996094e-02 4.691554307937622070e-01 9.953050017356872559e-01 -1.303576976060867310e-01 -2.651667967438697815e-02 -9.956902861595153809e-01 -8.210212588310241699e-01 4.195977449417114258e-01 -5.966031551361083984e-01 -8.829495310783386230e-01 3.815797567367553711e-01 -8.862996101379394531e-01 3.091531991958618164e-01 8.842774033546447754e-01 9.968753457069396973e-01 -9.990417957305908203e-01 -1.648310273885726929e-01 -8.443134836852550507e-03 9.943544864654541016e-01 -1.873327791690826416e-01 -5.215349197387695312e-01 9.997997283935546875e-01 -5.007590055465698242e-01 -9.865965247154235840e-01 9.942985773086547852e-01 4.834930002689361572e-01 6.941497921943664551e-01 -5.428882837295532227e-01 -9.959096312522888184e-01 -1.875096112489700317e-01 2.928642630577087402e-01 9.922153353691101074e-01 9.993159770965576172e-01 -9.559635818004608154e-02 3.941111266613006592e-01 -1.844464242458343506e-02 -9.982129931449890137e-01 -9.998469948768615723e-01 -9.962955713272094727e-01 4.335241615772247314e-01 1.966435462236404419e-01 -3.015742301940917969e-01 9.666208624839782715e-01 -9.972032904624938965e-01 -1.794158518314361572e-01 9.214081168174743652e-01 -2.463368177413940430e-01 9.721742868423461914e-01 9.950910806655883789e-01 -9.980263710021972656e-01 -3.269909322261810303e-01 9.717594981193542480e-01 -1.135282292962074280e-01 8.531470298767089844e-01 4.756637513637542725e-01 9.983907341957092285e-01 -4.506839811801910400e-01 -1.408171188086271286e-02 1.343458443880081177e-01 -8.284836411476135254e-01 2.069381065666675568e-03 9.971533417701721191e-01 8.795548081398010254e-01 -2.474999725818634033e-01 1.001660600304603577e-01 4.344638586044311523e-01 5.358231663703918457e-01 9.986202120780944824e-01 7.674873620271682739e-02 -9.663503170013427734e-01 -2.185666263103485107e-01 -9.931586384773254395e-01 1.472249329090118408e-01 -3.969608545303344727e-01 -8.922811150550842285e-01 -1.313036382198333740e-01 -9.439424276351928711e-01 -3.896904289722442627e-01 9.662364125251770020e-01 -4.978819936513900757e-02 1.740104854106903076e-01 -3.185152709484100342e-01 9.548469632863998413e-02 2.939109802246093750e-01 -3.794931471347808838e-01 -8.733471035957336426e-01 -7.297338247299194336e-01 1.301555633544921875e-01 9.591850638389587402e-01 2.735669612884521484e-01 -5.417633056640625000e-01 9.995506405830383301e-01 -8.126046061515808105e-01 -4.612362384796142578e-01 8.246014118194580078e-01 9.994405508041381836e-01 3.101123496890068054e-02 7.824453115463256836e-01 5.636047720909118652e-01 2.782195508480072021e-01 8.853428959846496582e-01 -9.503559768199920654e-02 9.172506928443908691e-01 -6.844019889831542969e-02 4.855540394783020020e-01 -1.087973639369010925e-01 -2.242834120988845825e-01 -4.482797384262084961e-01 -9.730359911918640137e-01 -8.534952998161315918e-01 -3.530158698558807373e-01 -2.042190432548522949e-01 1.856859773397445679e-01 -9.916517138481140137e-01 -9.047985672950744629e-01 4.059790372848510742e-01 3.425971567630767822e-01 4.681665003299713135e-01 -1.180739775300025940e-01 9.702560305595397949e-01 -5.247248411178588867e-01 1.203848794102668762e-01 7.810382843017578125e-01 -9.988926649093627930e-01 2.655656039714813232e-01 3.880467414855957031e-01 -1.795343011617660522e-01 1.396796405315399170e-01 -5.191468596458435059e-01 1.276452392339706421e-01 -9.913252592086791992e-01 -7.909838110208511353e-02 9.975867271423339844e-01 9.274786710739135742e-01 8.475137352943420410e-01 -1.858137100934982300e-01 2.432572841644287109e-02 -3.202607035636901855e-01 -3.372931480407714844e-01 -6.846493482589721680e-01 -9.997953176498413086e-01 5.019249022006988525e-02 -1.382146030664443970e-01 -3.967352509498596191e-01 -7.563953101634979248e-02 -5.581731796264648438e-01 9.991754889488220215e-01 -6.948718428611755371e-02 -1.394916176795959473e-01 -6.488304138183593750e-01 7.430984973907470703e-01 -2.682344019412994385e-01 4.275757074356079102e-01 -9.919725060462951660e-01 -7.998933196067810059e-01 9.562380611896514893e-02 3.886471688747406006e-02 -9.982216954231262207e-01 -5.399143695831298828e-01 9.885433912277221680e-01 -9.994049072265625000e-01 -4.413128197193145752e-01 -9.036511182785034180e-01 -1.125717014074325562e-01 4.229344725608825684e-01 -4.571331441402435303e-01 -2.445840835571289062e-01 -5.463908910751342773e-01 -3.523797690868377686e-01 9.640066027641296387e-01 -1.153577119112014771e-01 9.888308048248291016e-01 3.422018289566040039e-01 -9.628766179084777832e-01 2.453508377075195312e-01 4.034678041934967041e-01 -7.525892462581396103e-03 -4.971554502844810486e-03 3.147963881492614746e-01 -9.975028038024902344e-01 9.866536855697631836e-01 -9.997251033782958984e-01 -9.754127264022827148e-01 5.254270434379577637e-01 -8.933286666870117188e-01 -6.591762900352478027e-01 4.213303029537200928e-01 -2.080992609262466431e-01 -2.395281642675399780e-01 -9.515729546546936035e-01 -9.989891052246093750e-01 -8.335029333829879761e-02 -9.721497893333435059e-01 -9.677311778068542480e-01 -9.993104934692382812e-01 3.309695720672607422e-01 -4.026305973529815674e-01 -2.257643043994903564e-01 4.941741824150085449e-01 -1.083050295710563660e-01 -9.880024194717407227e-02 9.711696505546569824e-01 1.456256769597530365e-02 8.698698282241821289e-01 3.957929313182830811e-01 -2.456978261470794678e-01 -1.163760758936405182e-02 9.818942546844482422e-01 -7.899556159973144531e-01 1.647875905036926270e-01 -9.951480627059936523e-01 3.552318811416625977e-01 9.265921115875244141e-01 9.979082345962524414e-01 5.780799984931945801e-01 9.735832810401916504e-01 -9.993729591369628906e-01 -1.176704987883567810e-01 5.447219610214233398e-01 3.557221889495849609e-01 8.229410648345947266e-01 8.207981288433074951e-02 5.876839160919189453e-01 -9.500027298927307129e-01 -9.861274957656860352e-01 5.503535270690917969e-01 -9.841181635856628418e-01 9.691252708435058594e-01 -1.757100671529769897e-01 2.667739242315292358e-02 3.354217112064361572e-01 4.380183294415473938e-02 2.001385837793350220e-01 -9.923050403594970703e-01 -8.445723652839660645e-01 -3.108640909194946289e-01 3.347361683845520020e-01 -2.587562203407287598e-01 -3.506886959075927734e-01 -9.999941587448120117e-01 9.936671704053878784e-02 -3.175164386630058289e-02 -2.216734588146209717e-01 -2.897193729877471924e-01 4.109028726816177368e-02 1.708634346723556519e-01 -7.327324151992797852e-01 9.997268319129943848e-01 -9.996391534805297852e-01 3.320246040821075439e-01 4.823015034198760986e-01 2.038235217332839966e-01 2.726544737815856934e-01 -8.113864660263061523e-01 9.219117760658264160e-01 5.085586905479431152e-01 9.456184506416320801e-02 2.964798212051391602e-01 -2.340566813945770264e-01 -9.021725654602050781e-01
6.304750442504882812e-01 9.674514532089233398e-01 -9.093669056892395020e-02 -5.978655070066452026e-02 -6.736178696155548096e-02 -9.969092607498168945e-01 9.988000988960266113e-01 -9.990942478179931641e-01 -1.202693879604339600e-01 -8.526696562767028809e-01 -2.061875462532043457e-01 3.809157013893127441e-01 -3.134335279464721680e-01 -8.188948035240173340e-01 -5.184229612350463867e-01 -2.251531630754470825e-01 4.314277786761522293e-03 -5.440188646316528320e-01 -6.002846956253051758e-01 4.216381907463073730e-01 4.936810433864593506e-01 1.284684836864471436e-01 8.785262107849121094e-01 -4.156334400177001953e-01 9.970617294311523438e-01 8.658056259155273438e-01 -3.107848167419433594e-01 -7.489255815744400024e-02 2.553058862686157227e-01 9.504863023757934570e-01 4.499408230185508728e-02 3.483739867806434631e-02 -1.413294970989227295e-01 3.490176796913146973e-01 -2.263297438621520996e-01 -3.952318131923675537e-01 -1.964655369520187378e-01 -4.292584359645843506e-01 5.112497806549072266e-01 -1.990104466676712036e-01 -3.879282996058464050e-02 -5.829377099871635437e-02 3.000265359878540039e-01 -8.834566473960876465e-01 7.354614790529012680e-03 9.957339167594909668e-01 -8.972009420394897461e-01 -5.479398965835571289e-01 4.051692485809326172e-01 -2.478428483009338379e-01 6.248069405555725098e-01 -2.537342011928558350e-01 3.616332113742828369e-01 1.114532649517059326e-01 -3.781201243400573730e-01 1.903776824474334717e-01 2.879271209239959717e-01 -3.862709403038024902e-01 -9.998024702072143555e-01 -2.518652379512786865e-01 -8.062443137168884277e-02 6.344108283519744873e-02 -5.484657883644104004e-01 1.588991880416870117e-01 -2.938136458396911621e-02 -9.158234596252441406e-01 9.133893251419067383e-01 -9.819176793098449707e-02 -1.692174524068832397e-01 9.592573642730712891e-01 5.840561389923095703e-01 9.999880790710449219e-01 -9.176008105278015137e-01 -9.933496713638305664e-01 -6.699416041374206543e-01 -4.721099436283111572e-01 1.589142382144927979e-01 -9.460337162017822266e-01 1.053402572870254517e-01 -4.918348044157028198e-02 -9.189830422401428223e-01 -2.644101977348327637e-01 9.792078137397766113e-01 -1.309778839349746704e-01 8.966342806816101074e-01 4.832943081855773926e-01 -1.327606737613677979e-01 2.554338872432708740e-01 -5.494198799133300781e-01 1.757118403911590576e-01 -9.084921479225158691e-01 -1.486556977033615112e-01 4.128631055355072021e-01 -9.645572304725646973e-01 -9.772230982780456543e-01 9.893071651458740234e-01 9.343135356903076172e-01 -1.721626147627830505e-02 -9.688209295272827148e-01 4.297621846199035645e-01 -9.990326762199401855e-01 -9.994523525238037109e-01 5.420244932174682617e-01 4.857197403907775879e-01 2.142932452261447906e-02 1.756053864955902100e-01 9.072179794311523438e-01 2.341442406177520752e-01 1.900148242712020874e-01 9.816498756408691406e-01 -6.688211113214492798e-02 6.796718835830688477e-01 -9.510331749916076660e-01 -9.274891614913940430e-01 -6.452556699514389038e-02 8.693357557058334351e-02 -9.188706874847412109e-01 -1.639139652252197266e-02 -3.292008340358734131e-01 9.884615540504455566e-01 -5.962888151407241821e-02 -1.121461577713489532e-02 -7.090910077095031738e-01 9.907662272453308105e-01 -3.914847373962402344e-01 -1.452365666627883911e-01 -8.546706438064575195e-01 -3.805161416530609131e-01 1.956339739263057709e-02 -2.163673490285873413e-01 9.889566302299499512e-01 6.895700097084045410e-01 9.622669219970703125e-01 2.240421473979949951e-01 3.024458885192871094e-01 -7.816869616508483887e-01 9.084505438804626465e-01 -9.553104043006896973e-01 -9.783479571342468262e-01 3.378323316574096680e-01 9.969155788421630859e-01 2.939065992832183838e-01 -7.616753876209259033e-02 7.153671383857727051e-01 -4.821913242340087891e-01 -5.153154134750366211e-01 -8.527103066444396973e-01 8.607221245765686035e-01 3.099554777145385742e-01 -1.977489739656448364e-01 -4.149212837219238281e-01 -7.267585396766662598e-02 7.549928426742553711e-01 -5.789855718612670898e-01 -2.011947929859161377e-01 1.815325468778610229e-01 -9.204040169715881348e-01 6.817889809608459473e-01 6.027408316731452942e-02 4.509924054145812988e-01 -1.418732665479183197e-02 8.354277163743972778e-02 2.983771562576293945e-01 -3.663882613182067871e-01 9.998013973236083984e-01 -3.419188857078552246e-01 -4.216119945049285889e-01 -5.642551779747009277e-01 9.629334211349487305e-01 1.938840299844741821e-01 4.038889706134796143e-01 -9.698660373687744141e-01 -9.724118113517761230e-01 -9.417710304260253906e-01 -2.396703511476516724e-01 3.554064631462097168e-01 7.934422492980957031e-01 -1.185799762606620789e-02 9.940140843391418457e-01 9.907848238945007324e-01 5.143930315971374512e-01 7.192388176918029785e-02 9.988996982574462891e-01 -8.853690028190612793e-01 9.819836616516113281e-01 -9.984381198883056641e-01 -9.700541496276855469e-01 9.546440839767456055e-01 5.095310211181640625e-01 3.646375536918640137e-01 9.101806282997131348e-01 -9.657365083694458008e-01 -5.853323340415954590e-01 1.312949359416961670e-01 9.839465618133544922e-01 2.592979669570922852e-01 -6.387983560562133789e-01 -8.975665569305419922e-01 -8.907836675643920898e-01 8.440823853015899658e-02 7.860844582319259644e-02 -2.602848410606384277e-01 -2.322564721107482910e-01 -1.479179412126541138e-01 1.002169027924537659e-01 7.139811515808105469e-01 -1.666221618652343750e-01 7.300524711608886719e-01 1.663623601198196411e-01 -3.456266522407531738e-01 -5.826498270034790039e-01 5.828331112861633301e-01 1.879639774560928345e-01 2.346706837415695190e-01 9.056060314178466797e-01 -3.538962900638580322e-01 1.241686120629310608e-01 8.501922488212585449e-01 9.474211931228637695e-01 2.922967374324798584e-01 -9.100813865661621094e-01 2.043789774179458618e-01 -5.594221949577331543e-01 5.620203018188476562e-01 -6.500207781791687012e-01 8.775653839111328125e-01 -9.085533618927001953e-01 -5.633977055549621582e-01 6.817969679832458496e-02 9.993851184844970703e-01 4.267624318599700928e-01 1.694654524326324463e-01 -1.040063202381134033e-01 5.223662853240966797e-01 9.005720019340515137e-01 2.060377001762390137e-01 -6.449581384658813477e-01 -3.185280561447143555e-01 4.171220660209655762e-01 3.641149103641510010e-01 9.157927036285400391e-01 9.999935626983642578e-01 -2.966946065425872803e-01 9.734690189361572266e-01 9.877233505249023438e-01 -1.644050925970077515e-01 9.405151009559631348e-01 -6.521382182836532593e-02 5.525617003440856934e-01 -3.538250327110290527e-01 6.077019572257995605e-01 4.347136020660400391e-01 -2.286322414875030518e-01 2.614382803440093994e-01 9.996238946914672852e-01 -6.087589859962463379e-01 2.795835733413696289e-01 -9.997559785842895508e-01 -6.541696786880493164e-01 -1.727422028779983521e-01 -3.821212053298950195e-01 -3.027121126651763916e-01 3.502776920795440674e-01 -9.743652939796447754e-01 2.337904125452041626e-01 9.375268220901489258e-01 7.981227040290832520e-01 -9.115768074989318848e-01 3.051659464836120605e-01 -2.811449766159057617e-01 9.772465825080871582e-01 -2.499530166387557983e-01 -9.198402762413024902e-01 9.945300817489624023e-01 -1.140252053737640381e-01 -5.736451148986816406e-01 9.776174426078796387e-01 6.444731354713439941e-01 4.228748083114624023e-01 1.259329319000244141e-01 -9.892217516899108887e-01 -9.667406082153320312e-01 9.299441576004028320e-01 9.854810833930969238e-01 9.945501685142517090e-01 -3.685370683670043945e-01 3.419592976570129395e-01 1.267938017845153809e-01 -9.640713930130004883e-01 -9.905998110771179199e-01 -8.862543702125549316e-01 4.912156462669372559e-01 1.240283921360969543e-01 -9.875605106353759766e-01 9.650797843933105469e-01 -3.039765655994415283e-01 -9.183432906866073608e-02 6.280938982963562012e-01 1.280609667301177979e-01 9.925382733345031738e-01 9.724028110504150391e-01 -9.978226423263549805e-01 -1.744305640459060669e-01 8.890870809555053711e-01 3.155109239742159843e-03 9.476582407951354980e-01 -3.477335870265960693e-01 6.490490436553955078e-01 2.449212074279785156e-01 1.627073734998703003e-01 6.684695184230804443e-02 -8.551131486892700195e-01 1.802328974008560181e-01 4.431531131267547607e-01 8.874948620796203613e-01 -3.594452887773513794e-02 1.112460270524024963e-01 2.498220503330230713e-01 6.002305746078491211e-01 9.995961189270019531e-01 3.937999308109283447e-01 -9.542262554168701172e-01 1.389008015394210815e-01 4.119625091552734375e-01 1.506322175264358521e-01 -2.840935885906219482e-01 -9.851452708244323730e-01 -6.101503372192382812e-01 -9.119531512260437012e-01 -1.997650265693664551e-01 4.823322892189025879e-01 -2.059157341718673706e-01 3.840897083282470703e-01 2.769498899579048157e-02 7.012429088354110718e-02 1.765230894088745117e-01 -3.319823145866394043e-01 -2.178307324647903442e-01 -9.460794925689697266e-01 -1.346222907304763794e-01 9.904379844665527344e-01 -7.734450697898864746e-02 -1.546250879764556885e-01 9.193707704544067383e-01 -9.759403467178344727e-01 8.981069922447204590e-01 7.206176519393920898e-01 9.990246295928955078e-01 3.715536594390869141e-01 8.965598344802856445e-01 4.737439751625061035e-01 -1.408907473087310791e-01 2.669418156147003174e-01 -1.928427219390869141e-01 9.481667876243591309e-01 -1.513724774122238159e-01 4.170890450477600098e-01 1.395774483680725098e-01 -5.365568995475769043e-01 -1.451978646218776703e-02 7.286075502634048462e-02 -9.374887943267822266e-01 -5.232559144496917725e-02 -3.818282485008239746e-01 -2.849174439907073975e-01 -9.790914058685302734e-01 -9.493221640586853027e-01 -6.656759977340698242e-02 3.640759289264678955e-01 4.301028549671173096e-01 1.184808313846588135e-01 9.941192865371704102e-01 -4.371168613433837891e-01 -2.475189566612243652e-01 -2.243095636367797852e-01 -9.779059886932373047e-01 3.281873464584350586e-01 4.137849807739257812e-01 2.196617424488067627e-05 2.565098404884338379e-01 -3.175829350948333740e-01 -1.671873778104782104e-01 -9.314473271369934082e-01 2.199278399348258972e-02 9.570034742355346680e-01 6.599623560905456543e-01 3.089890182018280029e-01 9.507406502962112427e-02 9.683575034141540527e-01 -7.032358646392822266e-02 9.944194555282592773e-02 -9.978362917900085449e-01 -9.996659755706787109e-01 -1.702711880207061768e-01 -2.831182479858398438e-01 -6.594353318214416504e-01 -3.559206724166870117e-01 -3.529808223247528076e-01 9.875403046607971191e-01 3.267519176006317139e-01 6.477023661136627197e-02 -6.732572913169860840e-01 8.606004118919372559e-01 -3.375057280063629150e-01 5.531226396560668945e-01 -8.696453571319580078e-01 -9.173132181167602539e-01 -1.596754342317581177e-01 1.210032179951667786e-01 -9.995415210723876953e-01 9.757226109504699707e-01 9.999524950981140137e-01 -9.456786513328552246e-01 2.544781006872653961e-02 -7.653089761734008789e-01 1.763716489076614380e-01 -9.468413889408111572e-02 -5.028189420700073242e-01 -8.225993514060974121e-01 6.593098640441894531e-01 -4.103575348854064941e-01 9.775214195251464844e-01 -5.865533277392387390e-02 9.960671663284301758e-01 3.311639130115509033e-01 -8.361325263977050781e-01 1.598354727029800415e-01 6.837006211280822754e-01 1.354400962591171265e-01 3.238053917884826660e-01 4.859344065189361572e-01 -8.926487565040588379e-01 7.015512585639953613e-01 -9.983358383178710938e-01 -9.609169960021972656e-01 3.151195943355560303e-01 -9.653653502464294434e-01 -4.878163337707519531e-01 3.737896978855133057e-01 -2.974850833415985107e-01 3.034484982490539551e-01 -9.421609044075012207e-01 -9.960290193557739258e-01 4.765711352229118347e-02 -9.006063938140869141e-01 7.765602320432662964e-02 -9.972862601280212402e-01 6.694280505180358887e-01 -3.159397542476654053e-01 8.143097907304763794e-02 4.276977181434631348e-01 -1.961628198623657227e-01 4.680387675762176514e-02 -1.649118065834045410e-01 1.766906231641769409e-01 9.961512684822082520e-01 2.858974039554595947e-01 9.375555813312530518e-02 2.000453025102615356e-01 9.772387146949768066e-01 2.772926166653633118e-02 2.076028436422348022e-01 -9.853226542472839355e-01 4.804936051368713379e-02 8.879686594009399414e-01 9.990486502647399902e-01 6.933700442314147949e-01 9.995036721229553223e-01 -9.999075531959533691e-01 2.867629528045654297e-01 4.878974258899688721e-01 -8.634352087974548340e-01 8.338443040847778320e-01 -1.671240180730819702e-01 1.810950040817260742e-01 -5.822460651397705078e-01 -3.637492656707763672e-01 6.377543807029724121e-01 -9.964981079101562500e-01 9.974792599678039551e-01 8.742082118988037109e-02 2.546047270298004150e-01 3.872371017932891846e-01 1.297159790992736816e-01 3.948204219341278076e-01 -9.829872250556945801e-01 -9.227826595306396484e-01 -8.125478029251098633e-01 -2.768488414585590363e-02 -1.933139413595199585e-01 1.989465653896331787e-01 -9.999989271163940430e-01 -2.773750722408294678e-01 -6.107744574546813965e-01 3.301607668399810791e-01 -2.703187242150306702e-02 7.780423760414123535e-02 -5.082643032073974609e-02 2.321760207414627075e-01 9.965421557426452637e-01 -9.748438000679016113e-01 3.397669494152069092e-01 1.187177672982215881e-01 -4.682792425155639648e-01 2.553287148475646973e-02 5.003578662872314453e-01 7.082495689392089844e-01 5.917935967445373535e-01 2.108815759420394897e-01 -1.620660722255706787e-01 -4.885917901992797852e-01 -8.764570355415344238e-01
-5.509582757949829102e-01 3.046543002128601074e-01 1.769563555717468262e-01 1.374395489692687988e-01 -5.705479979515075684e-01 1.954652369022369385e-01 9.889851212501525879e-01 -9.822587966918945312e-01 -6.069234386086463928e-02 -9.317159056663513184e-01 -1.447007954120635986e-01 -9.622605443000793457e-01 -6.140872836112976074e-01 -8.804022073745727539e-01 -9.779010415077209473e-01 -3.026377260684967041e-01 -2.514687776565551758e-01 7.345747947692871094e-02 -2.071618884801864624e-01 -3.287422657012939453e-02 -2.733978331089019775e-01 5.212867632508277893e-02 9.704988002777099609e-01 -3.771906793117523193e-01 9.997787475585937500e-01 9.684892296791076660e-01 -7.357500493526458740e-02 2.067247927188873291e-01 2.104030996561050415e-01 9.960783123970031738e-01 9.966515302658081055e-01 -1.102304458618164062e-01 5.110061764717102051e-01 2.967316806316375732e-01 -6.485782861709594727e-01 -1.196418330073356628e-01 -1.269644051790237427e-01 1.500205248594284058e-01 9.986926913261413574e-01 2.071107029914855957e-01 2.825025022029876709e-01 -1.791653037071228027e-01 -1.095832362771034241e-01 -9.980061650276184082e-01 -1.127828881144523621e-01 9.424853324890136719e-01 -9.325318336486816406e-01 9.775195270776748657e-02 7.155684232711791992e-01 1.628977060317993164e-01 8.905811905860900879e-01 3.115120343863964081e-02 9.998419284820556641e-01 -5.113999545574188232e-02 7.381561994552612305e-01 -1.280583590269088745e-01 2.917082794010639191e-02 3.851780295372009277e-02 -9.982817173004150391e-01 9.618330001831054688e-01 -5.031565427780151367e-01 -1.339819282293319702e-01 8.505664467811584473e-01 -3.673531860113143921e-02 2.960104048252105713e-01 -9.990904927253723145e-01 9.997655749320983887e-01 9.085238575935363770e-01 1.057881116867065430e-01 9.835150241851806641e-01 7.973201870918273926e-01 9.995444416999816895e-01 -7.815029621124267578e-01 -9.502622485160827637e-01 -7.769708633422851562e-01 4.197502508759498596e-02 1.142556443810462952e-01 5.024539232254028320e-01 -4.343371093273162842e-01 -4.393793344497680664e-01 -9.908499121665954590e-01 -1.353366225957870483e-01 9.933237433433532715e-01 -3.777919113636016846e-01 9.976412057876586914e-01 -9.031672477722167969e-01 7.922893017530441284e-02 2.875649929046630859e-02 -1.684483438730239868e-01 -1.883450150489807129e-01 -9.958357214927673340e-01 1.078102290630340576e-01 1.296378485858440399e-02 -9.754650592803955078e-01 -8.334114551544189453e-01 4.683843255043029785e-01 9.882823824882507324e-01 5.804309621453285217e-02 -9.969865083694458008e-01 -5.867172479629516602e-01 -8.185679912567138672e-01 -9.932723045349121094e-01 7.318353652954101562e-01 -3.374878168106079102e-01 1.348360627889633179e-01 -7.192482799291610718e-02 9.921053051948547363e-01 5.305755734443664551e-01 -3.433829545974731445e-01 -7.996442317962646484e-01 -4.555807113647460938e-01 4.875871837139129639e-01 -7.872546315193176270e-01 -9.981536269187927246e-01 -5.618560910224914551e-01 4.460203647613525391e-01 -9.566141366958618164e-01 6.113234162330627441e-01 -1.826974153518676758e-01 9.963089227676391602e-01 -8.669337034225463867e-01 -1.150886267423629761e-01 -9.968489408493041992e-01 8.277857899665832520e-01 6.062213331460952759e-02 1.690299361944198608e-01 -9.881840944290161133e-01 -3.091715872287750244e-01 -4.668244123458862305e-01 1.925801485776901245e-01 8.693991303443908691e-01 8.373277187347412109e-01 7.266229391098022461e-01 -1.357696950435638428e-01 -3.145685195922851562e-01 -8.510333895683288574e-01 9.980438947677612305e-01 -9.985942244529724121e-01 -8.179594874382019043e-01 -2.812768146395683289e-02 9.973002076148986816e-01 2.174220532178878784e-01 -2.287317514419555664e-01 9.980504512786865234e-01 -5.798422694206237793e-01 9.042782187461853027e-01 -8.305234313011169434e-01 9.330163002014160156e-01 9.169737696647644043e-01 -2.080186456441879272e-01 -3.673451840877532959e-01 2.234943956136703491e-01 9.076012372970581055e-01 -5.253245681524276733e-02 1.176935285329818726e-01 -3.257952332496643066e-01 -9.910808205604553223e-01 -9.136800169944763184e-01 -1.596280187368392944e-01 2.041264809668064117e-02 3.364646434783935547e-01 8.394377306103706360e-03 7.627133280038833618e-02 -4.528300464153289795e-01 9.999873042106628418e-01 -1.198051273822784424e-01 -2.878867983818054199e-01 -3.909912407398223877e-01 9.986793994903564453e-01 6.491566300392150879e-01 2.810927331447601318e-01 -8.188984394073486328e-01 -9.876341819763183594e-01 -9.939681291580200195e-01 -2.052414417266845703e-01 3.131011724472045898e-01 9.034040570259094238e-01 -1.195544004440307617e-01 9.953386783599853516e-01 1.009720042347908020e-01 7.173773646354675293e-01 4.719685763120651245e-02 9.789694547653198242e-01 -8.767532110214233398e-01 8.132013678550720215e-01 -9.882677793502807617e-01 -9.720873236656188965e-01 -2.618021667003631592e-01 3.501045405864715576e-01 8.022528290748596191e-01 9.917898178100585938e-01 -9.946210980415344238e-01 5.961627960205078125e-01 -1.869109924882650375e-03 9.732612967491149902e-01 -2.231194525957107544e-01 -9.436807036399841309e-01 -9.987545013427734375e-01 -7.692776322364807129e-01 -1.960597336292266846e-01 -1.174937039613723755e-01 -1.628129780292510986e-01 6.121078878641128540e-02 1.297539025545120239e-01 7.082834094762802124e-02 -4.901186525821685791e-01 -5.494137853384017944e-02 9.982033371925354004e-01 9.982031583786010742e-01 1.993720978498458862e-01 -4.464303255081176758e-01 -3.337366580963134766e-01 -2.525906264781951904e-01 1.050484776496887207e-01 9.955490231513977051e-01 8.060516119003295898e-01 6.952568292617797852e-01 9.878243803977966309e-01 9.966727495193481445e-01 -2.033781409263610840e-01 2.799067199230194092e-01 3.920947015285491943e-01 -3.944938182830810547e-01 3.022855520248413086e-01 -8.853791952133178711e-01 2.121383324265480042e-02 -9.976493120193481445e-01 -4.857294857501983643e-01 -2.894408404827117920e-01 7.581605315208435059e-01 -5.920586362481117249e-02 7.968288660049438477e-02 2.416290640830993652e-01 4.395843744277954102e-01 9.989371895790100098e-01 -1.292302459478378296e-01 5.767881274223327637e-01 -1.747763603925704956e-01 1.639075577259063721e-01 -8.840057998895645142e-02 9.666914343833923340e-01 9.999707341194152832e-01 -9.620776176452636719e-01 9.654655456542968750e-01 9.905576109886169434e-01 5.813090503215789795e-02 9.959723949432373047e-01 -2.269832231104373932e-02 4.587638005614280701e-02 -6.002154946327209473e-02 2.831716239452362061e-01 -1.982430666685104370e-01 -4.407437741756439209e-01 2.861306667327880859e-01 9.994185566902160645e-01 -1.557315327227115631e-02 -3.233943581581115723e-01 -9.852377772331237793e-01 -4.050649702548980713e-01 1.700262278318405151e-01 -1.385333538055419922e-01 -9.085541367530822754e-01 7.545193284749984741e-02 -9.261753559112548828e-01 -1.066235080361366272e-01 9.149976968765258789e-01 9.991589188575744629e-01 -9.979218840599060059e-01 2.022337317466735840e-01 -3.346057236194610596e-01 9.702153205871582031e-01 -1.014651805162429810e-01 -9.240770339965820312e-01 9.995352029800415039e-01 -4.338034391403198242e-01 -9.766681790351867676e-01 9.983208775520324707e-01 2.393047064542770386e-01 6.624328494071960449e-01 -6.373057961463928223e-01 -9.936493635177612305e-01 -8.076936006546020508e-01 8.740939497947692871e-01 9.988502860069274902e-01 9.888002276420593262e-01 1.423097103834152222e-01 1.394154727458953857e-01 -9.871511906385421753e-02 -9.998313188552856445e-01 -9.999007582664489746e-01 -9.989532232284545898e-01 7.969645410776138306e-02 5.026730895042419434e-02 -6.029999256134033203e-01 9.971110224723815918e-01 -9.994999766349792480e-01 -2.799358069896697998e-01 9.652381539344787598e-01 -5.135970115661621094e-01 9.833019375801086426e-01 9.966939687728881836e-01 -9.830284118652343750e-01 -8.617987632751464844e-01 9.971564412117004395e-01 -5.122383236885070801e-01 2.627725899219512939e-01 4.984987378120422363e-01 9.991845488548278809e-01 7.943744063377380371e-01 2.617959864437580109e-02 -7.929251343011856079e-02 -8.602614998817443848e-01 3.467021510004997253e-02 9.983787536621093750e-01 8.935745954513549805e-01 2.754151523113250732e-01 2.888220846652984619e-01 4.405112005770206451e-03 4.744445681571960449e-01 9.972925782203674316e-01 -2.294725775718688965e-01 -7.228456735610961914e-01 -3.124665915966033936e-01 -9.156540036201477051e-01 1.080273911356925964e-01 -3.017837703227996826e-01 -3.666226267814636230e-01 -1.354244798421859741e-01 -9.982131123542785645e-01 1.229425296187400818e-01 9.981563091278076172e-01 -9.903700649738311768e-02 3.877180814743041992e-01 -2.593936920166015625e-01 1.609858721494674683e-01 2.340859919786453247e-01 2.536601424217224121e-01 -9.002670049667358398e-01 -9.696726202964782715e-01 8.180626481771469116e-02 9.436318874359130859e-01 3.880618810653686523e-01 -1.839651614427566528e-01 9.969839453697204590e-01 -5.847990512847900391e-01 -7.522283792495727539e-01 9.752406477928161621e-01 9.993033409118652344e-01 1.089832484722137451e-01 5.707920789718627930e-01 2.779062092304229736e-01 1.863347291946411133e-01 3.909881412982940674e-02 2.098241895437240601e-01 9.967067837715148926e-01 -7.783704996109008789e-02 1.745100170373916626e-01 1.392500847578048706e-01 -1.657743453979492188e-01 -2.328099608421325684e-01 -9.330279231071472168e-01 -9.944462776184082031e-01 3.765721339732408524e-03 8.502354472875595093e-02 -2.723479270935058594e-01 -9.867302775382995605e-01 -9.963320493698120117e-01 5.155718326568603516e-01 9.549735486507415771e-02 -1.375887244939804077e-01 -1.796133071184158325e-01 9.945889711380004883e-01 -2.786145806312561035e-01 4.660285115242004395e-01 -1.107178106904029846e-01 -9.986615180969238281e-01 1.430606693029403687e-01 8.128172159194946289e-02 -1.401494592428207397e-01 7.616622745990753174e-02 5.415182709693908691e-01 3.264794349670410156e-01 -9.933256506919860840e-01 -6.483432650566101074e-02 9.996210336685180664e-01 7.679442167282104492e-01 7.493423223495483398e-01 -2.557100951671600342e-01 5.211830735206604004e-01 -2.409971803426742554e-01 -3.853186070919036865e-01 6.432145237922668457e-01 -9.999180436134338379e-01 -4.860527068376541138e-02 -2.247383072972297668e-02 -5.101930499076843262e-01 -2.057233899831771851e-01 -5.048758983612060547e-01 9.994263648986816406e-01 -1.575712412595748901e-01 -4.601527750492095947e-01 5.650090575218200684e-01 9.735202193260192871e-01 -3.872481286525726318e-01 9.819467067718505859e-01 -9.546924829483032227e-01 -9.881384968757629395e-01 -3.533961623907089233e-02 8.936570957303047180e-03 -9.949218630790710449e-01 -8.716785907745361328e-01 7.825813889503479004e-01 -9.985926747322082520e-01 -6.025215983390808105e-01 -8.594783544540405273e-01 9.894641488790512085e-02 1.432916074991226196e-01 1.420856416225433350e-01 4.831966757774353027e-01 6.495106816291809082e-01 -2.927827537059783936e-01 8.155016899108886719e-01 -2.975463271141052246e-01 9.669048190116882324e-01 2.883419394493103027e-01 -8.178684115409851074e-01 3.165436685085296631e-01 2.053900510072708130e-01 -7.145828101783990860e-03 -2.339966446161270142e-01 -1.787167638540267944e-01 -9.892049431800842285e-01 9.968650937080383301e-01 -9.997749328613281250e-01 -9.686233401298522949e-01 6.486181169748306274e-02 -5.734425187110900879e-01 -9.823415875434875488e-01 1.197492778301239014e-01 -9.050228446722030640e-02 -2.950275838375091553e-01 -9.941574335098266602e-01 -9.876573085784912109e-01 -3.625522255897521973e-01 -8.849738240242004395e-01 -9.970549345016479492e-01 -9.995012283325195312e-01 -6.576275080442428589e-02 -3.061015307903289795e-01 -3.709156513214111328e-01 5.364128947257995605e-01 -2.996847331523895264e-01 3.116069436073303223e-01 9.484153389930725098e-01 -1.147224679589271545e-01 4.305510520935058594e-01 5.261023640632629395e-01 8.325073122978210449e-02 -1.951742172241210938e-01 9.780030250549316406e-01 -9.537587165832519531e-01 1.841796189546585083e-01 -9.910587072372436523e-01 -1.995274238288402557e-02 9.978186488151550293e-01 9.997707605361938477e-01 8.909453153610229492e-01 7.469790577888488770e-01 -9.934264421463012695e-01 -7.187131047248840332e-02 3.327930271625518799e-01 -6.981280446052551270e-01 9.609020948410034180e-01 2.022434398531913757e-02 1.614413857460021973e-01 -9.936886429786682129e-01 -9.304882287979125977e-01 2.552005946636199951e-01 -9.725068807601928711e-01 9.383573532104492188e-01 1.066817864775657654e-01 -1.086116060614585876e-01 1.966712772846221924e-01 4.573906958103179932e-02 3.021799027919769287e-01 -9.335164427757263184e-01 -9.791979193687438965e-01 3.972860425710678101e-02 2.464333176612854004e-01 -1.616549938917160034e-01 -2.694171965122222900e-01 -9.999967217445373535e-01 7.008861303329467773e-01 -6.988730430603027344e-01 -1.371376663446426392e-01 -1.889720410108566284e-01 -3.509176075458526611e-01 1.293932050466537476e-01 -9.926320910453796387e-01 9.987885951995849609e-01 -9.968987703323364258e-01 2.706645131111145020e-01 2.807352542877197266e-01 -8.470715023577213287e-03 4.252794012427330017e-02 -9.912132620811462402e-01 9.266842007637023926e-01 4.008702188730239868e-02 5.364021286368370056e-02 1.981479078531265259e-01 -2.454982101917266846e-01 -5.892702341079711914e-01
4.730905890464782715e-01 9.909275174140930176e-01 -2.363768965005874634e-01 -7.277500815689563751e-03 -1.965319216251373291e-01 -9.917663335800170898e-01 9.967982172966003418e-01 -9.982317090034484863e-01 -1.379512995481491089e-01 -9.957394003868103027e-01 -3.563693463802337646e-01 -6.545559763908386230e-01 -1.891713887453079224e-01 -9.412233829498291016e-01 -6.478881239891052246e-01 -3.667799532413482666e-01 6.600748002529144287e-02 -3.068236708641052246e-01 -4.464434385299682617e-01 3.302915096282958984e-01 4.000900685787200928e-01 1.633649468421936035e-01 3.212112188339233398e-01 -4.043992608785629272e-02 9.988540410995483398e-01 9.367657303810119629e-01 -3.285172209143638611e-02 3.774157539010047913e-02 5.112046003341674805e-01 8.346737623214721680e-01 9.708240628242492676e-01 -5.370378494262695312e-02 -3.179806098341941833e-02 1.508684456348419189e-01 8.108819723129272461e-01 -1.797713488340377808e-01 -1.825758069753646851e-01 -4.245274960994720459e-01 -3.504943549633026123e-01 -2.422502487897872925e-01 1.176076382398605347e-02 2.095232345163822174e-02 1.305443197488784790e-01 -9.499081373214721680e-01 -1.057488322257995605e-01 9.744530916213989258e-01 -9.005880951881408691e-01 -1.799159049987792969e-01 7.207325845956802368e-02 -2.816512286663055420e-01 6.128530502319335938e-01 2.754828035831451416e-01 2.552422881126403809e-01 1.006221305578947067e-02 -6.162394881248474121e-01 3.811125159263610840e-01 1.405519545078277588e-01 -2.907948791980743408e-01 -9.999447464942932129e-01 -9.209027886390686035e-01 -2.593368589878082275e-01 9.828148037195205688e-02 8.012843132019042969e-01 3.237148746848106384e-02 -9.836369007825851440e-02 -9.827909469604492188e-01 7.969676256179809570e-01 2.495177984237670898e-01 1.316184699535369873e-01 4.544316828250885010e-01 7.297477722167968750e-01 9.999715089797973633e-01 -7.849677205085754395e-01 -9.485266208648681641e-01 -9.046438932418823242e-01 2.483543381094932556e-02 1.008894816040992737e-01 -7.462574839591979980e-01 -2.728712745010852814e-02 -7.760431617498397827e-03 -9.593918323516845703e-01 -2.586868703365325928e-01 9.411627054214477539e-01 -5.830122828483581543e-01 8.003702759742736816e-01 -9.314340949058532715e-01 -7.595503237098455429e-03 6.494089961051940918e-02 -5.899369716644287109e-01 7.093291264027357101e-03 -7.867228388786315918e-01 6.513014435768127441e-02 3.580111265182495117e-01 -9.732674360275268555e-01 -7.154580950736999512e-01 7.790972292423248291e-02 9.084178209304809570e-01 -2.918005287647247314e-01 -9.991085529327392578e-01 4.496803581714630127e-01 -9.894136786460876465e-01 -9.879518747329711914e-01 -8.628058433532714844e-01 1.040351241827011108e-01 -8.921386301517486572e-02 7.281555980443954468e-02 2.132374942302703857e-01 3.034407198429107666e-01 7.357947994023561478e-03 9.978958368301391602e-01 -7.709414511919021606e-02 4.036687314510345459e-01 -4.603017568588256836e-01 -9.108181595802307129e-01 1.335972845554351807e-01 2.030811607837677002e-01 -9.197518825531005859e-01 -4.292826727032661438e-02 -2.540234327316284180e-01 9.769628047943115234e-01 9.520745277404785156e-02 -8.514551073312759399e-02 -8.931495547294616699e-01 9.799154400825500488e-01 -6.982588674873113632e-03 -2.506449222564697266e-01 -9.773516654968261719e-01 -2.201427966356277466e-01 1.610294878482818604e-01 3.386946395039558411e-02 9.895945191383361816e-01 3.675889670848846436e-01 9.298921823501586914e-01 1.005886122584342957e-01 2.029993087053298950e-01 -9.653434753417968750e-01 5.355792641639709473e-01 -9.340165853500366211e-01 -3.297477960586547852e-01 2.246568202972412109e-01 9.993966221809387207e-01 2.104203999042510986e-01 -2.479424476623535156e-01 9.873884320259094238e-01 -4.007396101951599121e-01 4.744727909564971924e-01 -9.830679893493652344e-01 9.130342602729797363e-01 -4.745819866657257080e-01 -2.469847649335861206e-01 -4.615517258644104004e-01 8.039327710866928101e-02 8.768082261085510254e-01 -4.662309587001800537e-01 -1.415492966771125793e-02 -5.502299964427947998e-02 -8.094423413276672363e-01 4.308866560459136963e-01 -2.036314904689788818e-01 5.021733045578002930e-01 3.391006588935852051e-01 9.102851897478103638e-02 2.690050601959228516e-01 -2.330752611160278320e-01 9.995519518852233887e-01 -2.208373248577117920e-01 -2.082699984312057495e-01 -5.530115365982055664e-01 9.943560957908630371e-01 9.840701222419738770e-01 2.183980792760848999e-01 -3.245050907135009766e-01 -1.243080496788024902e-01 -8.483530879020690918e-01 -2.657941281795501709e-01 1.491849571466445923e-01 7.644359469413757324e-01 -1.042164117097854614e-01 9.940087199211120605e-01 6.971086859703063965e-01 5.958631038665771484e-01 7.646903395652770996e-02 9.950116872787475586e-01 -7.967650294303894043e-01 9.888604879379272461e-01 -9.994604587554931641e-01 -9.834191799163818359e-01 9.410318136215209961e-01 3.758371472358703613e-01 5.434582829475402832e-01 4.974543154239654541e-01 -9.600323438644409180e-01 -8.729401975870132446e-02 -1.842172145843505859e-01 9.501957893371582031e-01 9.823503345251083374e-02 -2.647777199745178223e-01 -8.929533958435058594e-01 -5.969200730323791504e-01 1.397889107465744019e-01 -6.059234589338302612e-02 -2.309446483850479126e-01 2.634801268577575684e-01 -5.737083032727241516e-02 3.550599813461303711e-01 5.371482372283935547e-01 2.043091207742691040e-01 8.580470085144042969e-01 -1.942692846059799194e-01 -1.499106287956237793e-01 -8.255105018615722656e-01 6.765440702438354492e-01 7.777395658195018768e-03 2.910089194774627686e-01 8.712677359580993652e-01 -9.185382127761840820e-01 8.199007511138916016e-01 9.968613982200622559e-01 8.201875090599060059e-01 2.585139572620391846e-01 -9.471286535263061523e-01 2.079331725835800171e-01 -7.417340874671936035e-01 5.124006271362304688e-01 -9.289430975914001465e-01 -5.035340189933776855e-01 -9.322403669357299805e-01 -5.279239416122436523e-01 -3.871918916702270508e-01 9.989112019538879395e-01 4.039255678653717041e-01 2.451037317514419556e-01 1.505491882562637329e-01 3.906398117542266846e-01 8.758751749992370605e-01 3.016299009323120117e-01 -9.917443394660949707e-01 -2.783840298652648926e-01 3.826073408126831055e-01 3.212237060070037842e-01 9.798105955123901367e-01 9.999931454658508301e-01 -4.810770601034164429e-02 9.933013319969177246e-01 9.711106419563293457e-01 -4.786395654082298279e-02 9.887080788612365723e-01 -9.553407132625579834e-02 6.998000144958496094e-01 -2.867532968521118164e-01 5.413293838500976562e-01 3.095294833183288574e-01 7.603244483470916748e-02 3.330396413803100586e-01 9.998891949653625488e-01 -3.855777084827423096e-01 1.131378561258316040e-01 -9.988186955451965332e-01 -5.667385458946228027e-01 2.578794658184051514e-01 -3.909127712249755859e-01 3.086978010833263397e-02 4.811002016067504883e-01 -8.521339893341064453e-01 7.748424261808395386e-02 9.969142079353332520e-01 7.905068397521972656e-01 -6.450176835060119629e-01 3.486651927232742310e-02 -5.226603746414184570e-01 9.863614439964294434e-01 -1.955837607383728027e-01 -9.883245229721069336e-01 9.822189211845397949e-01 -2.460152655839920044e-01 7.465897202491760254e-01 9.299360513687133789e-01 6.477867364883422852e-01 7.311363220214843750e-01 3.426019549369812012e-01 -5.570802092552185059e-01 -9.965977072715759277e-01 8.035958409309387207e-01 9.984131455421447754e-01 9.882964491844177246e-01 -1.767402291297912598e-01 2.484415173530578613e-01 1.680386364459991455e-01 -9.601581096649169922e-01 -8.895031213760375977e-01 -8.903787732124328613e-01 5.907341241836547852e-01 3.649223446846008301e-01 -9.618302583694458008e-01 9.397600293159484863e-01 8.273293375968933105e-01 -3.408753499388694763e-02 6.760483384132385254e-01 -3.029114566743373871e-02 9.897098541259765625e-01 9.967180490493774414e-01 -9.981508851051330566e-01 -1.672727018594741821e-01 8.591496944427490234e-01 -8.277206867933273315e-02 8.903796672821044922e-01 -2.964666187763214111e-01 6.513728499412536621e-01 -3.545562624931335449e-01 1.854433119297027588e-01 -1.754853427410125732e-01 -9.884836673736572266e-01 1.423567533493041992e-01 9.518084526062011719e-01 4.617467820644378662e-01 -4.384154453873634338e-02 3.916593492031097412e-01 1.940268874168395996e-01 4.187277853488922119e-01 9.990680217742919922e-01 3.751920461654663086e-01 -9.156239032745361328e-01 -2.188930213451385498e-01 3.922187983989715576e-01 3.477692008018493652e-01 -1.674885302782058716e-01 -9.842492341995239258e-01 -1.318553537130355835e-01 -8.292909264564514160e-01 -9.379885792732238770e-01 8.446917533874511719e-01 -6.115574762225151062e-02 3.328940868377685547e-01 3.940398991107940674e-01 -2.127784863114356995e-02 1.512887924909591675e-01 -3.806182146072387695e-01 -2.720705270767211914e-01 -9.360999464988708496e-01 -1.914259493350982666e-01 9.973669648170471191e-01 -2.393279224634170532e-01 -3.800353109836578369e-01 9.370348453521728516e-01 -9.885754585266113281e-01 9.014341831207275391e-01 6.122493147850036621e-01 9.989124536514282227e-01 5.005856752395629883e-01 7.708173394203186035e-01 6.285174489021301270e-01 -9.043996781110763550e-02 3.545638024806976318e-01 -5.154148489236831665e-02 8.274642229080200195e-01 1.024061739444732666e-01 -9.361759759485721588e-03 4.060313850641250610e-02 -3.189315795898437500e-01 1.532702594995498657e-01 -9.920995831489562988e-01 -8.047212362289428711e-01 2.112752497196197510e-01 -2.465517818927764893e-01 -3.444823026657104492e-01 -9.828781485557556152e-01 -8.228147625923156738e-01 1.039822697639465332e-01 2.798098623752593994e-01 1.928528845310211182e-01 -5.448924750089645386e-02 9.759346842765808105e-01 -4.921719133853912354e-01 -1.998991072177886963e-01 5.232537984848022461e-01 -8.891001939773559570e-01 2.988968491554260254e-01 1.391903311014175415e-01 1.499536335468292236e-01 1.775583773851394653e-01 -9.525496959686279297e-01 -5.652594566345214844e-02 -8.621630072593688965e-01 -6.982752680778503418e-02 9.375056028366088867e-01 -6.228835582733154297e-01 1.536387056112289429e-01 1.677884012460708618e-01 7.870811820030212402e-01 -6.851553171873092651e-02 -2.121705263853073120e-01 -7.964978218078613281e-01 -9.995459914207458496e-01 -1.773322671651840210e-01 -4.242790341377258301e-01 -6.682823300361633301e-01 -2.924342453479766846e-01 -2.684391140937805176e-01 9.892731308937072754e-01 3.657723069190979004e-01 -1.020448654890060425e-01 -9.019169807434082031e-01 6.183716058731079102e-01 -3.372710049152374268e-01 9.853101968765258789e-01 -7.696079611778259277e-01 -8.258919119834899902e-01 -2.601915597915649414e-01 2.193637005984783173e-02 -9.981949329376220703e-01 9.965448379516601562e-01 9.992796182632446289e-01 -9.956027865409851074e-01 -4.395913705229759216e-02 -7.860609889030456543e-01 3.211707770824432373e-01 -8.778105676174163818e-02 -2.754237651824951172e-01 -8.525938987731933594e-01 -2.710906267166137695e-01 -5.347312092781066895e-01 9.958272576332092285e-01 -2.480011433362960815e-01 9.782213568687438965e-01 4.249723553657531738e-01 -9.965982437133789062e-01 7.462734822183847427e-03 3.242719769477844238e-01 -9.622174501419067383e-02 -1.493434011936187744e-01 6.377506852149963379e-01 -7.893270850181579590e-01 8.060280680656433105e-01 -9.650314450263977051e-01 -7.491456270217895508e-01 -1.604551076889038086e-02 -7.621849179267883301e-01 -6.603297311812639236e-03 3.420079648494720459e-01 -1.811188161373138428e-01 3.145107626914978027e-01 -9.866435527801513672e-01 -9.996725916862487793e-01 3.053105473518371582e-01 -9.849351048469543457e-01 2.929810285568237305e-01 -9.908463358879089355e-01 5.327391028404235840e-01 9.372317790985107422e-02 -3.780459985136985779e-02 4.210344254970550537e-01 -2.026460133492946625e-02 3.691498935222625732e-01 6.246439218521118164e-01 5.174038931727409363e-03 9.778621792793273926e-01 5.566005110740661621e-01 2.495483756065368652e-01 1.833224743604660034e-01 8.952096700668334961e-01 7.770072817802429199e-01 3.697858750820159912e-02 -9.986519217491149902e-01 -7.449004799127578735e-02 8.020266294479370117e-01 9.996644258499145508e-01 9.213365316390991211e-01 9.981980323791503906e-01 -9.986949563026428223e-01 1.643539816141128540e-01 5.272344350814819336e-01 -9.759924411773681641e-01 6.124125719070434570e-01 -4.585761129856109619e-01 9.138922393321990967e-02 -9.862650036811828613e-01 -3.904484808444976807e-01 6.891151666641235352e-01 -9.974083900451660156e-01 9.959455132484436035e-01 -1.544533818960189819e-01 3.638218641281127930e-01 5.596210956573486328e-01 4.234222769737243652e-01 4.315350949764251709e-01 -9.936900734901428223e-01 -8.476465344429016113e-01 -6.516223549842834473e-01 -5.330154299736022949e-01 -4.780305176973342896e-02 4.798576235771179199e-03 -9.999995231628417969e-01 -3.024405241012573242e-01 -9.327536225318908691e-01 1.318440437316894531e-01 1.835931241512298584e-01 -2.459046095609664917e-01 4.925491288304328918e-02 -1.397390514612197876e-01 9.895647168159484863e-01 -9.870787858963012695e-01 3.457129001617431641e-01 1.468413174152374268e-01 -4.579319357872009277e-01 1.459758728742599487e-01 5.070555210113525391e-01 7.109960317611694336e-01 7.840030789375305176e-01 6.649695336818695068e-02 -1.060277745127677917e-01 -5.223295688629150391e-01 -9.063884615898132324e-01
-6.146088838577270508e-01 9.214674830436706543e-01 7.322772592306137085e-02 -2.504608035087585449e-01 -5.231920480728149414e-01 -6.329622864723205566e-02 9.863397479057312012e-01 -8.242327570915222168e-01 2.965762019157409668e-01 -9.975004792213439941e-01 1.212240383028984070e-01 -9.685259461402893066e-01 -9.798854589462280273e-01 -3.051355779170989990e-01 -9.118964672088623047e-01 -1.930462867021560669e-01 1.011702567338943481e-01 -2.432483136653900146e-01 7.840974628925323486e-02 4.590120539069175720e-02 -3.095873892307281494e-01 1.430109143257141113e-01 9.821790456771850586e-01 -7.690178602933883667e-02 9.997568726539611816e-01 9.941191077232360840e-01 -2.698169350624084473e-01 1.195304989814758301e-01 -1.631026118993759155e-01 7.654956579208374023e-01 9.979621171951293945e-01 -2.981398403644561768e-01 -1.865784674882888794e-01 1.042895019054412842e-01 -2.244782894849777222e-01 -3.204434514045715332e-01 -5.989897251129150391e-01 -6.008864566683769226e-02 9.846098423004150391e-01 -2.315434962511062622e-01 2.384888380765914917e-01 -3.256324529647827148e-01 -6.032301858067512512e-02 -9.970517754554748535e-01 1.067245826125144958e-01 -6.175430417060852051e-01 -9.879040122032165527e-01 6.066327914595603943e-02 9.964156150817871094e-01 -8.995144069194793701e-02 7.118280529975891113e-01 4.123824182897806168e-03 9.883279204368591309e-01 3.281479477882385254e-01 6.626560688018798828e-01 2.057017087936401367e-01 -1.454357206821441650e-01 1.210708692669868469e-01 -9.997444152832031250e-01 -6.461443901062011719e-01 -1.871883720159530640e-01 -6.258284300565719604e-02 7.963806390762329102e-01 1.568139642477035522e-01 -3.455840945243835449e-01 -9.828135371208190918e-01 9.994990229606628418e-01 -1.825468540191650391e-01 -1.026351749897003174e-01 9.974399209022521973e-01 9.984455108642578125e-01 9.993395209312438965e-01 -8.992388844490051270e-01 -9.393457174301147461e-01 -9.987307786941528320e-01 -5.849658846855163574e-01 -5.460240319371223450e-02 -1.652454137802124023e-01 -3.805736303329467773e-01 -6.723340600728988647e-02 -2.445686906576156616e-01 3.227116167545318604e-02 6.911141872406005859e-01 -4.494025111198425293e-01 9.198750257492065430e-01 -9.578024148941040039e-01 1.404818594455718994e-01 5.661135911941528320e-01 1.413998156785964966e-01 1.352705061435699463e-01 -9.511613249778747559e-01 -2.698621451854705811e-01 2.723435126245021820e-02 -9.786686897277832031e-01 -9.903209805488586426e-01 7.638151645660400391e-01 8.546870946884155273e-01 -6.383527070283889771e-02 -9.998767971992492676e-01 -1.216751430183649063e-02 -5.935803055763244629e-01 -9.241625666618347168e-01 -9.787754155695438385e-03 -1.192770898342132568e-02 2.019126117229461670e-01 1.933170855045318604e-01 9.827464818954467773e-01 3.239052370190620422e-02 3.413302004337310791e-01 9.374888539314270020e-01 1.762413531541824341e-01 9.331735968589782715e-01 -9.799184203147888184e-01 -9.752999544143676758e-01 1.239958778023719788e-02 -1.039505824446678162e-01 -9.506704807281494141e-01 7.162958979606628418e-01 3.214354440569877625e-02 9.812857508659362793e-01 -3.558799922466278076e-01 2.202379256486892700e-01 -9.843251109123229980e-01 9.561474323272705078e-01 2.784993946552276611e-01 9.125450998544692993e-02 -9.992095232009887695e-01 -1.657436788082122803e-01 -2.211293280124664307e-01 2.504304349422454834e-01 9.995357990264892578e-01 7.566804289817810059e-01 1.267926096916198730e-01 2.085243910551071167e-01 5.185525119304656982e-02 1.580499708652496338e-01 3.316466808319091797e-01 -9.945201873779296875e-01 -2.432003766298294067e-01 4.089433848857879639e-01 9.995988607406616211e-01 -4.254820570349693298e-02 3.538402318954467773e-01 9.989106059074401855e-01 1.171776056289672852e-01 9.541527032852172852e-01 -9.664326310157775879e-01 9.729061722755432129e-01 4.296092391014099121e-01 5.984571948647499084e-02 1.347066611051559448e-01 5.029129981994628906e-01 4.250236153602600098e-01 1.475151181221008301e-01 -2.441712617874145508e-01 -2.655214965343475342e-01 -7.868468165397644043e-01 3.777310252189636230e-01 2.002554684877395630e-01 6.982406973838806152e-02 2.078690677881240845e-01 -1.042431667447090149e-01 3.099474608898162842e-01 2.755111753940582275e-01 9.999858736991882324e-01 -1.423636823892593384e-01 4.499429166316986084e-01 2.511457167565822601e-02 -2.284569293260574341e-01 -4.371190816164016724e-02 -4.220251366496086121e-02 -7.454297542572021484e-01 -4.487845897674560547e-01 -7.727847099304199219e-01 -2.492184638977050781e-01 -2.766470909118652344e-01 1.327879875898361206e-01 6.830978393554687500e-02 9.970403909683227539e-01 9.945850372314453125e-01 2.141930162906646729e-01 4.404578506946563721e-01 9.953250885009765625e-01 1.572967618703842163e-01 8.997794985771179199e-01 -9.994619488716125488e-01 -9.152684807777404785e-01 -9.489459991455078125e-01 -2.065014652907848358e-02 9.939202666282653809e-01 1.492147147655487061e-01 -9.745314717292785645e-01 9.044038057327270508e-01 4.056408703327178955e-01 9.980779290199279785e-01 -1.125484332442283630e-01 2.901651337742805481e-02 -9.665243029594421387e-01 -8.803902864456176758e-01 -3.513253927230834961e-01 -1.558351814746856689e-01 -7.100947201251983643e-02 5.356075987219810486e-02 -1.075398176908493042e-01 2.834751904010772705e-01 -3.568401932716369629e-02 1.923438012599945068e-01 9.799952507019042969e-01 9.893341064453125000e-01 -2.037347853183746338e-01 -8.284786343574523926e-01 9.933389425277709961e-01 -2.178077548742294312e-01 8.255457878112792969e-02 9.738436937332153320e-01 -2.969179749488830566e-01 1.077152788639068604e-02 9.564210772514343262e-01 8.338258266448974609e-01 2.631306350231170654e-01 3.953887820243835449e-01 3.720945119857788086e-01 -9.690239429473876953e-01 -1.163994297385215759e-01 -9.980907440185546875e-01 9.361496567726135254e-01 -9.928407073020935059e-01 5.754027143120765686e-02 9.864758253097534180e-01 8.951143622398376465e-01 -6.644584983587265015e-02 -4.249444976449012756e-02 1.212274804711341858e-01 -1.292890906333923340e-01 9.583554267883300781e-01 3.752545416355133057e-01 -9.109636545181274414e-01 1.281964331865310669e-01 1.079931273125112057e-03 2.838530763983726501e-02 9.984369874000549316e-01 9.999696016311645508e-01 -9.185727238655090332e-01 5.786532759666442871e-01 9.704500436782836914e-01 2.030025869607925415e-01 6.829528212547302246e-01 -3.236494958400726318e-01 8.315888643264770508e-01 2.755803614854812622e-02 2.968401908874511719e-01 2.157260179519653320e-01 -1.778864562511444092e-01 -2.969723343849182129e-01 9.993489980697631836e-01 1.186207309365272522e-01 1.711544841527938843e-01 -9.839716553688049316e-01 -3.756643831729888916e-01 2.557699382305145264e-01 -9.661030024290084839e-03 -8.849580883979797363e-01 1.383694447576999664e-02 -9.766011834144592285e-01 -3.189801052212715149e-02 9.615482091903686523e-01 9.952751398086547852e-01 -9.989653229713439941e-01 8.915609121322631836e-02 -1.977561712265014648e-01 9.987508654594421387e-01 6.865940988063812256e-02 -9.986670613288879395e-01 9.998809099197387695e-01 -2.420710586011409760e-02 -5.788890719413757324e-01 9.930223822593688965e-01 1.030103117227554321e-01 6.800587773323059082e-01 2.040050774812698364e-01 -9.991995096206665039e-01 -9.597285985946655273e-01 -4.970968961715698242e-01 9.919947385787963867e-01 9.998458623886108398e-01 -9.178072959184646606e-02 -9.204605966806411743e-02 -5.302606225013732910e-01 -9.988146424293518066e-01 -9.999361038208007812e-01 -9.965881109237670898e-01 -1.788899898529052734e-01 3.855885565280914307e-02 9.955052733421325684e-01 9.789701700210571289e-01 -9.961051344871520996e-01 7.741166651248931885e-02 9.643809795379638672e-01 6.287262588739395142e-02 9.404668807983398438e-01 9.839254021644592285e-01 -9.762756824493408203e-01 -4.748964905738830566e-01 9.864506125450134277e-01 -2.945556342601776123e-01 -5.421628355979919434e-01 -2.413180321455001831e-01 9.992257952690124512e-01 -8.623970746994018555e-01 2.224063277244567871e-01 -7.250804454088211060e-02 -9.769210219383239746e-01 -1.353630125522613525e-01 9.945984482765197754e-01 5.164108276367187500e-01 -1.849528700113296509e-01 -4.410122334957122803e-02 2.080706804990768433e-01 -6.333702802658081055e-01 9.998889565467834473e-01 2.851375043392181396e-01 -9.996386766433715820e-01 1.049913093447685242e-01 -9.666458368301391602e-01 -1.831362098455429077e-01 8.634396642446517944e-02 -6.795594692230224609e-01 3.692117333412170410e-01 -9.171621799468994141e-01 -1.811214685440063477e-01 9.970037341117858887e-01 2.564677596092224121e-01 -3.266273736953735352e-01 9.968034625053405762e-01 3.570129573345184326e-01 -7.252041995525360107e-02 -1.135293245315551758e-01 -7.829608917236328125e-01 -5.825672149658203125e-01 2.328801602125167847e-01 9.966619014739990234e-01 8.452191948890686035e-02 -4.791487380862236023e-02 9.806443452835083008e-01 -7.064531445503234863e-01 6.049645543098449707e-01 9.297921061515808105e-01 9.997477531433105469e-01 -2.665751874446868896e-01 7.132104039192199707e-01 1.571786999702453613e-01 -3.607958853244781494e-01 7.026951909065246582e-01 -1.838710159063339233e-01 8.174328207969665527e-01 1.441916078329086304e-01 -9.730874896049499512e-01 9.377235174179077148e-02 2.407822310924530029e-01 5.498570948839187622e-02 -7.164955884218215942e-02 -7.051425576210021973e-01 1.378048509359359741e-01 -3.497976958751678467e-01 3.055020272731781006e-01 -9.980493783950805664e-01 -7.655329108238220215e-01 2.241003364324569702e-01 7.873068749904632568e-02 2.798805236816406250e-01 3.274036943912506104e-02 9.786127209663391113e-01 6.609464436769485474e-02 6.690265536308288574e-01 8.832933306694030762e-01 -9.997106790542602539e-01 3.372542858123779297e-01 3.491784334182739258e-01 -1.715215891599655151e-01 2.239729762077331543e-01 -3.254346847534179688e-01 -4.877595305442810059e-01 -9.986182451248168945e-01 -1.766492575407028198e-01 9.975939393043518066e-01 -9.756589531898498535e-01 -2.427258938550949097e-01 -3.365745246410369873e-01 1.409971266984939575e-01 -3.616975247859954834e-01 -7.460501790046691895e-02 -9.261080622673034668e-01 -9.999716877937316895e-01 -5.711907744407653809e-01 2.395122647285461426e-01 1.594620347023010254e-01 -4.495002329349517822e-02 1.744231283664703369e-01 8.917609453201293945e-01 -2.130143493413925171e-01 -4.713833630084991455e-01 -4.617167413234710693e-01 7.231525778770446777e-01 -3.444050205871462822e-03 9.891520142555236816e-01 -8.632466197013854980e-01 -6.786233782768249512e-01 3.082233071327209473e-01 -5.923732370138168335e-02 -9.962023496627807617e-01 9.556722044944763184e-01 8.384163379669189453e-01 -9.997308254241943359e-01 2.307163178920745850e-01 -5.076414346694946289e-01 -1.701178252696990967e-01 7.638306915760040283e-02 -6.115624308586120605e-01 -1.844173669815063477e-01 6.176180243492126465e-01 -1.466720551252365112e-01 9.436535835266113281e-01 3.914297521114349365e-01 9.137982130050659180e-01 3.548785746097564697e-01 -9.998055100440979004e-01 3.818257153034210205e-01 -1.036586910486221313e-01 -1.323260217905044556e-01 -2.599582672119140625e-01 -7.451822608709335327e-02 -9.796712994575500488e-01 9.961214661598205566e-01 -9.994300603866577148e-01 -9.260942935943603516e-01 2.941053509712219238e-01 -8.745800256729125977e-01 -8.861103653907775879e-01 6.591928005218505859e-02 -1.955329999327659607e-02 1.392306387424468994e-01 -9.985716342926025391e-01 -9.573905467987060547e-01 3.237905502319335938e-01 -9.769805669784545898e-01 -9.771879315376281738e-01 -9.991955161094665527e-01 6.842566281557083130e-02 3.278737962245941162e-01 -2.456291913986206055e-01 -4.983467161655426025e-01 1.122214868664741516e-01 -3.829007148742675781e-01 8.933403491973876953e-01 3.095790930092334747e-02 7.357050180435180664e-01 4.956441372632980347e-02 3.945762813091278076e-01 2.507826685905456543e-02 -4.056422039866447449e-02 9.121831655502319336e-01 -2.128001749515533447e-01 -9.903923869132995605e-01 -2.451274693012237549e-01 9.087930917739868164e-01 9.986303448677062988e-01 -9.231770038604736328e-02 8.376860022544860840e-01 -9.734367132186889648e-01 -1.168348640203475952e-01 -1.433604210615158081e-01 -9.269210696220397949e-01 9.723163247108459473e-01 -4.219296574592590332e-01 -7.587379217147827148e-02 -9.923601746559143066e-01 -9.928814172744750977e-01 4.042510688304901123e-01 -8.652703762054443359e-01 9.803773164749145508e-01 -5.614852309226989746e-01 3.191034197807312012e-01 -7.300326228141784668e-02 4.390196129679679871e-02 -9.513074159622192383e-02 -9.825904369354248047e-01 -7.137734889984130859e-01 9.887830913066864014e-02 3.522046804428100586e-01 4.105225503444671631e-01 2.755078673362731934e-01 -9.999974966049194336e-01 -8.116822242736816406e-01 -2.211232632398605347e-01 -1.972649842500686646e-01 5.951236486434936523e-01 6.660792976617813110e-02 2.209576964378356934e-02 -7.247880697250366211e-01 9.999430775642395020e-01 -9.936962723731994629e-01 -1.241896376013755798e-01 4.829482138156890869e-01 -1.604803055524826050e-01 -1.268502604216337204e-02 -9.791572690010070801e-01 -7.640033364295959473e-01 6.372469663619995117e-01 -5.731979385018348694e-02 3.095670938491821289e-01 -2.066718041896820068e-02 -6.854699850082397461e-01
9.490097761154174805e-01 -1.079056188464164734e-01 -1.220698952674865723e-01 2.392829507589340210e-01 2.742366492748260498e-01 9.255011081695556641e-01 9.584150314331054688e-01 -8.616441488265991211e-01 -2.385865002870559692e-01 -9.647377729415893555e-01 1.161012239754199982e-02 -9.976883530616760254e-01 -4.533113539218902588e-01 -9.363295435905456543e-01 -7.249595522880554199e-01 -4.241123329848051071e-03 5.103027448058128357e-02 -1.525316387414932251e-01 -3.030003309249877930e-01 1.867332458496093750e-01 4.311902225017547607e-01 -2.179635874927043915e-02 6.206941604614257812e-01 4.147062301635742188e-01 9.974915385246276855e-01 9.981287121772766113e-01 -6.225596368312835693e-02 1.356055289506912231e-01 -2.014461457729339600e-01 2.499608844518661499e-01 9.640786647796630859e-01 5.263107642531394958e-02 -1.812135875225067139e-01 -1.801119893789291382e-01 -3.992810249328613281e-01 -3.201827406883239746e-01 -4.603381752967834473e-01 -2.803428471088409424e-01 9.996660947799682617e-01 -2.605169415473937988e-01 2.431445568799972534e-01 -3.206723034381866455e-01 1.363254785537719727e-01 -9.978081583976745605e-01 -3.937545418739318848e-02 9.648857116699218750e-01 -9.996697902679443359e-01 -6.809986382722854614e-02 9.773893356323242188e-01 -5.995102524757385254e-01 8.371325135231018066e-01 -6.270991265773773193e-02 9.881376028060913086e-01 9.800241887569427490e-02 1.606522649526596069e-01 3.126730620861053467e-01 3.906501233577728271e-01 2.873053550720214844e-01 -9.376248121261596680e-01 -9.321469813585281372e-02 -2.034486383199691772e-01 -2.103633731603622437e-01 3.528677225112915039e-01 7.474614679813385010e-02 -1.844500154256820679e-01 -9.861147403717041016e-01 9.998668432235717773e-01 3.364595174789428711e-01 -1.094061434268951416e-01 9.996083378791809082e-01 9.935356378555297852e-01 9.999177455902099609e-01 -9.022066593170166016e-01 -2.990577220916748047e-01 -1.881926059722900391e-01 -2.269437164068222046e-01 2.029839344322681427e-02 5.514658689498901367e-01 -3.503810167312622070e-01 -4.689660072326660156e-01 -9.861142635345458984e-01 -2.447933256626129150e-01 5.252773761749267578e-01 -8.687765896320343018e-02 5.329501628875732422e-01 -6.350632905960083008e-01 -7.803259044885635376e-02 1.724347174167633057e-01 -3.635644614696502686e-01 6.221639737486839294e-02 -5.156795978546142578e-01 -1.100793704390525818e-01 1.507092565298080444e-01 -8.517104983329772949e-01 -9.659539461135864258e-01 9.172060489654541016e-01 2.877051830291748047e-01 -4.758966341614723206e-02 -9.999768733978271484e-01 -5.563271790742874146e-02 1.830577850341796875e-02 -9.849945306777954102e-01 -8.599227070808410645e-01 -3.565960526466369629e-01 2.847389876842498779e-01 1.719777584075927734e-01 8.598401546478271484e-01 4.141228199005126953e-01 -2.756400108337402344e-01 -5.313036441802978516e-01 1.142058745026588440e-01 6.110200285911560059e-01 -6.103633642196655273e-01 -7.322338819503784180e-01 -1.022344604134559631e-01 4.065302666276693344e-03 -9.354459047317504883e-01 -6.002141833305358887e-01 3.381556868553161621e-01 9.721950292587280273e-01 -9.175158739089965820e-01 -1.467874050140380859e-01 -9.703703522682189941e-01 -9.613498449325561523e-01 -5.483776796609163284e-03 3.472781777381896973e-01 -9.869424700736999512e-01 -1.093560755252838135e-01 -3.150401711463928223e-01 -2.237668633460998535e-01 9.932221174240112305e-01 9.916380643844604492e-01 3.719067275524139404e-01 1.612189598381519318e-02 3.039334714412689209e-01 -3.983907103538513184e-01 5.916551947593688965e-01 -9.081199169158935547e-01 -9.569249153137207031e-01 2.381054461002349854e-01 8.542973995208740234e-01 4.006095230579376221e-01 -9.316083043813705444e-02 6.118988990783691406e-01 -2.019567787647247314e-01 2.915769219398498535e-01 -9.700396656990051270e-01 9.392867684364318848e-01 -8.633775115013122559e-01 -1.487611830234527588e-01 -3.968358933925628662e-01 2.752865850925445557e-01 -6.434343457221984863e-01 -6.836852431297302246e-01 2.336899191141128540e-01 -5.167331695556640625e-01 -8.580721914768218994e-02 -3.226404786109924316e-01 -1.271271407604217529e-01 5.834875702857971191e-01 -2.863709032535552979e-01 1.478105336427688599e-01 1.865375787019729614e-01 -1.911675631999969482e-01 9.998750090599060059e-01 -3.039094507694244385e-01 -7.913068681955337524e-02 -5.731467604637145996e-01 9.153308868408203125e-01 8.204041123390197754e-01 3.551940321922302246e-01 -9.410167336463928223e-01 -9.711174964904785156e-01 -2.285831272602081299e-01 -3.399977087974548340e-01 9.336354583501815796e-02 7.844619154930114746e-01 5.054895579814910889e-02 9.995927214622497559e-01 8.453049659729003906e-01 8.625826239585876465e-01 9.386937320232391357e-02 9.932706356048583984e-01 -2.431771010160446167e-01 7.288764119148254395e-01 -9.923361539840698242e-01 -9.963622093200683594e-01 -3.583590984344482422e-01 4.109406173229217529e-01 3.819431662559509277e-01 -1.961313039064407349e-01 -9.316967129707336426e-01 9.938500523567199707e-01 3.674924001097679138e-02 9.642167091369628906e-01 -4.516595900058746338e-01 8.246032595634460449e-01 -8.540185093879699707e-01 -8.718756437301635742e-01 -2.474931329488754272e-01 -6.674141436815261841e-02 -3.490343689918518066e-01 -5.947711691260337830e-02 3.340801298618316650e-01 5.201558470726013184e-01 4.011149406433105469e-01 -1.970739364624023438e-01 9.964154958724975586e-01 9.381408095359802246e-01 1.212674379348754883e-01 -8.938758373260498047e-01 5.542995929718017578e-01 1.237118467688560486e-01 2.777352333068847656e-01 7.634113430976867676e-01 -9.515352845191955566e-01 -3.830894231796264648e-01 8.811151385307312012e-01 1.506427824497222900e-01 -3.081481717526912689e-02 2.680279612541198730e-01 4.096063077449798584e-01 -8.519464731216430664e-01 2.659821808338165283e-01 -9.900381565093994141e-01 8.044657111167907715e-01 -9.789780378341674805e-01 -7.627758383750915527e-02 1.242275834083557129e-01 8.960282206535339355e-01 3.525361418724060059e-02 2.111000120639801025e-01 -1.781018264591693878e-02 3.181576728820800781e-01 9.764847159385681152e-01 1.432308405637741089e-01 -9.567678570747375488e-01 -1.286415308713912964e-01 3.511062264442443848e-01 -3.949705958366394043e-01 9.931576848030090332e-01 9.972693324089050293e-01 -1.693126931786537170e-02 9.967164397239685059e-01 8.688141703605651855e-01 3.215298429131507874e-02 9.988949298858642578e-01 -7.073708623647689819e-02 -3.583227992057800293e-01 -6.079484149813652039e-02 2.145368009805679321e-01 2.680510096251964569e-02 1.266686469316482544e-01 4.159844219684600830e-01 9.998279809951782227e-01 6.301416456699371338e-02 -6.131148710846900940e-02 -9.222741723060607910e-01 -5.834518671035766602e-01 3.047068119049072266e-01 -4.530796110630035400e-01 -4.634758234024047852e-01 4.714026451110839844e-01 -4.293860495090484619e-01 1.185141727328300476e-01 9.715169668197631836e-01 9.964364767074584961e-01 -9.940778613090515137e-01 -3.579977154731750488e-01 3.648876398801803589e-02 9.964232444763183594e-01 -2.046469300985336304e-01 -2.656281888484954834e-01 9.985970258712768555e-01 -5.633856654167175293e-01 -8.431637883186340332e-01 9.837660193443298340e-01 4.250296652317047119e-01 7.105913162231445312e-01 1.582283377647399902e-01 -7.355712056159973145e-01 -9.330466985702514648e-01 5.723258852958679199e-01 9.880172610282897949e-01 9.971317648887634277e-01 -4.433318376541137695e-01 2.369182258844375610e-01 -1.481589972972869873e-01 -9.952306151390075684e-01 -9.999053478240966797e-01 -9.521810412406921387e-01 5.638640522956848145e-01 3.666342794895172119e-01 8.976069688796997070e-01 7.057000398635864258e-01 -9.940351247787475586e-01 -3.914873600006103516e-01 9.954130053520202637e-01 -4.465779960155487061e-01 9.909649491310119629e-01 9.996123909950256348e-01 -4.707603752613067627e-01 2.247495353221893311e-01 9.923919439315795898e-01 -4.232320487499237061e-01 3.278177380561828613e-01 -2.579382956027984619e-01 9.983650445938110352e-01 -7.526862900704145432e-03 5.495642498135566711e-02 4.108419120311737061e-01 -9.943622350692749023e-01 7.837362587451934814e-02 9.972789287567138672e-01 -5.379535555839538574e-01 -3.322022557258605957e-01 2.773868441581726074e-01 4.221912324428558350e-01 -1.094605326652526855e-01 9.986955523490905762e-01 4.028410911560058594e-01 -9.426792263984680176e-01 3.740658164024353027e-01 -9.841214418411254883e-01 2.799526453018188477e-01 -3.629564344882965088e-01 -9.895287156105041504e-01 -4.297981560230255127e-01 -6.238922476768493652e-01 5.879369378089904785e-01 -4.321062862873077393e-01 -2.383789122104644775e-01 2.296336293220520020e-01 9.473825693130493164e-01 3.352281749248504639e-01 -2.081121318042278290e-02 -5.797708407044410706e-02 -9.977092742919921875e-01 -2.780851125717163086e-01 3.496052324771881104e-01 9.636040925979614258e-01 2.803035676479339600e-01 -4.676038622856140137e-01 9.972453713417053223e-01 -4.766487777233123779e-01 -1.187609881162643433e-01 3.476496934890747070e-01 9.969686269760131836e-01 4.050318151712417603e-02 6.877762675285339355e-01 4.613074660301208496e-01 -4.251540005207061768e-01 1.288290470838546753e-01 -2.663170397281646729e-01 1.719992160797119141e-01 -1.498369593173265457e-02 4.254944920539855957e-01 -6.434297561645507812e-02 -1.558826863765716553e-02 -4.662455022335052490e-01 -9.924262762069702148e-01 -1.024978011846542358e-01 -4.881159365177154541e-01 -2.369856983423233032e-01 -4.824406281113624573e-02 -9.542250037193298340e-01 -1.703752726316452026e-01 5.617905259132385254e-01 2.032312452793121338e-01 6.214300990104675293e-01 -5.313766002655029297e-01 9.088838100433349609e-01 -1.306134611368179321e-01 3.497959673404693604e-01 7.532107830047607422e-01 -9.992272257804870605e-01 5.287960171699523926e-01 3.773428201675415039e-01 2.674461603164672852e-01 2.955312132835388184e-01 -2.116200178861618042e-01 1.215352714061737061e-01 -9.985105991363525391e-01 1.526959687471389771e-01 8.577616214752197266e-01 -6.270310878753662109e-01 5.589457750320434570e-01 7.325638830661773682e-02 -3.388263583183288574e-01 -5.258164405822753906e-01 -4.276924133300781250e-01 7.425363659858703613e-01 -9.998565316200256348e-01 -1.512320786714553833e-01 -2.526237666606903076e-01 -3.528430461883544922e-01 -2.669466137886047363e-01 -3.807608783245086670e-01 8.824773430824279785e-01 -6.288975477218627930e-02 4.228303134441375732e-01 -9.340840578079223633e-01 -7.050006836652755737e-02 -2.632272541522979736e-01 9.938955903053283691e-01 4.888080954551696777e-01 -1.202569827437400818e-01 9.755180776119232178e-02 2.956630587577819824e-01 -8.348959684371948242e-01 9.396187067031860352e-01 9.914871454238891602e-01 -9.822381138801574707e-01 -1.363608986139297485e-01 -3.587064743041992188e-01 2.226457446813583374e-01 4.736855626106262207e-01 5.819922685623168945e-01 -8.274035453796386719e-01 -8.084181547164916992e-01 -5.693421363830566406e-01 9.978063106536865234e-01 2.042867392301559448e-01 9.353836774826049805e-01 4.642995893955230713e-01 -9.999498128890991211e-01 -2.139979749917984009e-01 -9.800943732261657715e-02 -1.729264855384826660e-01 3.389317393302917480e-01 1.738065034151077271e-01 -3.864056169986724854e-01 9.991140365600585938e-01 -9.995552897453308105e-01 -8.844844102859497070e-01 5.731073617935180664e-01 3.426858186721801758e-01 3.785753995180130005e-02 3.447777032852172852e-01 -4.377911388874053955e-01 6.677127629518508911e-02 -9.997802972793579102e-01 -9.168170094490051270e-01 6.134697794914245605e-01 -9.803507924079895020e-01 -9.762304425239562988e-01 -5.458707809448242188e-01 3.581141531467437744e-01 -4.340188503265380859e-01 1.213054265826940536e-02 5.601660907268524170e-02 2.843348979949951172e-01 1.280191242694854736e-01 9.304502606391906738e-01 1.687875539064407349e-01 2.693746089935302734e-01 4.263257980346679688e-01 1.738127619028091431e-01 -1.207159757614135742e-01 8.901098370552062988e-01 9.811626076698303223e-01 1.048212796449661255e-01 -9.884633421897888184e-01 3.960307836532592773e-01 4.934997558593750000e-01 9.997817873954772949e-01 7.375374436378479004e-01 6.874210834503173828e-01 -9.994718432426452637e-01 -3.509221971035003662e-02 3.783750534057617188e-01 -9.968477487564086914e-01 2.733255028724670410e-01 -1.840227395296096802e-01 3.802674412727355957e-01 -9.114983677864074707e-01 -5.983263850212097168e-01 3.049988746643066406e-01 -9.445866942405700684e-01 8.748538494110107422e-01 -1.970817893743515015e-01 2.212249785661697388e-01 5.652528405189514160e-01 -4.081547260284423828e-02 3.758868873119354248e-01 -9.775275588035583496e-01 4.298805594444274902e-01 -4.251515865325927734e-01 1.726571097970008850e-02 -6.152542680501937866e-02 8.072542957961559296e-03 -9.999426603317260742e-01 -9.145740866661071777e-01 -7.385342717170715332e-01 -2.707963585853576660e-01 -2.131777107715606689e-01 1.396312266588211060e-01 5.671517252922058105e-01 -9.997500777244567871e-01 9.997218251228332520e-01 -9.977988004684448242e-01 1.485573053359985352e-01 2.288686484098434448e-01 -4.981478303670883179e-02 4.131137728691101074e-01 -9.552333950996398926e-01 9.965717196464538574e-01 -7.640726566314697266e-01 -7.321319729089736938e-02 -2.180477082729339600e-01 -1.957688480615615845e-01 -9.755939841270446777e-01
-8.808067440986633301e-01 1.135078351944684982e-02 2.735462784767150879e-01 -1.324739009141921997e-01 -4.338249266147613525e-01 9.123665094375610352e-01 9.770916104316711426e-01 -9.939433336257934570e-01 2.429301887750625610e-01 -9.880084991455078125e-01 8.790121972560882568e-02 -9.758467674255371094e-01 -9.858548641204833984e-01 -7.596454620361328125e-01 -6.993947625160217285e-01 -2.826918363571166992e-01 -2.265625149011611938e-01 -4.175002574920654297e-01 -1.341557651758193970e-01 -1.275330036878585815e-01 -1.315157115459442139e-01 4.365978538990020752e-01 8.230172395706176758e-01 -2.872626781463623047e-01 9.990286231040954590e-01 9.721063375473022461e-01 -1.005751043558120728e-01 -1.962615251541137695e-01 -4.857290685176849365e-01 9.133980870246887207e-01 9.855096936225891113e-01 -7.139104604721069336e-02 3.787119388580322266e-01 -3.667517304420471191e-01 -9.281585812568664551e-01 -2.660337090492248535e-01 -6.182698607444763184e-01 9.371466934680938721e-03 9.992542266845703125e-01 -2.272987067699432373e-01 1.517447978258132935e-01 -5.992115736007690430e-01 1.371803227812051773e-02 -9.977037906646728516e-01 3.431064188480377197e-01 -7.230875641107559204e-02 -9.984948039054870605e-01 -3.111072182655334473e-01 9.822511672973632812e-01 -5.478203296661376953e-01 8.172863125801086426e-01 4.500447213649749756e-02 9.909689426422119141e-01 3.058837950229644775e-01 2.471887022256851196e-01 3.641121387481689453e-01 2.010791301727294922e-01 -2.287859320640563965e-01 -9.997737407684326172e-01 -8.943608999252319336e-01 -2.541598677635192871e-01 1.376364678144454956e-01 8.880675435066223145e-01 4.835755750536918640e-02 -4.212337434291839600e-01 -9.991775751113891602e-01 9.988979101181030273e-01 2.899300456047058105e-01 3.422128409147262573e-02 9.975397586822509766e-01 9.952019453048706055e-01 9.997794628143310547e-01 -8.963084816932678223e-01 -2.651751339435577393e-01 -9.960945248603820801e-01 -6.609909534454345703e-01 8.467682451009750366e-02 -3.064188361167907715e-02 -1.495067477226257324e-01 -2.656296193599700928e-01 -9.856628179550170898e-01 2.141460180282592773e-01 9.303345084190368652e-01 -2.813731729984283447e-01 9.596172571182250977e-01 2.181223630905151367e-01 9.845063090324401855e-02 3.040994107723236084e-01 -7.995498180389404297e-02 2.249946594238281250e-01 -9.718711376190185547e-01 -1.456581056118011475e-01 3.965892791748046875e-01 -9.930723309516906738e-01 -9.932297468185424805e-01 9.932535886764526367e-01 4.973969161510467529e-01 -1.785614639520645142e-01 -9.999540448188781738e-01 -1.851108968257904053e-01 -5.270841121673583984e-01 -9.487745761871337891e-01 -1.668886244297027588e-01 -1.222788095474243164e-01 3.242862969636917114e-02 1.826394945383071899e-01 9.606176614761352539e-01 5.891910567879676819e-02 -8.831816911697387695e-02 -8.904726505279541016e-01 5.294858217239379883e-01 7.315441370010375977e-01 -9.673214554786682129e-01 -9.764558076858520508e-01 -2.473129779100418091e-01 -9.226277470588684082e-03 -9.643183946609497070e-01 6.103664636611938477e-01 4.076178371906280518e-01 9.944458603858947754e-01 -6.289939880371093750e-01 2.719236910343170166e-02 -9.948087334632873535e-01 2.725357115268707275e-01 -2.384331375360488892e-01 1.783217787742614746e-01 -9.495821595191955566e-01 -1.387463212013244629e-01 -1.237571835517883301e-01 -9.714083373546600342e-02 9.643458127975463867e-01 9.805401563644409180e-01 5.798557400703430176e-01 1.634841263294219971e-01 3.116308748722076416e-01 -9.624568819999694824e-01 9.642681479454040527e-01 -9.932397603988647461e-01 -8.661295771598815918e-01 5.218671560287475586e-01 9.978728294372558594e-01 1.136499941349029541e-01 -2.378872968256473541e-02 3.584468364715576172e-01 -4.636305198073387146e-02 7.416239976882934570e-01 -8.511873483657836914e-01 9.679127931594848633e-01 -2.785098254680633545e-01 1.741183688864111900e-03 -2.289689928293228149e-01 -2.765398100018501282e-02 -1.711356490850448608e-01 -8.991277217864990234e-02 3.315396234393119812e-02 -5.538935065269470215e-01 -7.757586240768432617e-01 7.799978852272033691e-01 2.199642360210418701e-01 3.685589134693145752e-01 -9.713123738765716553e-02 -4.817382991313934326e-02 -8.399964869022369385e-02 -2.064423412084579468e-01 9.999844431877136230e-01 -3.047101199626922607e-01 8.997785300016403198e-02 5.447187647223472595e-02 -9.086440503597259521e-02 3.999219536781311035e-01 1.471069753170013428e-01 -6.356372833251953125e-01 -9.744063019752502441e-01 -8.864476084709167480e-01 6.107416003942489624e-02 -2.906937003135681152e-01 7.031428813934326172e-01 1.043718680739402771e-01 9.997940063476562500e-01 9.779713749885559082e-01 9.088075757026672363e-01 9.416797757148742676e-02 9.976299405097961426e-01 -6.464448571205139160e-01 9.697290658950805664e-01 -9.984976649284362793e-01 -9.683731794357299805e-01 -8.504389524459838867e-01 6.139701604843139648e-01 -6.375976800918579102e-01 5.408121943473815918e-01 -9.878813624382019043e-01 9.538485407829284668e-01 7.173249963670969009e-03 9.935113787651062012e-01 -6.238744035363197327e-02 2.028383016586303711e-01 -9.862679839134216309e-01 -8.232764601707458496e-01 -2.620402276515960693e-01 -1.227266564965248108e-01 -4.772282540798187256e-01 2.469644695520401001e-01 1.640795171260833740e-01 5.914309024810791016e-01 8.225913643836975098e-01 -9.307348728179931641e-02 9.773342609405517578e-01 9.396845102310180664e-01 -4.990167021751403809e-01 -1.395208686590194702e-01 9.474349617958068848e-01 -3.748224675655364990e-01 5.190828442573547363e-01 9.845649003982543945e-01 -9.969991445541381836e-01 1.041289269924163818e-01 9.842978119850158691e-01 9.218297004699707031e-01 -1.511577051132917404e-02 2.108211219310760498e-01 -1.205611228942871094e-01 -9.584427475929260254e-01 7.662264257669448853e-02 -8.108929991722106934e-01 6.734268665313720703e-01 -9.987702369689941406e-01 2.976870834827423096e-01 4.084540307521820068e-01 9.456186294555664062e-01 -2.524052262306213379e-01 1.120188012719154358e-01 -1.142041292041540146e-02 2.673130929470062256e-01 9.926098585128784180e-01 5.371897816658020020e-01 -8.521218895912170410e-01 -3.548846244812011719e-01 -1.115483567118644714e-01 -3.258600458502769470e-02 9.847364425659179688e-01 9.998934268951416016e-01 -7.487825751304626465e-01 9.569963216781616211e-01 9.440675973892211914e-01 -2.086419165134429932e-01 3.356082141399383545e-01 -2.662327289581298828e-01 -6.127227544784545898e-01 -1.398987025022506714e-01 2.147454470396041870e-01 -1.859673261642456055e-01 -3.043554127216339111e-01 7.472038269042968750e-02 9.998983144760131836e-01 -3.938849642872810364e-02 -4.355991724878549576e-03 -9.812970757484436035e-01 -7.667401432991027832e-01 5.680730938911437988e-01 -6.098591163754463196e-02 -6.139380335807800293e-01 3.198744058609008789e-01 -8.342145085334777832e-01 -9.461072832345962524e-02 9.171937108039855957e-01 9.992992877960205078e-01 -9.877799749374389648e-01 -1.418002396821975708e-01 -2.649157345294952393e-01 9.979852437973022461e-01 -4.926857650279998779e-01 -9.704422354698181152e-01 9.999334216117858887e-01 -2.096499055624008179e-01 -9.167653918266296387e-01 9.215166568756103516e-01 4.937522858381271362e-02 3.787387907505035400e-01 4.328519999980926514e-01 -9.958316683769226074e-01 -9.401698112487792969e-01 8.320810198783874512e-01 9.985772371292114258e-01 9.980909228324890137e-01 -2.251182943582534790e-01 3.721279799938201904e-01 -1.592241972684860229e-01 -9.995465874671936035e-01 -9.999803900718688965e-01 -9.773300290107727051e-01 4.021745026111602783e-01 -1.846042275428771973e-02 9.496473073959350586e-01 9.110566377639770508e-01 -9.932879805564880371e-01 -2.208641916513442993e-01 9.550735354423522949e-01 -8.873999863862991333e-02 9.960184693336486816e-01 9.990803003311157227e-01 -9.598299264907836914e-01 1.590801030397415161e-02 9.990719556808471680e-01 -5.310273766517639160e-01 -1.126735880970954895e-01 1.502723544836044312e-01 9.987828135490417480e-01 -9.506741166114807129e-01 2.194540053606033325e-01 2.337115406990051270e-01 -9.818994998931884766e-01 4.840954020619392395e-02 9.535691142082214355e-01 -1.718863397836685181e-01 3.584050387144088745e-02 -1.669394820928573608e-01 2.994859516620635986e-01 2.233363389968872070e-01 9.991676211357116699e-01 4.437289535999298096e-01 -9.127457737922668457e-01 -3.848781064152717590e-02 -6.260450482368469238e-01 -1.475303173065185547e-01 -2.897971570491790771e-01 -9.234067797660827637e-01 -1.395598053932189941e-01 -9.615229964256286621e-01 4.671120345592498779e-01 9.883601665496826172e-01 -3.060551173985004425e-02 -1.954119056463241577e-01 8.444705605506896973e-01 5.476999282836914062e-01 1.241840887814760208e-02 -2.714644074440002441e-01 -6.025859117507934570e-01 -6.391588449478149414e-01 2.216195017099380493e-01 9.977772235870361328e-01 -1.392018198966979980e-01 -1.847286373376846313e-01 8.007881641387939453e-01 -5.860653519630432129e-01 2.280398737639188766e-03 7.352473139762878418e-01 9.992195367813110352e-01 -3.693237304687500000e-01 4.635911583900451660e-01 4.555728435516357422e-01 -1.180836707353591919e-01 -6.461497396230697632e-02 -3.272267282009124756e-01 9.136623144149780273e-01 2.999195158481597900e-01 -1.602380275726318359e-01 -3.888889849185943604e-01 -1.542876362800598145e-01 1.658520102500915527e-01 -9.282299280166625977e-01 -8.827092647552490234e-01 -3.590874671936035156e-01 -2.105122208595275879e-01 4.732858762145042419e-02 -6.576372981071472168e-01 -8.848181366920471191e-01 1.346091926097869873e-01 3.120798170566558838e-01 4.440952539443969727e-01 -2.099495083093643188e-01 9.784573912620544434e-01 -1.315087825059890747e-01 6.220185756683349609e-01 1.787163615226745605e-01 -9.999588131904602051e-01 9.636975079774856567e-02 2.496428787708282471e-01 -4.168762564659118652e-01 2.090197652578353882e-01 4.251317307353019714e-02 -1.192567348480224609e-01 -9.976887702941894531e-01 5.445638298988342285e-02 9.908875823020935059e-01 -9.515030980110168457e-01 5.192279815673828125e-02 -1.111464947462081909e-01 8.929035663604736328e-01 -6.208818554878234863e-01 -2.720540463924407959e-01 -6.948393583297729492e-01 -9.999866485595703125e-01 -3.714090287685394287e-01 -1.654931902885437012e-01 -8.642231673002243042e-02 3.661718666553497314e-01 -5.041379332542419434e-01 6.548338532447814941e-01 -1.712537109851837158e-01 -8.594884723424911499e-02 -6.329768151044845581e-02 5.359153747558593750e-01 -3.633583337068557739e-02 9.472227692604064941e-01 -7.920560240745544434e-02 -7.975100278854370117e-01 3.217990696430206299e-01 3.382072150707244873e-01 -9.672627449035644531e-01 7.977882623672485352e-01 9.793171882629394531e-01 -9.928562641143798828e-01 -1.276655644178390503e-01 -3.756481409072875977e-01 1.017737910151481628e-01 2.773149311542510986e-01 -2.872878313064575195e-01 -3.507257401943206787e-01 -2.224078774452209473e-02 -1.297908127307891846e-01 9.839665293693542480e-01 1.956535130739212036e-01 9.241262078285217285e-01 2.812452614307403564e-01 -9.977542161941528320e-01 -1.781206391751766205e-02 1.482100486755371094e-01 -2.992248237133026123e-01 1.096567586064338684e-01 4.303599298000335693e-01 -9.008099436759948730e-01 9.984891414642333984e-01 -9.999204874038696289e-01 -9.905132651329040527e-01 3.778862357139587402e-01 -6.194342970848083496e-01 -7.842445969581604004e-01 9.451995790004730225e-02 -4.207031428813934326e-01 1.502958685159683228e-01 -9.964097142219543457e-01 -4.059157967567443848e-01 2.528115212917327881e-01 -9.701358079910278320e-01 -8.977269530296325684e-01 -9.827888607978820801e-01 1.432790309190750122e-01 1.081127449870109558e-01 2.467670738697052002e-01 3.226481080055236816e-01 1.523330211639404297e-01 -9.581699967384338379e-02 9.284732937812805176e-01 5.475323200225830078e-01 3.487226963043212891e-01 3.736212551593780518e-01 1.121742874383926392e-01 1.839078813791275024e-01 9.782639741897583008e-01 6.906393170356750488e-01 5.013199150562286377e-02 -9.975130558013916016e-01 2.007955908775329590e-01 9.525139927864074707e-01 9.980313181877136230e-01 8.510000109672546387e-01 6.629012823104858398e-01 -9.999346137046813965e-01 -2.257220745086669922e-01 3.247272372245788574e-01 -9.683120846748352051e-01 8.837360143661499023e-01 -4.027855396270751953e-01 2.178927212953567505e-01 -9.913155436515808105e-01 -5.595418214797973633e-01 4.921411275863647461e-01 -9.697942733764648438e-01 9.272725582122802734e-01 -1.367526948451995850e-01 4.857744872570037842e-01 2.436884790658950806e-01 3.162893950939178467e-01 1.386855244636535645e-01 -9.628740549087524414e-01 -5.958507657051086426e-01 -1.908426880836486816e-01 -5.243818461894989014e-02 2.279083728790283203e-01 2.257028222084045410e-02 -9.999438524246215820e-01 -7.367737889289855957e-01 -1.080881133675575256e-01 4.979895651340484619e-01 1.458786576986312866e-01 -1.095462515950202942e-01 9.877807646989822388e-02 -9.934661984443664551e-01 9.999784827232360840e-01 -1.513238251209259033e-01 5.254523083567619324e-02 3.599432706832885742e-01 4.578990489244461060e-02 -2.427117079496383667e-01 -9.644123315811157227e-01 7.450181841850280762e-01 -5.788800120353698730e-01 -4.855220019817352295e-01 -9.589577466249465942e-02 -1.880943030118942261e-01 -8.508785963058471680e-01
-9.708843827247619629e-01 3.359834253787994385e-01 1.359200924634933472e-01 8.956363052129745483e-02 -5.326044559478759766e-01 2.293114662170410156e-01 9.976397752761840820e-01 -9.863612651824951172e-01 9.921406209468841553e-02 -9.701692461967468262e-01 2.852256596088409424e-01 -9.894555807113647461e-01 -9.116737246513366699e-01 -5.155416727066040039e-01 -6.973511576652526855e-01 -1.416529715061187744e-01 2.560534477233886719e-01 -1.691582500934600830e-01 -3.916758298873901367e-01 -1.501111835241317749e-01 4.113632440567016602e-01 4.794237017631530762e-01 9.114524722099304199e-01 4.435653090476989746e-01 9.966576695442199707e-01 9.902954697608947754e-01 6.669373065233230591e-02 -1.906449645757675171e-01 -3.044371306896209717e-01 1.167138069868087769e-01 9.761158227920532227e-01 1.621969193220138550e-01 1.583731770515441895e-01 -2.153475284576416016e-01 -7.385531067848205566e-01 -1.839973218739032745e-02 -6.066368818283081055e-01 -1.411258126609027386e-03 9.992015361785888672e-01 -3.185856342315673828e-01 1.097567230463027954e-01 -5.185056924819946289e-01 1.369198262691497803e-01 -9.964228272438049316e-01 4.169603586196899414e-01 4.827930927276611328e-01 -9.985716938972473145e-01 -6.466338876634836197e-03 9.756213426589965820e-01 -5.496591925621032715e-01 7.403858900070190430e-01 1.570376604795455933e-01 9.825357794761657715e-01 1.820254623889923096e-01 -3.431360423564910889e-01 3.327769041061401367e-01 2.750394642353057861e-01 1.549154371023178101e-01 -9.909406900405883789e-01 -4.264999926090240479e-01 -2.785845100879669189e-01 -1.758534163236618042e-01 8.534649014472961426e-01 -4.097392037510871887e-02 -2.842317894101142883e-02 -9.999108910560607910e-01 9.963725805282592773e-01 -4.538843631744384766e-01 7.974170148372650146e-05 9.983171224594116211e-01 9.972155690193176270e-01 9.999405741691589355e-01 -9.131639003753662109e-01 -7.137048244476318359e-01 -9.880290031433105469e-01 -5.063581466674804688e-01 -3.037669062614440918e-01 -3.019376397132873535e-01 -2.025837451219558716e-01 -4.002558290958404541e-01 -9.757310748100280762e-01 1.096452698111534119e-01 9.477006196975708008e-01 3.815874159336090088e-01 4.647157192230224609e-01 -8.588690757751464844e-01 2.986354231834411621e-01 2.664369940757751465e-01 -3.068664968013763428e-01 2.211218923330307007e-01 -7.967501282691955566e-01 -1.169665008783340454e-01 6.202986836433410645e-01 -9.507123231887817383e-01 -9.978212714195251465e-01 9.791719317436218262e-01 7.878591418266296387e-01 -1.956390440464019775e-01 -9.999957084655761719e-01 -4.039269685745239258e-01 -4.142776727676391602e-01 -9.729760289192199707e-01 -8.841378092765808105e-01 -4.040104448795318604e-01 1.714595407247543335e-01 2.398295253515243530e-01 9.430259466171264648e-01 7.545411586761474609e-02 -3.518805801868438721e-01 -7.751498818397521973e-01 6.063823103904724121e-01 7.153806686401367188e-01 -9.123222827911376953e-01 -8.663655519485473633e-01 -2.860902845859527588e-01 -7.964372634887695312e-02 -9.687365889549255371e-01 3.012626767158508301e-01 3.025082349777221680e-01 9.922503232955932617e-01 -6.767351031303405762e-01 -1.910754889249801636e-01 -9.944849014282226562e-01 -8.932988047599792480e-01 -8.337837457656860352e-02 9.244556725025177002e-02 -9.956955313682556152e-01 2.729507721960544586e-02 -1.149699985980987549e-01 -2.896273732185363770e-01 9.696477055549621582e-01 9.900280833244323730e-01 -7.160963118076324463e-02 3.713060021400451660e-01 2.863337099552154541e-01 -7.835618220269680023e-03 8.936012387275695801e-01 -9.713578224182128906e-01 -2.149721980094909668e-01 2.954816520214080811e-01 9.778672456741333008e-01 1.749167591333389282e-01 -2.196682393550872803e-01 8.027080893516540527e-01 3.069599568843841553e-01 -4.705456197261810303e-01 -9.753308892250061035e-01 9.445241689682006836e-01 -8.230626583099365234e-01 -2.518726587295532227e-01 -5.263108760118484497e-02 1.718956790864467621e-02 1.531643122434616089e-01 -3.451507687568664551e-01 1.573357433080673218e-01 -5.432807207107543945e-01 1.258790493011474609e-01 -4.777843952178955078e-01 -7.881824672222137451e-02 2.480596452951431274e-01 -3.924831151962280273e-01 5.626645684242248535e-02 -8.696389943361282349e-02 1.744353398680686951e-02 9.999488592147827148e-01 -1.645665913820266724e-01 4.789775609970092773e-02 -2.726278305053710938e-01 5.048972368240356445e-01 9.800791740417480469e-01 1.540220677852630615e-01 -9.777597188949584961e-01 -8.747975230216979980e-01 -2.449037320911884308e-02 2.645789980888366699e-01 -5.406441539525985718e-02 5.063740015029907227e-01 9.407854080200195312e-02 9.987245798110961914e-01 9.509600996971130371e-01 9.243754744529724121e-01 5.488369613885879517e-03 9.984542131423950195e-01 6.051466464996337891e-01 9.347147345542907715e-01 -9.983276724815368652e-01 -9.852288961410522461e-01 -9.594910144805908203e-01 4.336844384670257568e-01 2.418863773345947266e-02 9.091801047325134277e-01 -9.521841406822204590e-01 9.738433957099914551e-01 2.231053858995437622e-01 9.806850552558898926e-01 -2.657785266637802124e-02 6.766861081123352051e-01 -8.809578418731689453e-01 -9.967815876007080078e-01 -3.663428127765655518e-01 -1.793851703405380249e-01 -6.327419728040695190e-02 -5.569297671318054199e-01 2.521322965621948242e-01 7.173287868499755859e-02 7.900543212890625000e-01 9.232717007398605347e-02 9.990048408508300781e-01 6.894168853759765625e-01 -3.553813993930816650e-01 -8.728861808776855469e-01 9.467362165451049805e-01 -1.825726330280303955e-01 5.926698446273803711e-01 8.924503922462463379e-01 -9.845625162124633789e-01 -7.184057831764221191e-01 8.579091429710388184e-01 2.094618976116180420e-01 -5.074762739241123199e-03 1.613861694931983948e-02 5.838685035705566406e-01 -9.454743266105651855e-01 1.164688542485237122e-01 -9.425086379051208496e-01 4.304963350296020508e-02 -9.929980039596557617e-01 5.694405175745487213e-03 9.429745078086853027e-01 9.686129689216613770e-01 2.353499233722686768e-01 -1.509464979171752930e-01 -2.781283557415008545e-01 2.513432502746582031e-01 9.913478493690490723e-01 5.702362060546875000e-01 -9.840812087059020996e-01 -3.584571778774261475e-01 4.196436405181884766e-01 -3.251810669898986816e-01 9.775924682617187500e-01 9.986923933029174805e-01 -2.471977174282073975e-01 9.911929965019226074e-01 4.902800321578979492e-01 1.917137019336223602e-02 -1.647624373435974121e-02 1.975512355566024780e-01 -1.249164789915084839e-01 3.059150874614715576e-01 2.518880665302276611e-01 -1.895726919174194336e-01 -6.065611839294433594e-01 1.132024601101875305e-01 9.999001026153564453e-01 9.201283752918243408e-02 -1.085255518555641174e-01 -6.888352036476135254e-01 -8.153097629547119141e-01 9.318870902061462402e-01 1.233605947345495224e-02 1.847827732563018799e-01 9.601885825395584106e-02 -8.635980486869812012e-01 -3.710712864995002747e-02 8.529388308525085449e-01 9.996725916862487793e-01 -9.961620569229125977e-01 -3.246932029724121094e-01 1.938976198434829712e-01 9.984431862831115723e-01 -3.867103457450866699e-01 -9.151827096939086914e-01 9.993745684623718262e-01 -6.439545154571533203e-01 -5.806661844253540039e-01 9.972773790359497070e-01 5.115560293197631836e-01 7.104249596595764160e-01 3.900098800659179688e-01 -9.862751364707946777e-01 -8.890287876129150391e-01 3.569251000881195068e-01 9.969472289085388184e-01 9.991843700408935547e-01 -1.405278444290161133e-01 1.474033892154693604e-01 -4.014794901013374329e-02 -9.977492094039916992e-01 -9.998054504394531250e-01 -9.980186223983764648e-01 3.788456320762634277e-01 3.057085871696472168e-01 9.584993124008178711e-01 6.142424941062927246e-01 -9.921606183052062988e-01 -3.910375535488128662e-01 9.813493490219116211e-01 1.029294654726982117e-01 9.985263347625732422e-01 9.995343089103698730e-01 -5.552091598510742188e-01 2.694409787654876709e-01 9.993876218795776367e-01 -4.551939070224761963e-01 -4.655165076255798340e-01 2.388197183609008789e-02 9.977045655250549316e-01 -8.770970106124877930e-01 9.132210910320281982e-02 1.862302124500274658e-01 -9.742986559867858887e-01 1.890422254800796509e-01 9.857506155967712402e-01 -5.006868839263916016e-01 -3.485777974128723145e-01 1.934331096708774567e-02 3.234156966209411621e-01 2.503631412982940674e-01 9.917258024215698242e-01 1.914945989847183228e-01 -9.927905201911926270e-01 -1.429005116224288940e-01 -9.546293020248413086e-01 -5.536952614784240723e-02 -5.458489060401916504e-01 -8.838970661163330078e-01 -1.095733791589736938e-01 -5.930671691894531250e-01 3.042133450508117676e-01 9.928390979766845703e-01 5.149118951521813869e-04 -1.352536082267761230e-01 9.848681092262268066e-01 4.513058066368103027e-01 -1.354120820760726929e-01 -9.414742887020111084e-02 -9.397065043449401855e-01 1.102878078818321228e-01 4.550850093364715576e-01 9.841025471687316895e-01 -9.816603362560272217e-02 -1.114698052406311035e-01 -1.368500739336013794e-01 -8.528126478195190430e-01 -1.594475656747817993e-01 3.384971618652343750e-01 9.969960451126098633e-01 -2.386604696512222290e-01 8.913840651512145996e-01 4.492377638816833496e-01 -2.055665701627731323e-01 8.712466061115264893e-02 -3.592294752597808838e-01 2.000062167644500732e-01 1.847697496414184570e-01 -8.295698761940002441e-01 1.220190301537513733e-01 -4.711505472660064697e-01 1.581784188747406006e-01 -9.774136543273925781e-01 -3.458344377577304840e-03 -3.779798448085784912e-01 -1.070171147584915161e-01 2.541081905364990234e-01 -8.432816863059997559e-01 -7.117639482021331787e-02 5.511136054992675781e-01 4.188525974750518799e-01 4.822607338428497314e-01 -4.677572548389434814e-01 9.724858999252319336e-01 -1.710058301687240601e-01 5.241248011589050293e-01 9.338458776473999023e-01 -9.994173049926757812e-01 2.367793470621109009e-01 1.684967875480651855e-01 -1.806919127702713013e-01 1.891121715307235718e-01 2.247790992259979248e-01 -4.143233597278594971e-01 -9.986445307731628418e-01 2.041514664888381958e-01 9.167168736457824707e-01 -9.472293853759765625e-01 3.958521187305450439e-01 -4.509802758693695068e-01 3.537034988403320312e-01 -4.864142835140228271e-01 -4.307321608066558838e-01 4.037047028541564941e-01 -9.993036985397338867e-01 -3.959665894508361816e-01 -1.204009503126144409e-01 -3.192690387368202209e-02 4.325304552912712097e-02 -3.782256245613098145e-01 -4.915441572666168213e-01 2.158991545438766479e-01 4.779818952083587646e-01 -9.322316646575927734e-01 -1.928903907537460327e-02 -2.194291055202484131e-01 9.483056664466857910e-01 5.197587013244628906e-01 2.128151506185531616e-01 1.655887067317962646e-01 4.382809400558471680e-01 -5.110870003700256348e-01 2.923103868961334229e-01 9.446303844451904297e-01 -9.983668923377990723e-01 2.440971136093139648e-01 4.578988850116729736e-01 3.271353244781494141e-01 1.855494827032089233e-01 6.808082014322280884e-02 -8.708657026290893555e-01 -7.892577052116394043e-01 -3.730945661664009094e-02 9.960302710533142090e-01 3.203152120113372803e-01 6.439641118049621582e-01 2.013900876045227051e-01 -9.997025728225708008e-01 1.485139578580856323e-01 -1.202556118369102478e-02 1.072433292865753174e-01 2.454334795475006104e-01 2.984195947647094727e-01 -2.763547599315643311e-01 9.984474182128906250e-01 -9.999234676361083984e-01 -9.910404086112976074e-01 3.087244629859924316e-01 -6.646049618721008301e-01 -3.359922766685485840e-01 -1.546940356492996216e-01 -1.602996885776519775e-01 -9.492155909538269043e-02 -9.977142810821533203e-01 -4.271685183048248291e-01 5.424451231956481934e-01 -9.623984694480895996e-01 -8.975833654403686523e-01 -8.945936560630798340e-01 1.222300752997398376e-01 -3.780606091022491455e-01 -1.432860791683197021e-01 4.347709417343139648e-01 1.154041811823844910e-01 -9.074497967958450317e-03 9.940241575241088867e-01 4.846901595592498779e-01 2.830758988857269287e-01 2.518358826637268066e-01 3.636497557163238525e-01 -9.178870916366577148e-02 9.776979088783264160e-01 5.179082751274108887e-01 2.233036309480667114e-01 -9.943972826004028320e-01 2.173845171928405762e-01 4.938991665840148926e-01 9.997017383575439453e-01 8.493875861167907715e-01 2.620968520641326904e-01 -9.997935891151428223e-01 -2.130883485078811646e-01 5.583360791206359863e-01 -9.522131681442260742e-01 4.364792108535766602e-01 -1.912963241338729858e-01 1.917513012886047363e-01 -8.479391932487487793e-01 -5.184296965599060059e-01 2.404313683509826660e-01 -9.494909048080444336e-01 8.433550596237182617e-01 -2.779968380928039551e-01 3.166985809803009033e-01 3.044485747814178467e-01 2.560724616050720215e-01 1.185357496142387390e-01 -7.830557227134704590e-01 2.997632324695587158e-02 -6.059062108397483826e-02 2.698052525520324707e-01 -2.416553720831871033e-02 -3.307138979434967041e-01 -9.999918937683105469e-01 -5.305205583572387695e-01 -4.094140231609344482e-01 2.411798574030399323e-02 3.348582610487937927e-02 -2.665503323078155518e-02 2.759079635143280029e-01 -9.928137063980102539e-01 9.999920725822448730e-01 -8.204795122146606445e-01 -2.323720157146453857e-01 4.746493101119995117e-01 8.772697299718856812e-02 1.382558643817901611e-01 -9.794389605522155762e-01 9.532938599586486816e-01 -9.703778028488159180e-01 4.346341267228126526e-02 -2.192652225494384766e-01 -3.139717280864715576e-01 -9.226546883583068848e-01
-5.978569388389587402e-01 8.505588173866271973e-01 2.005474567413330078e-01 7.306823134422302246e-02 -3.979797959327697754e-01 -4.173700883984565735e-02 9.986950755119323730e-01 -9.915283918380737305e-01 -3.604700565338134766e-01 -9.950174093246459961e-01 1.259741634130477905e-01 -9.915325641632080078e-01 2.159485518932342529e-01 -9.876797199249267578e-01 -9.424700140953063965e-01 -2.541543543338775635e-01 -6.280849128961563110e-02 2.905163466930389404e-01 -7.352124452590942383e-01 2.612822949886322021e-01 4.276560246944427490e-01 8.894541859626770020e-02 7.799989581108093262e-01 1.929885447025299072e-01 9.998915195465087891e-01 9.953574538230895996e-01 -1.934413909912109375e-01 -2.933184802532196045e-01 2.200670540332794189e-01 4.118761122226715088e-01 9.915781617164611816e-01 7.760548591613769531e-02 1.814715117216110229e-01 1.580569148063659668e-01 -7.762169241905212402e-01 -2.880004346370697021e-01 -5.378106832504272461e-01 -1.793293058872222900e-01 9.983388781547546387e-01 -1.005885154008865356e-01 1.299251466989517212e-01 -3.656042218208312988e-01 1.381354331970214844e-01 -9.944691061973571777e-01 1.434869617223739624e-01 9.296033382415771484e-01 -9.968116283416748047e-01 -1.312046200037002563e-01 8.818976879119873047e-01 -3.136667609214782715e-01 5.138847827911376953e-01 5.488604307174682617e-02 9.951335191726684570e-01 -1.031937301158905029e-01 -1.140510663390159607e-01 1.824201047420501709e-01 -1.649426817893981934e-01 -1.749533861875534058e-01 -9.987554550170898438e-01 8.138996362686157227e-01 -1.738688349723815918e-01 1.840698271989822388e-01 8.350400924682617188e-01 -1.235287562012672424e-01 -6.714148074388504028e-02 -9.859005212783813477e-01 9.995306134223937988e-01 2.067276239395141602e-01 -6.264203693717718124e-03 9.984820485115051270e-01 9.882140159606933594e-01 9.999293684959411621e-01 -5.420710444450378418e-01 -8.480041623115539551e-01 -6.732937097549438477e-01 -4.569683670997619629e-01 3.190661668777465820e-01 1.447593271732330322e-01 -8.832865953445434570e-02 -6.174654141068458557e-02 -9.288028478622436523e-01 1.186043303459882736e-02 9.965820908546447754e-01 -3.897163271903991699e-01 7.498468756675720215e-01 -9.821783304214477539e-01 -8.785216510295867920e-02 3.812226355075836182e-01 -3.509994447231292725e-01 -1.877818703651428223e-01 -8.737703561782836914e-01 2.503390610218048096e-01 3.861178755760192871e-01 -8.068766593933105469e-01 -6.606589555740356445e-01 8.237758874893188477e-01 9.716085195541381836e-01 1.295029930770397186e-02 -9.999907612800598145e-01 1.735848188400268555e-02 -5.246565937995910645e-01 -9.825477600097656250e-01 -4.514772593975067139e-01 -9.072222560644149780e-02 1.293985843658447266e-01 -1.671290583908557892e-02 8.217988014221191406e-01 3.023829460144042969e-01 -2.491496205329895020e-01 7.533363252878189087e-02 -8.938249200582504272e-03 6.191723346710205078e-01 -9.056701660156250000e-01 -9.317000508308410645e-01 -2.404906302690505981e-01 1.108552291989326477e-01 -9.416075944900512695e-01 4.222896695137023926e-01 -8.411551266908645630e-02 9.940136671066284180e-01 -9.123458862304687500e-01 6.083396822214126587e-02 -9.941250085830688477e-01 8.084808588027954102e-01 -9.069653600454330444e-02 -2.440914362668991089e-01 -9.992883801460266113e-01 -1.859970241785049438e-01 -2.963781952857971191e-01 -3.238483965396881104e-01 9.509842991828918457e-01 9.581019282341003418e-01 6.219384074211120605e-01 1.332997083663940430e-01 2.710507512092590332e-01 1.181103289127349854e-01 1.124582588672637939e-01 -9.844080805778503418e-01 -4.019885361194610596e-01 4.207795262336730957e-01 9.986954331398010254e-01 3.860413432121276855e-01 -2.680809497833251953e-01 9.982482790946960449e-01 -2.438316196203231812e-01 4.060812294483184814e-01 -9.672834873199462891e-01 9.433388710021972656e-01 -3.089203834533691406e-01 -1.702330410480499268e-01 -3.773015141487121582e-01 1.559652388095855713e-01 7.801182270050048828e-01 -4.743514955043792725e-01 1.529297530651092529e-01 -3.431078493595123291e-01 -3.971195220947265625e-01 -7.561506032943725586e-01 2.716045975685119629e-01 4.428099989891052246e-01 -2.260300964117050171e-01 2.415487319231033325e-01 3.605453670024871826e-01 -4.610531330108642578e-01 9.999797940254211426e-01 -1.495065749622881413e-03 1.877627894282341003e-02 -6.669114232063293457e-01 9.897767305374145508e-01 9.647540450096130371e-01 2.854972779750823975e-01 -9.245046377182006836e-01 -9.691604375839233398e-01 -4.245417416095733643e-01 1.164296418428421021e-01 -2.055019140243530273e-04 9.518244862556457520e-01 -9.662268683314323425e-03 9.988056421279907227e-01 9.456840753555297852e-01 8.476557731628417969e-01 -1.492687165737152100e-01 9.971222877502441406e-01 1.166346855461597443e-02 8.996686935424804688e-01 -9.992398023605346680e-01 -9.744220376014709473e-01 9.086322188377380371e-01 5.949741005897521973e-01 7.415158748626708984e-01 2.048614323139190674e-01 -9.878919720649719238e-01 9.872705936431884766e-01 -4.374182596802711487e-02 9.392183423042297363e-01 -2.440284788608551025e-01 2.500648200511932373e-01 -9.030951857566833496e-01 -8.652269244194030762e-01 1.441774144768714905e-02 -3.476049751043319702e-02 -5.305935740470886230e-01 1.130860969424247742e-01 3.732574582099914551e-01 3.944844305515289307e-01 -4.360270202159881592e-01 1.743634194135665894e-01 9.942169785499572754e-01 9.316402673721313477e-01 -2.092097699642181396e-01 -7.732304334640502930e-01 3.821130096912384033e-01 2.020151466131210327e-01 5.774583816528320312e-01 9.357971549034118652e-01 -8.023487925529479980e-01 4.253004193305969238e-01 9.958087205886840820e-01 4.709944725036621094e-01 -1.834530383348464966e-01 -5.711194276809692383e-01 1.304311752319335938e-01 -9.274806976318359375e-01 1.525421887636184692e-01 -7.528298497200012207e-01 1.382850557565689087e-01 -9.899592399597167969e-01 -1.143367141485214233e-01 9.028499722480773926e-01 9.941262006759643555e-01 -1.181488763540983200e-02 5.143047124147415161e-02 -2.958134114742279053e-01 3.718478977680206299e-01 9.892870783805847168e-01 2.655142545700073242e-01 -9.065899848937988281e-01 -3.484077006578445435e-02 3.055051565170288086e-01 1.975236460566520691e-02 9.783070683479309082e-01 9.997322559356689453e-01 -5.158079862594604492e-01 9.573595523834228516e-01 9.164176583290100098e-01 2.943502664566040039e-01 9.997210502624511719e-01 8.296050131320953369e-02 -5.175060629844665527e-01 -1.622080355882644653e-01 3.775153458118438721e-01 9.113445132970809937e-02 -1.263082772493362427e-01 1.292591542005538940e-01 9.995395541191101074e-01 1.870410167612135410e-03 -2.095119059085845947e-01 -9.674766659736633301e-01 -3.054104745388031006e-01 5.813913941383361816e-01 -4.626173973083496094e-01 -1.946536153554916382e-01 8.130532503128051758e-02 -8.905853033065795898e-01 1.650097668170928955e-01 9.418823719024658203e-01 9.986329078674316406e-01 -9.982550144195556641e-01 -4.589668661355972290e-02 -3.434861898422241211e-01 9.997964501380920410e-01 -1.727117598056793213e-01 -9.208173751831054688e-01 9.989184141159057617e-01 -6.040900349617004395e-01 -6.437903642654418945e-01 9.729259014129638672e-01 2.131751626729965210e-01 8.509454131126403809e-01 2.970749139785766602e-01 -9.876206517219543457e-01 -9.650846719741821289e-01 4.083513319492340088e-01 9.831463694572448730e-01 9.965606331825256348e-01 -1.938993036746978760e-01 2.654933333396911621e-01 5.380572006106376648e-02 -9.972797036170959473e-01 -9.996886849403381348e-01 -9.892079234123229980e-01 5.842177271842956543e-01 3.399797976016998291e-01 4.946099221706390381e-01 9.234759807586669922e-01 -9.452763199806213379e-01 -3.612205088138580322e-01 9.823358058929443359e-01 -1.086115837097167969e-02 9.904589653015136719e-01 9.898929595947265625e-01 -9.900295138359069824e-01 -4.490556716918945312e-01 9.932847023010253906e-01 -3.892240524291992188e-01 1.043864041566848755e-01 -3.386821225285530090e-02 9.970046877861022949e-01 -2.413917928934097290e-01 2.355787009000778198e-01 -3.412003070116043091e-02 -9.715799093246459961e-01 2.584035694599151611e-01 9.956371188163757324e-01 -2.673160433769226074e-01 -2.231090068817138672e-01 -1.546924859285354614e-01 2.985116541385650635e-01 2.303958386182785034e-01 9.973303079605102539e-01 1.066755801439285278e-01 -9.828974604606628418e-01 9.461760520935058594e-03 -7.875890731811523438e-01 -2.462035417556762695e-01 -3.306955695152282715e-01 -9.681199193000793457e-01 4.088336527347564697e-01 -7.158573865890502930e-01 -3.393407538533210754e-02 9.873354434967041016e-01 -3.643156886100769043e-01 2.807478010654449463e-01 8.992951512336730957e-01 3.324758112430572510e-01 3.157081902027130127e-01 2.510132491588592529e-01 -9.551863670349121094e-01 -5.891854166984558105e-01 3.706668019294738770e-01 9.940869212150573730e-01 -9.795679710805416107e-03 -3.731431663036346436e-01 9.906965494155883789e-01 -7.979308366775512695e-01 2.328384369611740112e-01 7.760720849037170410e-01 9.991573095321655273e-01 -5.443442612886428833e-02 9.286102056503295898e-01 5.552437901496887207e-01 -1.560899764299392700e-01 8.455956727266311646e-02 -4.236280918121337891e-01 4.616730809211730957e-01 -2.619356811046600342e-01 -5.389446616172790527e-01 -3.833233416080474854e-01 -1.400418281555175781e-01 -6.004734709858894348e-02 -9.853971600532531738e-01 -2.928904294967651367e-01 -3.795632421970367432e-01 1.899598091840744019e-01 3.075300157070159912e-02 -9.837138652801513672e-01 -4.081400632858276367e-01 5.731069445610046387e-01 1.672546416521072388e-01 4.523597955703735352e-01 -3.524119555950164795e-01 9.523441195487976074e-01 -3.166172206401824951e-01 6.203003525733947754e-01 8.340809941291809082e-01 -9.996876120567321777e-01 3.144562244415283203e-01 3.329444229602813721e-01 1.981521546840667725e-01 2.872101031243801117e-02 -9.513412415981292725e-02 -3.736279904842376709e-02 -9.988918304443359375e-01 1.831609606742858887e-01 9.630204439163208008e-01 -4.976304173469543457e-01 5.957258343696594238e-01 -1.755002588033676147e-01 3.198550641536712646e-01 -4.058731794357299805e-01 -1.361941695213317871e-01 3.213151991367340088e-01 -9.997386932373046875e-01 -2.015527486801147461e-01 -1.784634292125701904e-01 -4.245445430278778076e-01 -2.929865121841430664e-01 -7.288562655448913574e-01 9.905878305435180664e-01 1.985420286655426025e-02 4.402030259370803833e-02 -9.418682456016540527e-01 4.269386231899261475e-01 -4.851582944393157959e-01 9.945613145828247070e-01 -4.507003724575042725e-01 -3.913693726062774658e-01 -2.427704185247421265e-01 2.650416493415832520e-01 -9.413190484046936035e-01 4.447593539953231812e-02 9.021229147911071777e-01 -9.991441369056701660e-01 1.243539899587631226e-01 -3.401244878768920898e-01 3.468953967094421387e-01 1.783793568611145020e-01 -3.544202148914337158e-01 -8.000976443290710449e-01 1.616932600736618042e-01 -5.539823770523071289e-01 8.643463253974914551e-01 1.071522384881973267e-01 8.886318802833557129e-01 4.559596478939056396e-01 -9.998676776885986328e-01 -3.940428420901298523e-02 1.919724941253662109e-01 3.012622892856597900e-01 -2.487889677286148071e-01 2.507588863372802734e-01 -8.412184119224548340e-01 9.941895008087158203e-01 -9.997762441635131836e-01 -9.965925812721252441e-01 4.740180671215057373e-01 -8.203896880149841309e-01 -5.704963207244873047e-01 -2.779532223939895630e-02 -3.580287992954254150e-01 -1.234421040862798691e-02 -9.984095692634582520e-01 -9.713183641433715820e-01 6.393709778785705566e-01 -9.964244365692138672e-01 -9.660625457763671875e-01 -9.850819110870361328e-01 5.030204057693481445e-01 -1.299128085374832153e-01 1.801085472106933594e-01 3.715536594390869141e-01 1.205331087112426758e-01 3.068062663078308105e-01 9.980767369270324707e-01 2.741055190563201904e-01 3.865295350551605225e-01 5.566850304603576660e-01 -2.196455895900726318e-01 -2.923831902444362640e-02 9.235520362854003906e-01 3.287132084369659424e-01 4.719061776995658875e-03 -9.863218069076538086e-01 2.529415786266326904e-01 6.814941167831420898e-01 9.996851682662963867e-01 7.602559924125671387e-01 8.781118988990783691e-01 -9.998081326484680176e-01 -2.540299892425537109e-01 4.673641026020050049e-01 -9.268259406089782715e-01 8.807018995285034180e-01 -2.047798931598663330e-01 4.855296015739440918e-01 -9.835335612297058105e-01 -8.066914081573486328e-01 5.118764638900756836e-01 -9.813932180404663086e-01 9.107946753501892090e-01 1.039610430598258972e-01 4.460286200046539307e-01 3.224436044692993164e-01 3.425365686416625977e-01 3.441787064075469971e-01 -9.702600836753845215e-01 -6.601198911666870117e-01 -5.508825778961181641e-01 -1.530470103025436401e-01 6.364047527313232422e-02 -2.111536860466003418e-01 -9.999985098838806152e-01 -1.160559132695198059e-01 -7.389696836471557617e-01 3.898340761661529541e-01 -1.789975017309188843e-01 9.919761866331100464e-02 4.533955156803131104e-01 -9.861558079719543457e-01 9.999233484268188477e-01 -9.976384043693542480e-01 1.880468577146530151e-01 1.294224262237548828e-01 -3.795867562294006348e-01 2.131825983524322510e-01 -9.619438648223876953e-01 9.646347761154174805e-01 2.269720882177352905e-01 3.046023845672607422e-01 4.808490723371505737e-02 -3.849843144416809082e-01 -8.157886266708374023e-01
-2.436640858650207520e-01 4.205922186374664307e-01 1.216590106487274170e-01 -2.401474677026271820e-02 -1.060467287898063660e-01 6.664284467697143555e-01 8.949725031852722168e-01 -9.776390790939331055e-01 -2.622919380664825439e-01 -9.655312895774841309e-01 1.213442459702491760e-01 -9.851084351539611816e-01 -8.304370641708374023e-01 -8.518627285957336426e-01 -8.163387775421142578e-01 9.422340989112854004e-02 1.747022941708564758e-02 -1.952899396419525146e-01 -5.132874846458435059e-01 -5.537603795528411865e-02 3.306419849395751953e-01 -1.732366979122161865e-01 7.954416275024414062e-01 1.617288142442703247e-01 9.980157613754272461e-01 9.768046736717224121e-01 -3.001387417316436768e-01 1.563638299703598022e-01 -1.369616948068141937e-03 -4.938932880759239197e-02 9.955227971076965332e-01 -7.476959377527236938e-02 -6.517890840768814087e-02 -9.717414528131484985e-02 -8.836210966110229492e-01 5.401308648288249969e-03 -5.475313067436218262e-01 -1.290348768234252930e-01 9.979764223098754883e-01 -2.149571627378463745e-01 3.029634943231940269e-03 -2.172690778970718384e-01 6.671968847513198853e-02 -9.811457991600036621e-01 2.765747904777526855e-02 9.672811627388000488e-01 -9.997652173042297363e-01 4.883258044719696045e-02 9.133291840553283691e-01 -4.641932249069213867e-01 8.195863366127014160e-01 3.434083983302116394e-02 9.893881082534790039e-01 1.184940338134765625e-01 -4.384899437427520752e-01 2.633672654628753662e-01 9.089566022157669067e-02 4.505159333348274231e-02 -9.516518115997314453e-01 -4.273805320262908936e-01 -3.830839991569519043e-01 -9.002338349819183350e-02 9.051831364631652832e-01 5.478505045175552368e-02 6.351862102746963501e-02 -9.903734326362609863e-01 9.996542334556579590e-01 -3.375894725322723389e-01 1.132160276174545288e-01 9.997178316116333008e-01 9.891114830970764160e-01 9.999555349349975586e-01 -9.484903812408447266e-01 -6.293465495109558105e-01 -8.973708152770996094e-01 -4.840644001960754395e-01 -2.959303930401802063e-02 1.730093546211719513e-02 -3.290805816650390625e-01 8.543108403682708740e-02 -9.941975474357604980e-01 -1.215225830674171448e-02 9.545089602470397949e-01 2.802488803863525391e-01 5.908437371253967285e-01 -8.714261054992675781e-01 -2.045629546046257019e-02 4.545815885066986084e-01 -6.762126088142395020e-02 1.413207948207855225e-01 -7.969309091567993164e-01 2.957294583320617676e-01 2.768933400511741638e-02 -6.311314702033996582e-01 -9.964770674705505371e-01 6.440858244895935059e-01 1.903594657778739929e-02 7.752452790737152100e-02 -9.996828436851501465e-01 -7.475232332944869995e-02 -3.898321688175201416e-01 -9.966967105865478516e-01 -8.240235447883605957e-01 -2.017512917518615723e-01 -6.794247031211853027e-02 1.272338181734085083e-01 9.483580589294433594e-01 4.246794581413269043e-01 -1.171160861849784851e-01 -2.848481237888336182e-01 3.738299012184143066e-03 7.596334218978881836e-01 -4.407390654087066650e-01 -8.994842767715454102e-01 6.388308946043252945e-03 1.419824361801147461e-01 -9.638652205467224121e-01 -6.370527148246765137e-01 1.942388266324996948e-01 9.821819067001342773e-01 -8.829904794692993164e-01 7.889520376920700073e-02 -9.875136613845825195e-01 -1.896861642599105835e-01 -2.282617241144180298e-02 -1.527483761310577393e-01 -9.957928657531738281e-01 4.399843513965606689e-02 -3.610252141952514648e-01 -2.063033878803253174e-01 9.743332862854003906e-01 9.944579005241394043e-01 -8.045928478240966797e-01 1.162019791081547737e-03 2.578698098659515381e-01 -2.100019603967666626e-01 4.543540477752685547e-01 -9.719294309616088867e-01 -8.416761755943298340e-01 2.738381326198577881e-01 9.962625503540039062e-01 1.657722741365432739e-01 -1.154246777296066284e-01 9.126974940299987793e-01 -2.451479583978652954e-01 1.526982039213180542e-01 -8.913360238075256348e-01 8.837891221046447754e-01 -7.884863018989562988e-01 -1.950683593750000000e-01 -1.719260513782501221e-01 5.003957748413085938e-01 -7.161657214164733887e-01 -3.152188360691070557e-01 2.201429307460784912e-01 -3.058196306228637695e-01 -1.591963469982147217e-01 -8.746154308319091797e-01 1.279786378145217896e-01 5.041357874870300293e-01 -1.425810009241104126e-01 5.022599548101425171e-02 1.044224798679351807e-01 -2.328280545771121979e-02 9.998834729194641113e-01 5.802284181118011475e-02 1.739875674247741699e-01 -5.742346048355102539e-01 9.352248311042785645e-01 9.768632650375366211e-01 1.145477443933486938e-01 -8.739067316055297852e-01 -4.568130373954772949e-01 8.619928732514381409e-03 -5.005584359169006348e-01 -3.090962581336498260e-02 7.753232121467590332e-01 4.026343226432800293e-01 9.988325238227844238e-01 7.359688282012939453e-01 3.636796772480010986e-01 2.863028347492218018e-01 9.931790232658386230e-01 1.810791939496994019e-01 9.719728231430053711e-01 -9.887125492095947266e-01 -9.457240700721740723e-01 -7.451611161231994629e-01 4.330694675445556641e-01 -4.494654238224029541e-01 7.450775504112243652e-01 -9.379335045814514160e-01 9.900372624397277832e-01 -2.453776150941848755e-01 9.526681900024414062e-01 -1.018772795796394348e-01 6.874595284461975098e-01 -8.857011198997497559e-01 -9.918561577796936035e-01 -2.442283481359481812e-01 -1.570803299546241760e-02 -7.298588752746582031e-02 -6.132625341415405273e-01 3.016424365341663361e-02 4.341215193271636963e-01 7.742104530334472656e-01 2.201133780181407928e-02 9.949999451637268066e-01 8.427705168724060059e-01 1.012094244360923767e-01 -9.740077257156372070e-01 6.035839915275573730e-01 -3.255868703126907349e-02 4.058246314525604248e-01 8.698503375053405762e-01 -9.449251890182495117e-01 -4.801944643259048462e-02 8.554707765579223633e-01 7.341878022998571396e-03 1.877275668084621429e-02 8.652419447898864746e-01 4.489053189754486084e-01 -9.536567330360412598e-01 -1.288759708404541016e-01 -6.343466639518737793e-01 3.945235013961791992e-01 -9.860777854919433594e-01 1.698970645666122437e-01 8.706151247024536133e-01 5.040760040283203125e-01 3.461276888847351074e-01 1.045682057738304138e-01 -1.834101229906082153e-01 2.839558124542236328e-01 9.832503795623779297e-01 1.513045877218246460e-01 -9.937428832054138184e-01 6.693790853023529053e-02 2.779723703861236572e-01 -1.027183011174201965e-01 9.977329373359680176e-01 9.981465339660644531e-01 2.056193947792053223e-01 9.929705262184143066e-01 7.168144583702087402e-01 -7.801926881074905396e-02 9.894689321517944336e-01 4.566945135593414307e-02 -4.900189340114593506e-01 5.740040913224220276e-02 9.741604328155517578e-02 7.649726420640945435e-02 -1.935587525367736816e-01 1.403222233057022095e-01 9.997059106826782227e-01 1.462433785200119019e-01 -4.599110409617424011e-02 -7.506145238876342773e-01 -8.580163717269897461e-01 2.922540605068206787e-01 -4.870338439941406250e-01 -5.447092652320861816e-01 4.675809442996978760e-01 -3.903580904006958008e-01 -3.758609294891357422e-01 9.019619226455688477e-01 9.986872673034667969e-01 -9.959674477577209473e-01 -2.734569907188415527e-01 -1.284933537244796753e-01 9.951808452606201172e-01 1.056612879037857056e-01 -9.071013927459716797e-01 9.993879199028015137e-01 -2.781727015972137451e-01 -8.755943775177001953e-01 9.876071214675903320e-01 2.586823403835296631e-01 9.733740687370300293e-01 3.715502619743347168e-01 -9.811051487922668457e-01 -8.529008626937866211e-01 2.642625570297241211e-01 9.987078309059143066e-01 9.997763633728027344e-01 -2.530747652053833008e-01 -1.678860932588577271e-02 -3.121587038040161133e-01 -9.991436600685119629e-01 -9.988629221916198730e-01 -9.846001863479614258e-01 7.448502629995346069e-02 2.230503708124160767e-01 8.919852972030639648e-01 8.791182637214660645e-01 -9.584283828735351562e-01 -4.579345285892486572e-01 9.558174014091491699e-01 -5.402648448944091797e-02 9.979319572448730469e-01 9.986089468002319336e-01 -6.504173278808593750e-01 4.832140803337097168e-01 9.963173270225524902e-01 -3.609984517097473145e-01 6.403047591447830200e-02 -1.926738619804382324e-01 9.979748725891113281e-01 -4.816335439682006836e-01 8.435896039009094238e-02 4.083656370639801025e-01 -9.891564249992370605e-01 2.443574965000152588e-01 9.980797767639160156e-01 -6.107455492019653320e-01 -2.959941029548645020e-01 -3.457820741459727287e-03 4.778026044368743896e-01 -1.827781796455383301e-01 9.973524808883666992e-01 3.028627336025238037e-01 -8.357073664665222168e-01 3.436062335968017578e-01 -5.516809821128845215e-01 2.010112628340721130e-02 1.533761247992515564e-02 -5.141343474388122559e-01 -3.458115756511688232e-01 -5.558347702026367188e-01 5.388919711112976074e-01 9.503047466278076172e-01 -2.459026873111724854e-03 1.903600096702575684e-01 6.251468658447265625e-01 3.084836006164550781e-01 -5.683112889528274536e-02 -6.289837509393692017e-02 -9.871988892555236816e-01 -2.563003003597259521e-01 2.998870909214019775e-01 8.844167590141296387e-01 9.193233400583267212e-02 -4.259181022644042969e-01 9.769898653030395508e-01 -9.234479665756225586e-01 -7.318238615989685059e-01 5.376398563385009766e-02 9.943352937698364258e-01 1.689359992742538452e-01 3.642177581787109375e-01 2.611420750617980957e-01 -3.031118810176849365e-01 5.526371002197265625e-01 -1.050555408000946045e-01 -2.557450346648693085e-02 -1.631567329168319702e-01 -3.482818603515625000e-01 -5.380154401063919067e-02 -7.875691354274749756e-02 4.007217660546302795e-02 -9.954178929328918457e-01 1.714387089014053345e-01 -2.639864981174468994e-01 -9.114591032266616821e-02 1.272713541984558105e-01 -9.848904013633728027e-01 7.580200582742691040e-02 3.903021216392517090e-01 3.851990103721618652e-01 3.112386167049407959e-01 -3.418952822685241699e-01 9.379270076751708984e-01 6.749439984560012817e-02 5.003449320793151855e-01 9.349713325500488281e-01 -9.942225217819213867e-01 4.064719974994659424e-01 2.924920320510864258e-01 2.041626423597335815e-01 4.670938849449157715e-01 -5.803411006927490234e-01 -3.519273698329925537e-01 -9.961666464805603027e-01 -4.722208529710769653e-02 9.393668174743652344e-01 -9.473146796226501465e-01 1.011690422892570496e-01 -1.911339312791824341e-01 5.280073881149291992e-01 -3.130386471748352051e-01 -3.892411589622497559e-01 8.177778124809265137e-01 -9.993591904640197754e-01 -1.862092316150665283e-01 -4.569647312164306641e-01 -2.707916796207427979e-01 -3.052323162555694580e-01 -5.507425665855407715e-01 -1.874210983514785767e-01 -1.290815919637680054e-01 2.116748094558715820e-01 -8.220821022987365723e-01 1.007478386163711548e-01 -2.226492315530776978e-01 9.964304566383361816e-01 -6.066508889198303223e-01 4.906801134347915649e-02 3.351254761219024658e-01 2.431535720825195312e-01 -8.555098176002502441e-01 1.934683136641979218e-02 9.049353003501892090e-01 -9.793698191642761230e-01 1.328785121440887451e-01 -1.251910477876663208e-01 3.670296072959899902e-01 1.347173899412155151e-01 6.571477651596069336e-01 -6.203771829605102539e-01 2.807753384113311768e-01 -3.910503089427947998e-01 9.859996438026428223e-01 1.698378622531890869e-01 9.815414547920227051e-01 5.002393126487731934e-01 -9.999507069587707520e-01 3.137806653976440430e-01 2.712129354476928711e-01 1.734019368886947632e-01 2.341236174106597900e-02 1.645156741142272949e-01 -5.327721834182739258e-01 9.842101931571960449e-01 -9.991794824600219727e-01 -9.408339262008666992e-01 3.576647043228149414e-01 1.552994735538959503e-02 6.877464056015014648e-02 6.063264608383178711e-02 -3.688653111457824707e-01 1.960180550813674927e-01 -9.994775652885437012e-01 1.327427029609680176e-01 5.355346202850341797e-01 -8.788301348686218262e-01 -9.714395403861999512e-01 -9.859009981155395508e-01 3.237107098102569580e-01 -9.716755151748657227e-02 -6.807491928339004517e-02 8.990346640348434448e-02 -7.298509031534194946e-02 3.558625280857086182e-01 9.952265024185180664e-01 1.705357283353805542e-01 -5.520792007446289062e-01 2.935511767864227295e-01 1.964517831802368164e-01 -1.147067993879318237e-01 8.875290751457214355e-01 5.018502473831176758e-01 -1.681054197251796722e-02 -9.816648960113525391e-01 7.240952551364898682e-02 4.838576316833496094e-01 9.997052550315856934e-01 8.396760225296020508e-01 -3.571504950523376465e-01 -9.970059990882873535e-01 -2.185406684875488281e-01 3.485867679119110107e-01 -9.847070574760437012e-01 2.504838109016418457e-01 1.169232558459043503e-02 1.502756178379058838e-01 -9.067988395690917969e-01 -8.459321856498718262e-01 4.470458924770355225e-01 -9.134400486946105957e-01 8.462396860122680664e-01 -3.562357723712921143e-01 2.219853550195693970e-01 1.375557631254196167e-01 -8.768891543149948120e-02 4.156299307942390442e-02 -9.413422346115112305e-01 -2.891732454299926758e-01 -3.828685581684112549e-01 -4.861111566424369812e-02 -4.794098809361457825e-02 1.249723061919212341e-01 -9.999924898147583008e-01 -7.857434749603271484e-01 -9.310722947120666504e-01 5.219414085149765015e-02 -1.058475673198699951e-01 -1.829211413860321045e-01 4.933086931705474854e-01 -9.979691505432128906e-01 9.999287724494934082e-01 -9.794176816940307617e-01 5.224063247442245483e-02 3.980814218521118164e-01 -3.364356160163879395e-01 1.165557280182838440e-01 -9.664921760559082031e-01 9.927883744239807129e-01 -9.618573784828186035e-01 -2.609649673104286194e-02 3.359135240316390991e-02 3.303566202521324158e-02 -9.668753147125244141e-01
7.000939249992370605e-01 -7.920161485671997070e-01 6.816741824150085449e-02 3.626463711261749268e-01 -8.996878564357757568e-02 9.834303855895996094e-01 8.944439291954040527e-01 -9.863916039466857910e-01 -6.603845953941345215e-02 -9.538515806198120117e-01 5.271871387958526611e-02 -9.887964129447937012e-01 -8.641442656517028809e-01 -9.902092218399047852e-01 -8.715152740478515625e-01 -1.050557643175125122e-01 2.721614837646484375e-01 4.940721690654754639e-01 -6.015251874923706055e-01 -2.427634447813034058e-01 6.473631858825683594e-01 4.481631517410278320e-02 8.090825080871582031e-01 6.553941965103149414e-01 9.990875720977783203e-01 9.931761622428894043e-01 -1.023639813065528870e-01 -3.583089709281921387e-01 2.341641671955585480e-02 1.220142543315887451e-01 9.993395209312438965e-01 -1.797961145639419556e-01 2.224196642637252808e-01 7.672472298145294189e-02 -9.496061801910400391e-01 -3.670417368412017822e-01 -3.984038531780242920e-01 -2.808130085468292236e-01 9.991068840026855469e-01 -2.184427678585052490e-01 -7.610113918781280518e-02 -1.725544631481170654e-01 6.917379796504974365e-02 -9.992226362228393555e-01 -3.979919850826263428e-01 7.807074785232543945e-01 -9.953295588493347168e-01 -3.094415962696075439e-01 7.558889985084533691e-01 -4.220206439495086670e-01 5.290348529815673828e-01 -1.702253893017768860e-02 9.998431801795959473e-01 -9.209293127059936523e-02 -5.113006383180618286e-02 4.286553263664245605e-01 4.392323493957519531e-01 4.790762662887573242e-01 -9.814450740814208984e-01 -2.966894507408142090e-01 -3.128196895122528076e-01 -8.692031353712081909e-02 9.857081174850463867e-01 1.700692437589168549e-02 1.853834688663482666e-01 -9.976848363876342773e-01 9.997174739837646484e-01 3.634563982486724854e-01 9.879054874181747437e-02 9.942724704742431641e-01 9.922180771827697754e-01 9.999781847000122070e-01 -9.496617317199707031e-01 2.742414474487304688e-01 -9.946404695510864258e-01 -4.030225276947021484e-01 1.681159734725952148e-01 6.885070204734802246e-01 -2.792637348175048828e-01 -9.944527596235275269e-02 -9.994130730628967285e-01 -1.743570715188980103e-01 9.681176543235778809e-01 2.517212331295013428e-01 8.022676706314086914e-01 -9.586402177810668945e-01 2.320561856031417847e-01 4.658618569374084473e-02 -3.531831502914428711e-01 3.117746412754058838e-01 -8.757888674736022949e-01 2.054170668125152588e-01 3.461724519729614258e-01 -9.771249890327453613e-01 -8.535007238388061523e-01 9.184110760688781738e-01 8.628860712051391602e-01 -1.459279060363769531e-01 -9.998165965080261230e-01 -3.647907972335815430e-01 -6.727383136749267578e-01 -8.989053964614868164e-01 -9.234015941619873047e-01 -5.799396634101867676e-01 -2.053377181291580200e-01 -3.426195085048675537e-01 8.984818458557128906e-01 6.162628531455993652e-01 -5.991880297660827637e-01 -9.824925065040588379e-01 -9.219786524772644043e-02 -1.086991727352142334e-01 6.905680894851684570e-01 -9.495660066604614258e-01 -3.888866007328033447e-01 2.112668007612228394e-01 -9.884056448936462402e-01 -5.702620744705200195e-01 2.664786875247955322e-01 8.578249216079711914e-01 -6.647804975509643555e-01 -4.502866268157958984e-01 -9.960719347000122070e-01 -9.569901227951049805e-01 -6.364694982767105103e-02 -1.539250165224075317e-01 -9.975643754005432129e-01 3.793552517890930176e-01 -7.679771184921264648e-01 -6.971552968025207520e-02 9.493880271911621094e-01 -2.617355883121490479e-01 -1.231953054666519165e-01 4.214795771986246109e-03 9.377820789813995361e-02 -9.143045544624328613e-01 9.572914242744445801e-01 -9.875465035438537598e-01 -8.915531039237976074e-01 1.689109802246093750e-01 9.629513621330261230e-01 5.282337069511413574e-01 -3.510598242282867432e-01 9.523043036460876465e-01 6.105357408523559570e-02 8.959892988204956055e-01 -9.388473629951477051e-01 9.951153397560119629e-01 -5.576159954071044922e-01 -4.073606729507446289e-01 -2.379750609397888184e-01 1.751651167869567871e-01 8.298923820257186890e-02 -2.086336016654968262e-01 2.949658632278442383e-01 -5.948368906974792480e-01 2.552148997783660889e-01 -7.729279994964599609e-01 -1.147093325853347778e-01 5.680228471755981445e-01 6.582125276327133179e-02 1.617565900087356567e-01 -1.097832247614860535e-01 -3.710073828697204590e-01 9.999664425849914551e-01 -3.100409507751464844e-01 1.709380932152271271e-02 -7.258198857307434082e-01 9.822766184806823730e-01 9.755043387413024902e-01 1.409401446580886841e-01 -9.519515186548233032e-02 -9.264662861824035645e-01 -1.038243547081947327e-01 -7.090077400207519531e-01 1.373862773180007935e-01 -3.102934062480926514e-01 1.143288090825080872e-01 9.984456896781921387e-01 9.277891516685485840e-01 8.420431613922119141e-01 -2.836679816246032715e-01 9.903774857521057129e-01 -3.949165344238281250e-02 9.887477159500122070e-01 -9.521803259849548340e-01 -9.945309758186340332e-01 -8.921787738800048828e-01 5.824321508407592773e-01 8.592235445976257324e-01 9.253608584403991699e-01 -9.373214244842529297e-01 9.953507184982299805e-01 -3.275747895240783691e-01 9.884973168373107910e-01 -5.922221541404724121e-01 7.846381664276123047e-01 -9.639603495597839355e-01 -9.513780474662780762e-01 -4.134557843208312988e-01 -3.172700703144073486e-01 -5.601449012756347656e-01 -7.956774234771728516e-01 4.243048727512359619e-01 4.260892570018768311e-01 5.506622791290283203e-01 -1.602127552032470703e-01 9.963034391403198242e-01 9.950352907180786133e-01 2.229409106075763702e-02 -9.582939743995666504e-01 1.777058392763137817e-01 -3.020659983158111572e-01 3.052693605422973633e-01 9.494552612304687500e-01 -9.447618126869201660e-01 -7.001336663961410522e-02 8.647724986076354980e-01 2.261688709259033203e-01 -3.640066832304000854e-02 3.905855417251586914e-01 1.250360012054443359e-01 4.602601528167724609e-01 -1.252785325050354004e-01 -9.988242983818054199e-01 -8.744667172431945801e-01 -9.947341084480285645e-01 -1.084091048687696457e-02 1.480002999305725098e-01 -6.493677943944931030e-02 -1.735756844282150269e-01 1.996771246194839478e-01 -4.346033930778503418e-01 2.682549953460693359e-01 9.945775866508483887e-01 3.672678768634796143e-01 -8.277676105499267578e-01 -1.987681835889816284e-01 4.892554134130477905e-02 -9.153123944997787476e-02 8.774393796920776367e-01 9.977816343307495117e-01 -1.552641391754150391e-01 9.979236721992492676e-01 8.163923621177673340e-01 1.114297881722450256e-01 9.979503750801086426e-01 2.728234045207500458e-02 6.983063220977783203e-01 1.119832247495651245e-01 3.023629784584045410e-01 -5.036634802818298340e-01 -1.499378830194473267e-01 3.853137493133544922e-01 9.998977184295654297e-01 -2.813246250152587891e-01 4.354278370738029480e-02 -5.309474468231201172e-01 -9.102619290351867676e-01 9.776222109794616699e-01 -1.286333650350570679e-01 -7.938733696937561035e-01 4.104443490505218506e-01 -9.197807312011718750e-01 8.285531401634216309e-02 8.178915381431579590e-01 9.995950460433959961e-01 -9.367172718048095703e-01 -2.191919684410095215e-01 -1.403337866067886353e-01 9.942169189453125000e-01 -2.881445735692977905e-02 -5.992029309272766113e-01 9.995595812797546387e-01 -7.244395017623901367e-01 1.014295294880867004e-01 9.616548418998718262e-01 3.165077418088912964e-02 9.521346688270568848e-01 2.581540346145629883e-01 -2.235269360244274139e-02 -9.125460386276245117e-01 9.251815676689147949e-01 9.995565414428710938e-01 9.179286956787109375e-01 1.371639128774404526e-02 7.420412451028823853e-02 -1.034760400652885437e-01 -9.982526302337646484e-01 -9.993560314178466797e-01 -9.920213818550109863e-01 2.916017770767211914e-01 6.597667336463928223e-01 5.896791219711303711e-01 9.361511468887329102e-01 -9.925653934478759766e-01 -3.973549231886863708e-02 9.985386729240417480e-01 -4.955973625183105469e-01 9.958276748657226562e-01 9.998950958251953125e-01 -9.000584483146667480e-01 2.116925120353698730e-01 9.984740614891052246e-01 -6.869478821754455566e-01 -4.260245859622955322e-01 1.855963021516799927e-01 9.997989535331726074e-01 9.669723510742187500e-01 2.526050209999084473e-01 -5.624853074550628662e-02 -9.996401071548461914e-01 3.430851921439170837e-02 9.997541904449462891e-01 -6.705440282821655273e-01 -3.359972536563873291e-01 -3.047808408737182617e-01 5.296125411987304688e-01 9.004889428615570068e-02 9.980309605598449707e-01 3.572006821632385254e-01 -8.456787467002868652e-01 5.717696622014045715e-02 -9.958730936050415039e-01 -1.613875925540924072e-01 -3.848172426223754883e-01 -9.611015319824218750e-01 -7.032698988914489746e-01 -8.010577559471130371e-01 6.227062344551086426e-01 9.797840714454650879e-01 1.256921887397766113e-01 2.494419515132904053e-01 7.531451582908630371e-01 2.065807580947875977e-01 1.807193607091903687e-01 3.935219347476959229e-01 -9.922326803207397461e-01 -6.719743609428405762e-01 3.168517649173736572e-01 9.950857162475585938e-01 -2.210992723703384399e-01 -5.346617698669433594e-01 9.087348580360412598e-01 -9.939780831336975098e-01 1.381461918354034424e-01 2.319459021091461182e-01 9.955657720565795898e-01 -1.634874492883682251e-01 -3.934101760387420654e-02 2.717169523239135742e-01 5.260252207517623901e-02 -1.157911270856857300e-01 -3.526521921157836914e-01 2.646486461162567139e-01 1.785633265972137451e-01 -4.800696969032287598e-01 -3.350310623645782471e-01 -3.645180761814117432e-01 4.539771936833858490e-03 -9.781911373138427734e-01 -7.242345064878463745e-02 -5.719702839851379395e-01 -4.741706699132919312e-02 -1.117205843329429626e-01 -9.252225160598754883e-01 -5.808231607079505920e-02 7.689752578735351562e-01 4.432075023651123047e-01 3.928794860839843750e-01 -3.919724225997924805e-01 9.802578687667846680e-01 -4.160198867321014404e-01 5.351175069808959961e-01 8.987384438514709473e-01 -9.993795156478881836e-01 3.375804424285888672e-01 4.006145298480987549e-01 -3.013957142829895020e-01 1.396460235118865967e-01 8.622335791587829590e-01 1.105028539896011353e-01 -9.862397313117980957e-01 1.969159394502639771e-01 9.976067543029785156e-01 -9.666382074356079102e-01 3.241680264472961426e-01 -4.257255792617797852e-01 -3.897692859172821045e-01 -5.627244114875793457e-01 -3.791980743408203125e-01 9.824749827384948730e-01 -9.995346069335937500e-01 -4.262052476406097412e-02 6.333156488835811615e-03 -2.930265069007873535e-01 -1.447954326868057251e-01 -7.062410116195678711e-01 2.817969024181365967e-01 -1.519546955823898315e-01 4.969243109226226807e-01 -5.863246321678161621e-01 -3.310797736048698425e-02 -3.599798679351806641e-01 9.833467006683349609e-01 -1.855258941650390625e-01 8.037436753511428833e-02 1.151074394583702087e-01 8.411425352096557617e-02 -5.355689525604248047e-01 5.509156361222267151e-02 8.325918912887573242e-01 -9.672107696533203125e-01 -2.227952480316162109e-01 -6.655624508857727051e-01 3.691301643848419189e-01 3.101235628128051758e-01 7.716866135597229004e-01 2.924055606126785278e-02 -9.973243474960327148e-01 -3.852735757827758789e-01 9.307201504707336426e-01 3.552166223526000977e-01 7.334489226341247559e-01 3.327396512031555176e-01 -9.993978142738342285e-01 -2.732855975627899170e-01 1.449375748634338379e-01 -1.734649688005447388e-01 -4.656572639942169189e-02 -2.053865641355514526e-01 -5.795370340347290039e-01 9.975338578224182129e-01 -9.999810457229614258e-01 -9.868206381797790527e-01 3.657010793685913086e-01 5.556198302656412125e-03 -2.447979003190994263e-01 8.719149231910705566e-02 -6.013556718826293945e-01 -1.870891153812408447e-01 -9.998400807380676270e-01 -8.414795994758605957e-01 2.924326658248901367e-01 -9.897811412811279297e-01 -9.979649186134338379e-01 -3.921666741371154785e-01 3.257332444190979004e-01 -3.877398073673248291e-01 1.524855047464370728e-01 6.745835542678833008e-01 2.322741001844406128e-01 3.269637525081634521e-01 9.989086985588073730e-01 6.316387057304382324e-01 -5.874163508415222168e-01 6.253127455711364746e-01 -1.656614691019058228e-01 1.431893110275268555e-01 9.474510550498962402e-01 9.670916795730590820e-01 5.098564922809600830e-02 -9.970800280570983887e-01 3.722479939460754395e-01 7.673768401145935059e-01 9.998653531074523926e-01 9.739022850990295410e-01 -3.903510272502899170e-01 -9.882810711860656738e-01 -2.534223794937133789e-01 1.581894606351852417e-01 1.616719365119934082e-02 1.331092715263366699e-01 1.197698935866355896e-01 -1.969715356826782227e-01 -9.930171370506286621e-01 -9.270034432411193848e-01 -3.889242932200431824e-02 -8.568245768547058105e-01 8.659111261367797852e-01 7.685270160436630249e-02 2.983905375003814697e-01 1.030620560050010681e-01 1.499332785606384277e-01 1.323002725839614868e-01 -9.849385023117065430e-01 -5.047957301139831543e-01 -2.612670361995697021e-01 -2.043085396289825439e-01 -1.865129321813583374e-01 -4.599847197532653809e-01 -9.999943971633911133e-01 -6.543080210685729980e-01 -8.919984698295593262e-01 -7.190018147230148315e-02 -1.912112683057785034e-01 2.320333272218704224e-01 6.986244320869445801e-01 -9.998571872711181641e-01 9.999577999114990234e-01 -9.689919352531433105e-01 1.084422692656517029e-02 -3.237746655941009521e-02 9.561873972415924072e-02 2.638081610202789307e-01 -9.987811446189880371e-01 9.872918725013732910e-01 -9.551370739936828613e-01 2.204677462577819824e-01 2.464280724525451660e-01 9.522311389446258545e-02 -9.690678715705871582e-01
-1.636787354946136475e-01 -3.634125366806983948e-02 7.405968755483627319e-02 9.724956937134265900e-03 -3.560903668403625488e-01 7.286017537117004395e-01 9.983872771263122559e-01 -9.747265577316284180e-01 -1.251742094755172729e-01 -9.861978292465209961e-01 1.745373606681823730e-01 -9.922869801521301270e-01 -8.859350085258483887e-01 -7.766250967979431152e-01 -5.975750088691711426e-01 7.569859176874160767e-02 1.406261175870895386e-01 -2.434164583683013916e-01 -5.397251248359680176e-01 -1.767603158950805664e-01 2.343494743108749390e-01 9.953080117702484131e-02 9.428962469100952148e-01 6.872762441635131836e-01 9.978750348091125488e-01 9.912658929824829102e-01 -1.908121556043624878e-01 -1.490241140127182007e-01 2.594390511512756348e-01 -3.563699126243591309e-01 9.901671409606933594e-01 2.425133883953094482e-01 2.771886810660362244e-02 -2.847296893596649170e-01 -9.415841698646545410e-01 -1.987822353839874268e-02 -5.080577135086059570e-01 -2.791884839534759521e-01 9.986110925674438477e-01 -2.967835962772369385e-01 -1.465912312269210815e-01 -2.588409185409545898e-01 1.872888952493667603e-01 -9.938485026359558105e-01 2.616964578628540039e-01 6.155508160591125488e-01 -9.990999698638916016e-01 6.189945340156555176e-02 9.817386865615844727e-01 -3.458957970142364502e-01 7.215231060981750488e-01 -1.930374503135681152e-01 9.969821572303771973e-01 2.874440327286720276e-02 -4.386898875236511230e-01 3.384994864463806152e-01 -1.567257195711135864e-01 -2.581465840339660645e-01 -9.847896099090576172e-01 -6.613578200340270996e-01 -2.893123626708984375e-01 -1.411213427782058716e-01 8.643715381622314453e-01 -2.238119840621948242e-01 -2.624159120023250580e-02 -9.991381764411926270e-01 9.998396039009094238e-01 -3.930994272232055664e-01 7.456263154745101929e-02 9.994776844978332520e-01 9.988405108451843262e-01 9.999335408210754395e-01 -9.128122925758361816e-01 -8.526107668876647949e-01 -9.799427986145019531e-01 -4.018540680408477783e-01 -2.434762567281723022e-01 4.658100306987762451e-01 -1.228030174970626831e-01 -2.464886754751205444e-01 -9.758924245834350586e-01 -3.914773464202880859e-02 6.300209164619445801e-01 4.190708994865417480e-01 5.059181451797485352e-01 -4.691208004951477051e-01 2.142897099256515503e-01 4.094710648059844971e-01 -9.129079431295394897e-02 -1.456620544195175171e-01 -7.683799862861633301e-01 -2.463903464376926422e-02 1.681196391582489014e-01 -9.496097564697265625e-01 -9.950292706489562988e-01 9.635668396949768066e-01 7.792887091636657715e-01 2.437798231840133667e-01 -9.999818801879882812e-01 -8.398325741291046143e-02 -8.554511070251464844e-01 -9.978305697441101074e-01 -9.870852231979370117e-01 -1.506156921386718750e-01 1.835881620645523071e-01 4.663807153701782227e-02 9.556912779808044434e-01 4.451814293861389160e-01 -1.003533080220222473e-01 -4.808422029018402100e-01 -7.248754054307937622e-02 3.196077346801757812e-01 -8.037220239639282227e-01 -8.998855948448181152e-01 -1.200820431113243103e-01 6.841245293617248535e-02 -8.710978627204895020e-01 3.441210985183715820e-01 1.689854115247726440e-01 9.876438975334167480e-01 -8.994506597518920898e-01 -7.856949418783187866e-02 -9.938330054283142090e-01 -8.882600665092468262e-01 -6.418264657258987427e-02 9.228850901126861572e-02 -9.919219613075256348e-01 -7.103837281465530396e-02 -2.020069062709808350e-01 -5.446273833513259888e-02 9.989578723907470703e-01 9.835410714149475098e-01 -6.856700778007507324e-01 1.031656116247177124e-01 1.000936180353164673e-01 3.549256324768066406e-01 8.235464692115783691e-01 -9.721220135688781738e-01 -9.691245555877685547e-01 3.113491833209991455e-01 9.612510800361633301e-01 4.851231817156076431e-03 -3.358628153800964355e-01 9.436752200126647949e-01 -2.683292143046855927e-02 2.455704659223556519e-01 -9.850996732711791992e-01 9.850400686264038086e-01 -9.391926527023315430e-01 -3.427328467369079590e-01 -4.232260957360267639e-02 1.796622872352600098e-01 4.129500091075897217e-01 -3.720588386058807373e-01 4.615063667297363281e-01 -1.880462020635604858e-01 5.922855138778686523e-01 -6.039035916328430176e-01 2.397693991661071777e-01 2.499840259552001953e-01 -2.258599549531936646e-01 2.964061498641967773e-01 2.212018221616744995e-01 -1.709924191236495972e-01 9.999541640281677246e-01 -2.778637409210205078e-02 2.974888384342193604e-01 -4.691889584064483643e-01 6.556247472763061523e-01 9.894644021987915039e-01 3.866235315799713135e-01 -8.891326189041137695e-01 -5.052266716957092285e-01 4.111829400062561035e-01 -1.661581695079803467e-01 -1.196755170822143555e-01 6.285035610198974609e-01 2.938311696052551270e-01 9.996461868286132812e-01 6.230501532554626465e-01 9.449926018714904785e-01 1.470697671175003052e-01 9.992111921310424805e-01 7.462826371192932129e-01 9.505710005760192871e-01 -9.980590939521789551e-01 -9.956148266792297363e-01 -9.805533885955810547e-01 2.805886268615722656e-01 4.274179041385650635e-01 9.629832506179809570e-01 -7.699276208877563477e-01 9.934339523315429688e-01 -2.735841274261474609e-02 9.881909489631652832e-01 -5.792425572872161865e-02 7.555111646652221680e-01 -8.684768676757812500e-01 -9.978713989257812500e-01 -1.498412787914276123e-01 -1.675032079219818115e-01 -1.764610558748245239e-01 -9.176455736160278320e-01 -6.917295604944229126e-02 2.170858234167098999e-01 7.543810606002807617e-01 1.978281699120998383e-02 9.980381131172180176e-01 9.413515329360961914e-01 1.469592303037643433e-01 -8.494331240653991699e-01 9.591767787933349609e-01 1.344752460718154907e-01 2.437641620635986328e-01 8.867508769035339355e-01 -9.867140054702758789e-01 -7.856600880622863770e-01 2.472262531518936157e-01 -1.469680219888687134e-01 -1.617678552865982056e-01 3.854053616523742676e-01 2.209725826978683472e-01 -9.621033668518066406e-01 2.986314333975315094e-02 -9.874406456947326660e-01 6.958702206611633301e-01 -9.923154115676879883e-01 1.326609849929809570e-01 6.969984173774719238e-01 9.474626779556274414e-01 3.343233466148376465e-01 3.862828481942415237e-03 -1.657380312681198120e-01 4.418576061725616455e-01 9.905212521553039551e-01 1.677539646625518799e-01 -9.896205067634582520e-01 1.350807398557662964e-01 2.197043746709823608e-01 -2.257068604230880737e-01 9.642362594604492188e-01 9.988030791282653809e-01 1.447784602642059326e-01 9.966343641281127930e-01 3.161273896694183350e-01 9.546483308076858521e-02 9.729454517364501953e-01 7.065842300653457642e-02 6.400644779205322266e-01 2.409416884183883667e-01 2.296195924282073975e-01 -1.518911123275756836e-01 -1.755824238061904907e-01 1.154428198933601379e-01 9.999225735664367676e-01 2.323397062718868256e-02 -2.041504085063934326e-01 -7.850999236106872559e-01 -6.860345005989074707e-01 8.942270278930664062e-01 -3.002608716487884521e-01 -2.361700683832168579e-01 1.642191261053085327e-01 -4.444483518600463867e-01 -5.026604980230331421e-02 8.866772651672363281e-01 9.995536804199218750e-01 -9.781995415687561035e-01 -2.782700657844543457e-01 2.079772762954235077e-02 9.978256821632385254e-01 1.277915388345718384e-01 -9.739588499069213867e-01 9.995772242546081543e-01 -4.324984848499298096e-01 -2.487396597862243652e-01 9.907077550888061523e-01 2.426142096519470215e-01 6.428328752517700195e-01 1.198906358331441879e-02 -9.248169660568237305e-01 -9.619657397270202637e-01 3.760599792003631592e-01 9.989181160926818848e-01 9.998663067817687988e-01 -3.875103890895843506e-01 2.415499091148376465e-01 -1.251664161682128906e-01 -9.986641407012939453e-01 -9.998458623886108398e-01 -9.940891265869140625e-01 1.224584877490997314e-01 5.172748491168022156e-02 9.477841258049011230e-01 7.944342494010925293e-01 -9.936468005180358887e-01 -2.542279660701751709e-01 9.841107130050659180e-01 1.358654201030731201e-01 9.956666231155395508e-01 9.996442198753356934e-01 -7.408438920974731445e-01 2.805320620536804199e-01 9.990643858909606934e-01 -2.405170500278472900e-01 -2.110933363437652588e-01 -1.088890135288238525e-01 9.980622529983520508e-01 -7.763755321502685547e-01 1.811960190534591675e-01 7.214318215847015381e-02 -9.984481930732727051e-01 2.178642749786376953e-01 9.886332750320434570e-01 -1.185031514614820480e-02 -2.955353260040283203e-01 8.786305785179138184e-02 5.382611751556396484e-01 -2.292790859937667847e-01 9.971281886100769043e-01 2.829774916172027588e-01 -9.811539053916931152e-01 -5.913704633712768555e-02 -9.667569398880004883e-01 9.873651713132858276e-02 -3.408803641796112061e-01 -8.648360967636108398e-01 6.254595518112182617e-02 -4.472690820693969727e-01 2.867123484611511230e-01 9.774994254112243652e-01 -6.046268343925476074e-02 3.562368452548980713e-02 9.462307095527648926e-01 2.999967634677886963e-01 -2.292980104684829712e-01 -7.103858143091201782e-02 -9.880700111389160156e-01 2.897580862045288086e-01 3.271331191062927246e-01 9.392941594123840332e-01 -1.892852038145065308e-01 -4.316572844982147217e-01 8.403388261795043945e-01 -8.493505120277404785e-01 -5.628232955932617188e-01 3.977897018194198608e-02 9.977831244468688965e-01 2.609575539827346802e-02 9.162047505378723145e-01 5.282675027847290039e-01 -2.805429883301258087e-02 5.231765508651733398e-01 -3.258441686630249023e-01 -2.009360045194625854e-01 -2.222015708684921265e-01 -7.342065572738647461e-01 -1.483568400144577026e-01 -1.078402101993560791e-01 -2.178617566823959351e-02 -9.965796470642089844e-01 4.510863125324249268e-01 -1.429174840450286865e-01 1.796392798423767090e-01 9.609887003898620605e-02 -9.731692671775817871e-01 3.438176810741424561e-01 5.260848999023437500e-01 3.890207111835479736e-01 3.285707831382751465e-01 -1.152982041239738464e-01 9.778352379798889160e-01 -5.871793627738952637e-02 5.789009332656860352e-01 9.802703857421875000e-01 -9.997522234916687012e-01 3.740883469581604004e-01 2.006899714469909668e-01 -1.205826029181480408e-01 2.466530352830886841e-01 -5.783281922340393066e-01 -3.347576856613159180e-01 -9.980966448783874512e-01 1.024176087230443954e-02 9.300806522369384766e-01 -6.915955543518066406e-01 8.691263198852539062e-02 -3.221322596073150635e-01 -3.161993324756622314e-01 -2.678024470806121826e-01 -3.166936635971069336e-01 8.018620610237121582e-01 -9.996809959411621094e-01 -4.562035202980041504e-01 -2.882604598999023438e-01 -2.796320021152496338e-01 -3.006179034709930420e-01 -2.868292033672332764e-01 -2.946498095989227295e-01 1.157600879669189453e-01 5.105643272399902344e-01 -9.454876780509948730e-01 -5.755167007446289062e-01 -1.272020488977432251e-01 9.958084821701049805e-01 8.923565596342086792e-02 5.998334884643554688e-01 2.213689982891082764e-01 8.022012561559677124e-02 -5.425843596458435059e-01 7.203818559646606445e-01 9.592587947845458984e-01 -9.985336065292358398e-01 1.863482743501663208e-01 -4.795065224170684814e-01 3.191613256931304932e-01 1.928799599409103394e-02 2.107423394918441772e-01 -4.895814359188079834e-01 -6.214349269866943359e-01 -3.714822232723236084e-01 9.989866614341735840e-01 2.512331604957580566e-01 7.687767148017883301e-01 3.973310291767120361e-01 -9.999883174896240234e-01 3.046536445617675781e-02 2.412212640047073364e-01 5.692408233880996704e-02 -2.008826583623886108e-01 2.484034299850463867e-01 2.697893679141998291e-01 9.992252588272094727e-01 -9.996687769889831543e-01 -9.111745953559875488e-01 7.584723830223083496e-02 -8.301603794097900391e-01 -2.619989961385726929e-02 -7.792766392230987549e-02 -8.865168690681457520e-02 3.883372247219085693e-02 -9.997600317001342773e-01 2.399372011423110962e-01 5.927400588989257812e-01 -9.492965340614318848e-01 -8.532487154006958008e-01 -7.033023238182067871e-01 1.615694463253021240e-01 -9.537923336029052734e-02 8.825449645519256592e-02 -2.847343217581510544e-03 1.501057147979736328e-01 3.529987633228302002e-01 9.623811841011047363e-01 1.708164513111114502e-01 4.733625650405883789e-01 4.151800572872161865e-01 3.258269727230072021e-01 -3.362350463867187500e-01 9.679924845695495605e-01 8.144074082374572754e-01 1.618292331695556641e-01 -9.767090082168579102e-01 2.336431443691253662e-01 4.395319819450378418e-01 9.999091029167175293e-01 9.240196943283081055e-01 3.357785940170288086e-01 -9.939538240432739258e-01 -1.944719702005386353e-01 2.062607109546661377e-01 -9.758899807929992676e-01 3.727905154228210449e-01 1.205798909068107605e-01 2.047092169523239136e-01 -8.596045374870300293e-01 -7.083139419555664062e-01 1.344414204359054565e-01 -9.561583995819091797e-01 7.472732067108154297e-01 -1.499634683132171631e-01 4.076587855815887451e-01 3.404853343963623047e-01 1.701869070529937744e-01 4.635811224579811096e-02 -8.964492082595825195e-01 -2.844593487679958344e-02 -1.982682645320892334e-01 2.101119011640548706e-01 1.737547516822814941e-01 -6.575217843055725098e-02 -9.999973177909851074e-01 -8.737790584564208984e-01 -2.271749377250671387e-01 -6.162266805768013000e-02 2.163056284189224243e-01 1.595601905137300491e-03 4.106750488281250000e-01 -9.984153509140014648e-01 9.999930858612060547e-01 -9.348676204681396484e-01 -1.066405996680259705e-01 3.024695217609405518e-01 -1.885160356760025024e-01 1.596881598234176636e-01 -9.521193504333496094e-01 9.964613318443298340e-01 -9.769728183746337891e-01 2.362453192472457886e-02 7.441288232803344727e-02 -1.846231669187545776e-01 -9.013819098472595215e-01
-8.863523006439208984e-01 4.734008908271789551e-01 2.224893309175968170e-03 -1.521043032407760620e-01 -2.482961267232894897e-01 -1.971025019884109497e-01 9.842419624328613281e-01 -9.971945881843566895e-01 1.877227872610092163e-01 -9.964854717254638672e-01 5.969639122486114502e-02 -9.524489641189575195e-01 -9.600829482078552246e-01 -9.588071107864379883e-01 -8.389196395874023438e-01 -5.987990498542785645e-01 1.327223628759384155e-01 8.290644735097885132e-02 -3.840155303478240967e-01 -3.009158670902252197e-01 -3.081283159554004669e-02 -2.042583525180816650e-01 1.758443564176559448e-01 -6.507638096809387207e-02 9.979783892631530762e-01 9.874205589294433594e-01 -5.023489892482757568e-02 3.594889342784881592e-01 1.646575480699539185e-01 2.558659911155700684e-01 9.987493753433227539e-01 -1.605557464063167572e-02 -4.405736923217773438e-02 1.330460906028747559e-01 -3.539235591888427734e-01 -1.493134349584579468e-01 -2.651646733283996582e-01 -2.083680629730224609e-01 9.735862612724304199e-01 -2.767770588397979736e-01 2.743346095085144043e-01 -3.471103608608245850e-01 -1.255215406417846680e-01 -9.978130459785461426e-01 1.848310530185699463e-01 4.671466946601867676e-01 -9.865847229957580566e-01 9.239301830530166626e-02 6.093019843101501465e-01 4.202822148799896240e-01 5.358195900917053223e-01 1.995960026979446411e-01 9.634194374084472656e-01 1.653563082218170166e-01 -8.599268794059753418e-01 -1.051390841603279114e-01 -3.192048519849777222e-02 -3.512428104877471924e-01 -9.993482232093811035e-01 -4.189815223217010498e-01 -7.130297422409057617e-01 2.837492823600769043e-01 9.455790519714355469e-01 -3.445964753627777100e-01 -1.987774819135665894e-01 -9.985497593879699707e-01 9.970571398735046387e-01 4.430945962667465210e-02 3.305594921112060547e-01 9.779182076454162598e-01 9.922348856925964355e-01 9.992210865020751953e-01 -9.733237624168395996e-01 -3.894947171211242676e-01 -9.790267944335937500e-01 -1.107871979475021362e-01 2.107191383838653564e-01 2.474731355905532837e-01 -3.126456439495086670e-01 2.145640105009078979e-01 -9.976318478584289551e-01 2.052955329418182373e-01 9.834757447242736816e-01 -6.598746776580810547e-01 7.478663325309753418e-01 -3.219466805458068848e-01 -1.608759313821792603e-01 2.928346097469329834e-01 -3.151824325323104858e-02 -4.650506973266601562e-01 -8.053181171417236328e-01 -1.991732567548751831e-01 -4.565916582942008972e-02 -9.753715991973876953e-01 -9.576365351676940918e-01 8.645840287208557129e-01 6.950088739395141602e-01 4.817192554473876953e-01 -9.999562501907348633e-01 9.717649221420288086e-02 -8.961232900619506836e-01 -9.294424653053283691e-01 -7.385317087173461914e-01 -3.966339826583862305e-01 2.729465365409851074e-01 1.703729331493377686e-01 4.558192193508148193e-01 8.684654533863067627e-02 1.926839649677276611e-01 -5.514390468597412109e-01 -3.044396638870239258e-02 1.596495211124420166e-01 -9.522963762283325195e-01 -9.276134371757507324e-01 1.736929118633270264e-01 -1.562465131282806396e-01 -9.914345145225524902e-01 1.266453564167022705e-01 -4.416123032569885254e-02 9.925488829612731934e-01 -8.715596795082092285e-01 6.368724107742309570e-01 -9.597280621528625488e-01 9.863385558128356934e-01 2.359358668327331543e-01 -4.627689123153686523e-01 -9.977750778198242188e-01 -3.387666344642639160e-01 -9.008318930864334106e-02 -8.054015040397644043e-02 9.490565657615661621e-01 5.937555432319641113e-01 5.023168921470642090e-01 -8.104182779788970947e-02 -5.356003642082214355e-01 -9.321251511573791504e-01 9.714846014976501465e-01 -9.879352450370788574e-01 -6.107910275459289551e-01 3.576686084270477295e-01 9.996801018714904785e-01 -1.966002434492111206e-01 1.460838764905929565e-01 9.923946261405944824e-01 1.677198708057403564e-02 -4.188076257705688477e-01 -9.210515022277832031e-01 9.477847814559936523e-01 -8.070788383483886719e-01 -4.485449790954589844e-01 -3.307257294654846191e-01 6.111913919448852539e-01 7.434151172637939453e-01 5.084221437573432922e-02 -1.670992672443389893e-01 8.423539251089096069e-02 -3.275945186614990234e-01 -2.227667905390262604e-02 1.719014197587966919e-01 2.086566090583801270e-01 4.511166810989379883e-01 -2.980953454971313477e-01 2.291361689567565918e-01 8.264730870723724365e-02 9.999691247940063477e-01 5.730026215314865112e-02 -4.519492387771606445e-02 -3.845219314098358154e-01 9.778105020523071289e-01 9.936068058013916016e-01 7.018522173166275024e-02 -3.756966590881347656e-01 -8.372758626937866211e-01 -2.486946284770965576e-01 -2.205361127853393555e-01 -1.157214865088462830e-01 9.483790993690490723e-01 -4.887276887893676758e-02 9.970697760581970215e-01 -3.395319879055023193e-01 8.188926577568054199e-01 2.644560039043426514e-01 9.953603148460388184e-01 -7.514844834804534912e-02 9.726330637931823730e-01 -9.730272889137268066e-01 -8.090373277664184570e-01 9.046833515167236328e-01 4.083316326141357422e-01 4.603358209133148193e-01 8.370101451873779297e-01 -8.870155215263366699e-01 9.298732876777648926e-01 1.460600495338439941e-01 9.321851730346679688e-01 1.209478452801704407e-01 -7.938227057456970215e-01 -9.122613668441772461e-01 -9.842189550399780273e-01 2.880652621388435364e-02 -2.885157763957977295e-01 -2.608598172664642334e-01 -6.152561679482460022e-02 -1.195686608552932739e-01 4.132033884525299072e-01 7.303639054298400879e-01 6.999745965003967285e-01 9.653742909431457520e-01 8.689712882041931152e-01 1.236642710864543915e-02 -9.613794684410095215e-01 6.831792593002319336e-01 -1.627795398235321045e-01 3.774588108062744141e-01 9.095212817192077637e-01 -8.446360230445861816e-01 2.534705698490142822e-01 9.962980151176452637e-01 4.007856845855712891e-01 1.544882953166961670e-01 1.561598926782608032e-01 6.459399461746215820e-01 -9.874119758605957031e-01 -1.211762428283691406e-04 -9.139665961265563965e-01 -5.982198715209960938e-01 -9.607802033424377441e-01 -6.027922034263610840e-01 3.090882301330566406e-01 8.959061503410339355e-01 3.658159375190734863e-01 -5.285988003015518188e-02 3.604737818241119385e-01 4.097709655761718750e-01 9.466342926025390625e-01 -8.301848173141479492e-02 -9.963465929031372070e-01 -2.272908240556716919e-01 3.623628616333007812e-01 1.228896006941795349e-01 9.993101954460144043e-01 9.999704360961914062e-01 -3.100962936878204346e-01 9.182414412498474121e-01 7.721174955368041992e-01 8.304906636476516724e-02 9.706801772117614746e-01 -2.874842882156372070e-01 -5.912034958600997925e-02 -4.318058863282203674e-02 2.753087580204010010e-01 2.088764458894729614e-01 -1.998296529054641724e-01 -1.483604907989501953e-01 9.999587535858154297e-01 2.067264467477798462e-01 -1.230714544653892517e-01 -9.845479726791381836e-01 -7.947812080383300781e-01 -6.565546393394470215e-01 -4.112860560417175293e-01 -8.255701661109924316e-01 3.299975395202636719e-01 1.089204475283622742e-01 -3.285536468029022217e-01 9.049937725067138672e-01 9.934470653533935547e-01 -9.849549531936645508e-01 1.748729944229125977e-01 -3.483902812004089355e-01 9.898394346237182617e-01 -2.980196177959442139e-01 -9.688569903373718262e-01 9.996699094772338867e-01 -5.131515115499496460e-02 -8.065845966339111328e-01 9.513242244720458984e-01 1.480959206819534302e-01 9.734234809875488281e-01 4.871821701526641846e-01 -9.670774340629577637e-01 -9.870696663856506348e-01 6.617275476455688477e-01 9.994006156921386719e-01 9.937926530838012695e-01 -2.675017341971397400e-02 4.301528632640838623e-01 -1.270712446421384811e-02 -9.989580512046813965e-01 -9.992573857307434082e-01 -9.974592924118041992e-01 2.404539585113525391e-01 -1.184825152158737183e-01 1.668827533721923828e-01 9.840814471244812012e-01 -7.077587246894836426e-01 -1.576093137264251709e-01 6.576049923896789551e-01 1.663228571414947510e-01 9.916109442710876465e-01 9.969474673271179199e-01 -9.893939495086669922e-01 4.112544059753417969e-01 9.972130060195922852e-01 -3.693896532058715820e-01 3.446575999259948730e-01 -1.278087347745895386e-01 9.009470343589782715e-01 -9.357112646102905273e-01 -6.536796689033508301e-02 -9.442289173603057861e-02 -9.858212471008300781e-01 2.007265686988830566e-01 9.974409341812133789e-01 -4.409858584403991699e-01 3.990091979503631592e-01 2.707061469554901123e-01 -2.507172226905822754e-01 2.036762237548828125e-01 9.996120929718017578e-01 8.929523080587387085e-02 -5.243694782257080078e-01 -3.618835210800170898e-01 -5.864894017577171326e-02 1.343778073787689209e-01 -2.611312270164489746e-01 -5.198661684989929199e-01 4.843157157301902771e-02 -7.120607495307922363e-01 -8.591105341911315918e-01 9.898523092269897461e-01 -2.640886902809143066e-01 1.874488443136215210e-01 8.371909260749816895e-01 -1.108233928680419922e-01 -1.148605644702911377e-01 -3.398255910724401474e-03 -9.758023023605346680e-01 -3.614630103111267090e-01 1.199409738183021545e-01 9.840545654296875000e-01 -3.231698647141456604e-02 -1.125995591282844543e-01 7.863178253173828125e-01 -9.521653056144714355e-01 -5.714101195335388184e-01 6.860698461532592773e-01 9.997718930244445801e-01 2.315142750740051270e-01 1.442779302597045898e-01 5.890684127807617188e-01 -4.128665849566459656e-02 7.481777667999267578e-01 -3.390193879604339600e-01 3.645223081111907959e-01 5.270558595657348633e-02 -1.470457911491394043e-01 2.869132757186889648e-01 3.659961223602294922e-01 6.912277638912200928e-02 -9.981709122657775879e-01 -1.307961642742156982e-01 4.180575013160705566e-01 -6.185364909470081329e-03 -1.974790841341018677e-01 -9.815874099731445312e-01 -2.629052400588989258e-01 5.301325321197509766e-01 2.419673949480056763e-01 2.049020975828170776e-01 -2.306630015373229980e-01 9.789190888404846191e-01 -2.136326581239700317e-01 5.630226731300354004e-01 5.083922147750854492e-01 -9.970815777778625488e-01 -1.204059738665819168e-02 -5.821515340358018875e-03 6.737414002418518066e-02 2.108709514141082764e-01 -6.539698839187622070e-01 1.322171278297901154e-02 -9.081282615661621094e-01 -2.723132371902465820e-01 9.927369952201843262e-01 -8.193256258964538574e-01 9.201781451702117920e-02 -2.756036818027496338e-02 -7.335050497204065323e-03 -1.377695351839065552e-01 -4.673759341239929199e-01 6.201758608222007751e-02 -9.998551011085510254e-01 -2.383778393268585205e-01 1.049004495143890381e-01 -3.593570590019226074e-01 -3.286372721195220947e-01 -5.639732480049133301e-01 9.526336193084716797e-01 3.545434027910232544e-02 -5.753709077835083008e-01 -9.498875141143798828e-01 -1.504953056573867798e-01 -1.720732748508453369e-01 9.982818365097045898e-01 -9.808803796768188477e-01 -2.358318418264389038e-01 -1.917697638273239136e-01 1.497251540422439575e-01 -9.331503510475158691e-01 6.096100211143493652e-01 7.694669961929321289e-01 -9.972801208496093750e-01 -4.368092417716979980e-01 -6.980571746826171875e-01 -2.467782795429229736e-02 -2.540827989578247070e-01 -6.705853343009948730e-02 -8.162298202514648438e-01 5.777531862258911133e-01 -6.574478745460510254e-02 9.929662346839904785e-01 -1.704940944910049438e-01 9.791485071182250977e-01 4.702983796596527100e-01 -9.993837475776672363e-01 -9.916596859693527222e-02 2.799262106418609619e-01 2.670577168464660645e-02 -5.309240221977233887e-01 3.959085792303085327e-02 -9.846288561820983887e-01 9.397978782653808594e-01 -9.989960789680480957e-01 -9.600659608840942383e-01 4.337125644087791443e-02 -2.336311787366867065e-01 -3.866402804851531982e-01 -2.967888116836547852e-01 -2.550856210291385651e-02 -2.149810045957565308e-01 -9.782781600952148438e-01 -9.199542403221130371e-01 3.240651786327362061e-01 -9.832432866096496582e-01 -9.552932977676391602e-01 -9.912959337234497070e-01 9.853886440396308899e-03 2.641629576683044434e-01 -1.661149710416793823e-01 4.794637858867645264e-01 -2.305675297975540161e-01 1.377771943807601929e-01 9.909517168998718262e-01 -4.291170462965965271e-02 -8.433748781681060791e-02 2.830682396888732910e-01 4.264467656612396240e-01 -3.179011866450309753e-02 8.734876513481140137e-01 8.299081325531005859e-01 -1.809275336563587189e-02 -9.991400837898254395e-01 -2.778675854206085205e-01 7.211284041404724121e-01 9.998121261596679688e-01 7.783299088478088379e-01 4.963245689868927002e-01 -9.999573230743408203e-01 -2.685032784938812256e-01 3.249037861824035645e-01 -9.992161393165588379e-01 6.356253027915954590e-01 -1.156173497438430786e-01 1.296927332878112793e-01 -9.871113300323486328e-01 -6.777266860008239746e-01 2.917042672634124756e-01 -9.749373793601989746e-01 9.814171791076660156e-01 -2.645586133003234863e-01 1.748653054237365723e-01 1.014226116240024567e-02 2.653423547744750977e-01 4.001973271369934082e-01 -9.704613089561462402e-01 -8.872030973434448242e-01 1.918762922286987305e-01 5.461078509688377380e-02 2.810026407241821289e-01 1.160881370306015015e-01 -9.999936819076538086e-01 5.436327457427978516e-01 -9.471600055694580078e-01 1.894518136978149414e-01 1.348262876272201538e-01 -5.704583525657653809e-01 -5.352265387773513794e-02 -8.673149943351745605e-01 9.995660781860351562e-01 -7.270302772521972656e-01 1.962812989950180054e-01 3.930900692939758301e-01 -5.529913306236267090e-01 -7.752788811922073364e-02 -8.608626723289489746e-01 9.724810123443603516e-01 -7.538511753082275391e-01 -2.495403401553630829e-02 2.470752894878387451e-01 -1.784841716289520264e-01 -9.517103433609008789e-01
-7.206103205680847168e-01 8.610873222351074219e-01 -4.850217700004577637e-02 2.192125022411346436e-01 -1.227445229887962341e-01 -1.074244379997253418e-01 9.894276857376098633e-01 -9.897116422653198242e-01 -3.831098079681396484e-01 -9.958887696266174316e-01 -1.014213413000106812e-01 -9.629000425338745117e-01 -6.942886114120483398e-01 -9.764885902404785156e-01 -9.239944219589233398e-01 -1.393884122371673584e-01 -3.964490443468093872e-02 1.656627804040908813e-01 -6.831607818603515625e-01 1.394761800765991211e-01 5.721307396888732910e-01 -7.085042446851730347e-02 5.564476922154426575e-02 3.800277411937713623e-01 9.984771013259887695e-01 9.969477653503417969e-01 -1.889270693063735962e-01 -2.335348725318908691e-01 4.408077001571655273e-01 2.642484605312347412e-01 9.992083907127380371e-01 -1.336969584226608276e-01 2.684981822967529297e-01 8.183918893337249756e-02 -6.057546138763427734e-01 1.319376751780509949e-02 -1.079476177692413330e-01 -1.041874662041664124e-01 9.965236783027648926e-01 -1.081780791282653809e-01 4.311726614832878113e-02 -5.168967843055725098e-01 -2.344474941492080688e-01 -9.992455244064331055e-01 1.527607142925262451e-01 8.381140828132629395e-01 -9.885489940643310547e-01 -1.239938437938690186e-01 8.761264085769653320e-01 -1.514202207326889038e-01 3.855254128575325012e-02 5.024722814559936523e-01 9.964379668235778809e-01 -2.253453284502029419e-01 -5.173397660255432129e-01 3.988999128341674805e-01 -1.019088923931121826e-02 -2.339871972799301147e-01 -9.987973570823669434e-01 -6.394987702369689941e-01 -4.561786949634552002e-01 7.992067374289035797e-03 9.747203588485717773e-01 -1.396718919277191162e-01 1.275078356266021729e-01 -9.990624189376831055e-01 9.983952641487121582e-01 6.067234277725219727e-01 1.478396058082580566e-01 9.840385913848876953e-01 9.978333115577697754e-01 9.999145269393920898e-01 -9.579182863235473633e-01 8.005458861589431763e-02 -9.879744648933410645e-01 -1.455806940793991089e-01 -8.023334294557571411e-02 1.982764005661010742e-01 -1.133632659912109375e-01 -3.346457332372665405e-02 -9.961425662040710449e-01 -5.940879881381988525e-02 9.820871949195861816e-01 -6.871569156646728516e-01 7.168667912483215332e-01 -9.903997182846069336e-01 -1.424863934516906738e-01 3.700315952301025391e-01 -4.767972230911254883e-01 -1.728007346391677856e-01 -8.407086133956909180e-01 4.168103337287902832e-01 5.285038352012634277e-01 -9.640530347824096680e-01 -7.440398335456848145e-01 1.937724053859710693e-01 9.778575897216796875e-01 -3.296567201614379883e-01 -9.999961853027343750e-01 5.766674131155014038e-02 -5.696834325790405273e-01 -4.944669604301452637e-01 -9.595732092857360840e-01 -3.351346552371978760e-01 3.092350363731384277e-01 6.100579351186752319e-02 1.103748902678489685e-01 1.153248399496078491e-01 -4.527079761028289795e-01 -5.736132860183715820e-01 -2.252077311277389526e-01 4.270203877240419388e-03 -7.612926959991455078e-01 -9.292033910751342773e-01 -2.491889446973800659e-01 3.059889078140258789e-01 -9.940091371536254883e-01 -4.714172780513763428e-01 -5.025618150830268860e-02 9.686040878295898438e-01 -2.806361615657806396e-01 -4.781171679496765137e-02 -9.934116601943969727e-01 8.344038724899291992e-01 -1.214240267872810364e-01 -3.728240132331848145e-01 -9.993693828582763672e-01 -3.722961246967315674e-01 -6.037995815277099609e-01 -2.955314815044403076e-01 9.579954743385314941e-01 8.208132386207580566e-01 9.693506360054016113e-01 -3.096576929092407227e-01 2.595159411430358887e-02 -8.916773796081542969e-01 7.607100009918212891e-01 -9.925910830497741699e-01 4.498696699738502502e-02 4.985547065734863281e-01 9.993019700050354004e-01 4.665217995643615723e-01 -2.490090131759643555e-01 9.972981810569763184e-01 -1.394424773752689362e-02 8.859214782714843750e-01 -9.818345904350280762e-01 9.983371496200561523e-01 -7.564926743507385254e-01 -4.686005115509033203e-01 -2.898629307746887207e-01 3.113322854042053223e-01 2.772707939147949219e-01 -5.831916928291320801e-01 3.477969765663146973e-01 -3.839721083641052246e-01 -4.598800241947174072e-01 -3.624892234802246094e-01 2.208854854106903076e-01 5.424429178237915039e-01 4.324365034699440002e-02 1.951413005590438843e-01 2.637470960617065430e-01 -3.920322656631469727e-01 9.999771118164062500e-01 -3.766788244247436523e-01 -3.995793163776397705e-01 -7.618972063064575195e-01 9.758312106132507324e-01 9.678588509559631348e-01 8.852666616439819336e-02 -7.714886665344238281e-01 -9.449046254158020020e-01 -2.768366038799285889e-01 -2.326241880655288696e-01 3.433636128902435303e-01 6.476171016693115234e-01 -3.056585229933261871e-02 9.992752075195312500e-01 9.684962034225463867e-01 8.542099595069885254e-01 -1.674577593803405762e-01 9.974228143692016602e-01 8.913575857877731323e-02 9.455746412277221680e-01 -9.958863258361816406e-01 -9.503545165061950684e-01 5.605649352073669434e-01 1.853876709938049316e-01 9.385559558868408203e-01 1.598061323165893555e-01 -9.917018413543701172e-01 8.064001798629760742e-01 -1.044950783252716064e-01 9.837999343872070312e-01 -2.224048823118209839e-01 2.546799927949905396e-02 -9.339352846145629883e-01 -8.713870644569396973e-01 -1.783113926649093628e-02 -2.993537783622741699e-01 -2.838821411132812500e-01 1.164907030761241913e-02 4.549024999141693115e-01 2.474739253520965576e-01 5.476052165031433105e-01 3.560054302215576172e-01 9.990328550338745117e-01 9.088315963745117188e-01 -1.288024336099624634e-01 -9.947685599327087402e-01 6.432221531867980957e-01 1.905587129294872284e-02 5.637333989143371582e-01 9.298226833343505859e-01 -8.281881809234619141e-01 4.978587031364440918e-01 9.969454407691955566e-01 3.559272587299346924e-01 -2.520646154880523682e-02 7.086458206176757812e-01 4.959590733051300049e-01 -8.327208161354064941e-01 5.318410992622375488e-01 -9.703183174133300781e-01 -8.519464731216430664e-01 -9.861122965812683105e-01 -4.190216362476348877e-01 9.103184938430786133e-01 8.326750397682189941e-01 1.714553833007812500e-01 1.379847079515457153e-01 2.146721482276916504e-01 4.218209087848663330e-01 9.590077996253967285e-01 2.515587508678436279e-01 -9.985505938529968262e-01 -4.364011883735656738e-01 4.115206301212310791e-01 -5.205851513892412186e-03 9.917591214179992676e-01 9.999006986618041992e-01 -3.532704412937164307e-01 9.774665832519531250e-01 7.912212610244750977e-01 2.370310574769973755e-01 9.406417012214660645e-01 -1.346064824610948563e-02 -2.587555050849914551e-01 5.374220758676528931e-02 5.474717020988464355e-01 -2.646485716104507446e-02 -2.700193971395492554e-02 5.747876167297363281e-01 9.998689889907836914e-01 7.673281431198120117e-02 -1.613645702600479126e-01 -8.852688074111938477e-01 -7.918041944503784180e-01 6.783137321472167969e-01 -5.104644894599914551e-01 -5.823361873626708984e-01 3.959872573614120483e-02 -6.274046301841735840e-01 -7.530111074447631836e-02 9.701589345932006836e-01 9.986598491668701172e-01 -9.856871366500854492e-01 1.617443189024925232e-02 -1.615585386753082275e-01 9.996557235717773438e-01 -9.481363743543624878e-02 -9.839540719985961914e-01 9.998871684074401855e-01 -7.942174673080444336e-01 -5.712372064590454102e-01 9.899775981903076172e-01 4.969259202480316162e-01 9.751256108283996582e-01 2.704001665115356445e-01 -9.456723332405090332e-01 -8.704586029052734375e-01 5.291082859039306641e-01 9.997218847274780273e-01 9.637598395347595215e-01 -2.182618081569671631e-01 3.791693747043609619e-01 3.027049303054809570e-01 -9.990445971488952637e-01 -9.980183839797973633e-01 -9.948546886444091797e-01 6.738179922103881836e-01 4.129995107650756836e-01 9.025557637214660645e-01 9.701703786849975586e-01 -8.014481663703918457e-01 -3.772192299365997314e-01 9.467782378196716309e-01 -3.024280965328216553e-01 9.888882637023925781e-01 9.990583658218383789e-01 -9.845623373985290527e-01 2.573979198932647705e-01 9.877272248268127441e-01 -7.074168324470520020e-01 -9.395245462656021118e-02 -2.208802849054336548e-01 9.991661906242370605e-01 -1.679029613733291626e-01 1.081327870488166809e-01 -1.856264621019363403e-01 -9.966678619384765625e-01 2.553089559078216553e-01 9.997435808181762695e-01 -3.985388278961181641e-01 -2.236284911632537842e-01 6.092057377099990845e-02 4.520993530750274658e-01 5.227279663085937500e-01 9.996055364608764648e-01 -2.310985326766967773e-01 -9.497551918029785156e-01 -3.102232143282890320e-02 -9.508907198905944824e-01 -1.115296259522438049e-01 -6.168816089630126953e-01 -8.535457253456115723e-01 -3.117692172527313232e-01 -7.109393477439880371e-01 -1.868193149566650391e-01 9.882798790931701660e-01 -4.368762671947479248e-01 3.053974509239196777e-01 9.748966097831726074e-01 1.969490051269531250e-01 4.623664319515228271e-01 3.183006048202514648e-01 -7.142761349678039551e-01 -5.774122476577758789e-01 3.912694156169891357e-01 9.968259334564208984e-01 -5.387634411454200745e-02 -4.822170436382293701e-01 -2.052472382783889771e-01 -9.673046469688415527e-01 8.649977445602416992e-01 4.415227174758911133e-01 9.994797706604003906e-01 2.712680399417877197e-01 3.363595306873321533e-01 4.160521328449249268e-01 -6.091671064496040344e-02 7.308420538902282715e-01 -2.787058353424072266e-01 3.893788158893585205e-01 1.520532369613647461e-01 -4.455940127372741699e-01 -1.696200966835021973e-01 -2.764595746994018555e-01 -3.709849342703819275e-02 -9.094392657279968262e-01 -1.478503495454788208e-01 8.529244363307952881e-02 -1.093894019722938538e-01 -5.925816297531127930e-02 -8.476793169975280762e-01 -3.085265457630157471e-01 8.706620931625366211e-01 2.290279716253280640e-01 5.987509489059448242e-01 -7.029495835304260254e-01 9.384836554527282715e-01 -4.316388070583343506e-01 7.337705492973327637e-01 8.857629895210266113e-01 -9.995800256729125977e-01 5.255578830838203430e-02 -1.809069812297821045e-01 -3.419236093759536743e-02 2.610864043235778809e-01 2.390554994344711304e-01 1.402747631072998047e-01 -9.919933676719665527e-01 3.162544071674346924e-01 9.963819384574890137e-01 -9.621458649635314941e-01 6.786128878593444824e-01 -1.905308365821838379e-01 -3.072848021984100342e-01 -4.822596013545989990e-01 -4.321465492248535156e-01 6.996885538101196289e-01 -9.999365210533142090e-01 2.498200982809066772e-01 -9.523533284664154053e-02 -3.848192691802978516e-01 -4.198293387889862061e-01 -6.849148869514465332e-01 8.358998298645019531e-01 7.691472768783569336e-02 2.270438149571418762e-02 -9.669370651245117188e-01 4.616489708423614502e-01 -6.030868887901306152e-01 9.975774288177490234e-01 -6.821897625923156738e-01 -3.582589626312255859e-01 -3.243529796600341797e-02 3.464033305644989014e-01 -9.911326766014099121e-01 9.129920601844787598e-01 5.748249292373657227e-01 -9.986001849174499512e-01 1.860690116882324219e-02 -2.837642431259155273e-01 3.091491162776947021e-01 3.558741509914398193e-01 -1.612000912427902222e-01 -7.918810248374938965e-01 -5.864146947860717773e-01 -6.212795972824096680e-01 9.878767132759094238e-01 2.152857929468154907e-01 8.713362812995910645e-01 3.995952308177947998e-01 -9.982434511184692383e-01 -2.599156796932220459e-01 1.459111124277114868e-01 7.779748737812042236e-02 -2.055098116397857666e-01 3.087197244167327881e-01 -9.820671677589416504e-01 9.938849806785583496e-01 -9.997680187225341797e-01 -9.980427026748657227e-01 2.407099753618240356e-01 6.978484988212585449e-01 -4.041512310504913330e-01 2.945897169411182404e-02 -2.671636641025543213e-01 -3.497816920280456543e-01 -9.989218711853027344e-01 -8.596608042716979980e-01 4.455171227455139160e-01 -9.122422933578491211e-01 -9.859533309936523438e-01 -9.614231586456298828e-01 3.994285762310028076e-01 -4.060999155044555664e-01 3.833574429154396057e-02 5.768071413040161133e-01 9.002216905355453491e-02 4.290370345115661621e-01 9.995388388633728027e-01 2.991441190242767334e-01 -1.040091440081596375e-01 3.480111360549926758e-01 1.529775559902191162e-01 9.842225164175033569e-02 7.527989149093627930e-01 9.443292617797851562e-01 1.017437130212783813e-01 -9.966888427734375000e-01 2.017740756273269653e-01 6.695118546485900879e-01 9.994946122169494629e-01 7.624540328979492188e-01 3.575144708156585693e-01 -9.997928142547607422e-01 -2.143993675708770752e-01 7.156332731246948242e-01 -9.666174054145812988e-01 5.725619196891784668e-01 2.680233120918273926e-01 2.054190784692764282e-01 -9.945613145828247070e-01 -7.634774446487426758e-01 4.978419244289398193e-01 -9.673022031784057617e-01 8.238213658332824707e-01 3.255483508110046387e-01 2.246110141277313232e-01 2.880744338035583496e-01 3.058461844921112061e-01 2.246372401714324951e-01 -9.111223220825195312e-01 -5.398399233818054199e-01 -3.056216239929199219e-01 -3.066039085388183594e-01 -1.321105957031250000e-01 -4.459844529628753662e-01 -9.999983906745910645e-01 -5.015927553176879883e-01 -8.891769051551818848e-01 1.274847537279129028e-01 -2.729211151599884033e-01 -2.399466782808303833e-01 2.075450122356414795e-01 -9.811329245567321777e-01 9.999706149101257324e-01 -9.326615333557128906e-01 3.774817883968353271e-01 1.818107366561889648e-01 -3.080654144287109375e-01 4.581856727600097656e-01 -9.806418418884277344e-01 7.944874763488769531e-01 -4.794996678829193115e-01 4.657801091670989990e-01 1.880863606929779053e-01 -2.710496485233306885e-01 -9.482270479202270508e-01
-9.243139028549194336e-01 9.206569194793701172e-01 3.700886666774749756e-01 3.475562930107116699e-01 -6.338280439376831055e-02 3.140949904918670654e-01 9.817274808883666992e-01 -9.591429233551025391e-01 -1.955543309450149536e-01 -9.879248142242431641e-01 1.414778232574462891e-01 -8.405595421791076660e-01 -8.924816250801086426e-01 -7.310335636138916016e-01 -7.909212708473205566e-01 5.178166925907135010e-02 -1.992304250597953796e-02 8.860243484377861023e-03 -5.333324670791625977e-01 -2.582849264144897461e-01 -1.369967125356197357e-03 5.166213586926460266e-02 9.667289257049560547e-01 4.991587698459625244e-01 9.993113279342651367e-01 9.722524881362915039e-01 -4.592505693435668945e-01 2.611470520496368408e-01 -1.746432334184646606e-01 -5.838980078697204590e-01 9.891913533210754395e-01 2.087857201695442200e-02 -3.028273284435272217e-01 8.449248224496841431e-02 7.013661414384841919e-02 -8.023559302091598511e-02 -4.991072714328765869e-01 -8.912445977330207825e-03 9.947239756584167480e-01 -2.848932743072509766e-01 -8.920318633317947388e-02 1.086746528744697571e-01 2.981531322002410889e-01 -8.098620176315307617e-01 5.968249589204788208e-02 4.869363605976104736e-01 -9.990992546081542969e-01 -2.078750170767307281e-02 8.985883593559265137e-01 1.413165479898452759e-01 3.475296795368194580e-01 2.686701416969299316e-01 9.720517992973327637e-01 -3.987798690795898438e-01 -4.196913838386535645e-01 -1.663972139358520508e-01 -1.796720027923583984e-01 -1.426269710063934326e-01 -9.988743066787719727e-01 3.366491198539733887e-01 -2.951555550098419189e-01 2.743374705314636230e-01 -1.868823170661926270e-01 -1.204594299197196960e-01 3.801065981388092041e-01 -9.980751872062683105e-01 9.662396311759948730e-01 -4.774771928787231445e-01 -1.115309447050094604e-02 9.996988773345947266e-01 9.909139871597290039e-01 9.993551373481750488e-01 -8.986602425575256348e-01 -7.783389091491699219e-01 -9.897574186325073242e-01 7.567444443702697754e-02 4.435663223266601562e-01 -3.626582920551300049e-01 -1.968272179365158081e-01 1.934797018766403198e-01 -8.762416243553161621e-01 -2.606668770313262939e-01 9.699329733848571777e-01 5.555982589721679688e-01 -5.668733716011047363e-01 -4.447365403175354004e-01 2.581807672977447510e-01 3.543153703212738037e-01 1.546118706464767456e-01 -2.958350479602813721e-01 -4.518722593784332275e-01 -1.178666725754737854e-01 8.036575466394424438e-02 -9.750992059707641602e-01 -9.908282160758972168e-01 8.523035049438476562e-01 8.565001487731933594e-01 2.519056200981140137e-01 -9.996508359909057617e-01 -3.756790459156036377e-01 -7.984336018562316895e-01 -9.952423572540283203e-01 -2.017384171485900879e-01 -6.289889663457870483e-02 3.617903217673301697e-02 -8.454115688800811768e-02 9.967214465141296387e-01 5.069886445999145508e-01 5.127188935875892639e-02 5.956729054450988770e-01 3.519124910235404968e-02 7.021523118019104004e-01 -8.392178416252136230e-01 -4.689402878284454346e-01 -2.465647608041763306e-01 2.873472571372985840e-01 -9.710583686828613281e-01 2.990538254380226135e-02 4.740773886442184448e-02 9.973796606063842773e-01 -9.937291145324707031e-01 -2.933408021926879883e-01 -9.363469481468200684e-01 1.431521773338317871e-02 -2.391449809074401855e-01 -1.281954646110534668e-01 -9.940214753150939941e-01 -1.311277002096176147e-01 -4.812541306018829346e-01 -8.480206131935119629e-02 8.884521126747131348e-01 9.983471035957336426e-01 -3.147138059139251709e-01 1.239386051893234253e-01 3.810389637947082520e-01 -4.855137169361114502e-01 8.030089735984802246e-01 -8.558139801025390625e-01 -3.064859211444854736e-01 2.168708480894565582e-02 9.991663098335266113e-01 -7.875115424394607544e-02 -2.016729265451431274e-01 9.713838100433349609e-01 -2.767098844051361084e-01 3.318922221660614014e-01 -8.555725216865539551e-01 -1.663138121366500854e-01 -7.010679244995117188e-01 -1.970618218183517456e-01 -4.772969335317611694e-02 8.833324164152145386e-02 7.102024555206298828e-01 -1.415555775165557861e-01 1.840639114379882812e-01 -2.595176696777343750e-01 3.231046199798583984e-01 -9.425400495529174805e-01 4.128812253475189209e-01 6.129729747772216797e-02 1.612443029880523682e-01 -3.038511276245117188e-01 1.710407584905624390e-01 -4.565272852778434753e-02 9.991169571876525879e-01 3.239887058734893799e-01 9.813344478607177734e-02 -1.844995766878128052e-01 9.465370178222656250e-01 9.232757687568664551e-01 2.942800223827362061e-01 -9.443923234939575195e-01 -8.710598349571228027e-01 6.182702779769897461e-01 -3.801565170288085938e-01 -1.659664958715438843e-01 8.832217454910278320e-01 2.644263505935668945e-01 9.974555969238281250e-01 5.374134778976440430e-01 -1.142496690154075623e-01 5.991002917289733887e-02 9.970722198486328125e-01 3.361439406871795654e-01 9.389582872390747070e-01 -9.889723062515258789e-01 -9.910834431648254395e-01 -9.696086645126342773e-01 6.071460247039794922e-01 -9.192624092102050781e-01 7.794557213783264160e-01 -9.863159060478210449e-01 9.321637749671936035e-01 -6.927777826786041260e-02 9.737544655799865723e-01 1.818190962076187134e-01 -5.089678168296813965e-01 -2.467110902070999146e-01 -9.755938053131103516e-01 3.932630643248558044e-04 1.617285236716270447e-02 1.496116369962692261e-01 -6.926500797271728516e-01 1.123317033052444458e-01 -1.768250018358230591e-02 7.674401160329580307e-03 9.457083791494369507e-02 9.838294982910156250e-01 7.913000583648681641e-01 -1.304451227188110352e-01 -6.874197721481323242e-01 9.792607426643371582e-01 -7.477869838476181030e-02 4.488959014415740967e-01 5.406801104545593262e-01 -9.695438146591186523e-01 -3.815126121044158936e-01 3.164676129817962646e-01 -6.979082226753234863e-01 -5.470661818981170654e-02 -5.361058115959167480e-01 3.402909031137824059e-03 -8.988236784934997559e-01 -1.099059879779815674e-01 -7.523447275161743164e-01 9.722879528999328613e-01 -8.732319474220275879e-01 -1.366477757692337036e-01 -5.885241627693176270e-01 6.004105806350708008e-01 1.197725981473922729e-01 3.613782525062561035e-01 -1.557574123144149780e-01 3.636293709278106689e-01 9.828599691390991211e-01 1.799774914979934692e-01 -9.340476393699645996e-01 4.950730875134468079e-02 1.133616343140602112e-01 1.634396314620971680e-01 9.855221509933471680e-01 9.999120831489562988e-01 -1.543970555067062378e-01 9.322566986083984375e-01 5.214827656745910645e-01 1.489098519086837769e-01 9.868286848068237305e-01 -1.330954283475875854e-01 3.483666181564331055e-01 -3.783536702394485474e-02 -5.179471801966428757e-03 4.212667234241962433e-03 -8.447758108377456665e-02 9.865509718656539917e-02 9.999100565910339355e-01 2.331595271825790405e-01 -1.750295907258987427e-01 -6.273081302642822266e-01 -7.165232300758361816e-01 9.650951623916625977e-01 -2.770009934902191162e-01 2.458875775337219238e-01 3.260630741715431213e-02 -7.770660519599914551e-01 1.314536780118942261e-01 9.858556985855102539e-01 9.989584088325500488e-01 -9.997706413269042969e-01 5.409780889749526978e-02 -2.479787915945053101e-01 9.982658624649047852e-01 2.471337914466857910e-01 -7.302230596542358398e-01 9.636639356613159180e-01 -3.613416850566864014e-01 -9.913525581359863281e-01 9.975832700729370117e-01 2.429065406322479248e-01 1.759563833475112915e-01 1.004349514842033386e-01 -9.998468756675720215e-01 -7.979883551597595215e-01 2.565574459731578827e-02 9.864155650138854980e-01 9.999645948410034180e-01 -1.567905992269515991e-01 -2.853133678436279297e-01 2.241305708885192871e-01 -9.966151714324951172e-01 -9.994442462921142578e-01 -9.972522258758544922e-01 4.338521957397460938e-01 3.566320836544036865e-01 8.595674633979797363e-01 5.651741623878479004e-01 -9.988658428192138672e-01 -2.503859996795654297e-01 9.732196927070617676e-01 6.274213641881942749e-02 9.942704439163208008e-01 9.972713589668273926e-01 -9.447327256202697754e-01 4.313112795352935791e-01 9.711583852767944336e-01 -8.582603931427001953e-02 2.084190994501113892e-01 3.573208153247833252e-01 9.958789944648742676e-01 -2.371124923229217529e-01 2.149869650602340698e-01 3.873036801815032959e-02 -7.929203510284423828e-01 -2.049167305231094360e-01 9.749428629875183105e-01 1.854063123464584351e-01 2.395849227905273438e-01 -8.067237585783004761e-02 -1.407844275236129761e-01 -4.915033578872680664e-01 9.655008912086486816e-01 -5.208625644445419312e-02 -9.105868339538574219e-01 -2.982601225376129150e-01 -8.507313132286071777e-01 -3.072515726089477539e-01 -9.151189774274826050e-02 -6.426794528961181641e-01 -2.123312652111053467e-01 5.287471413612365723e-01 -3.457084000110626221e-01 9.582952260971069336e-01 1.428946852684020996e-01 -1.067632436752319336e-02 8.694161772727966309e-01 2.266985923051834106e-01 6.502287834882736206e-02 2.829435765743255615e-01 -9.423155784606933594e-01 -2.714077942073345184e-02 2.453764826059341431e-01 9.601919054985046387e-01 -3.285565674304962158e-01 -3.645579218864440918e-01 9.879141449928283691e-01 -4.189620614051818848e-01 -8.082216978073120117e-01 1.278179883956909180e-01 9.996353387832641602e-01 -3.737108111381530762e-01 4.300953149795532227e-01 5.246576666831970215e-01 2.879178710281848907e-02 8.779281973838806152e-01 -6.243340671062469482e-02 -6.720637083053588867e-01 1.669750511646270752e-01 -8.400571346282958984e-01 5.174523219466209412e-02 -2.837884724140167236e-01 2.006614208221435547e-01 -9.990104436874389648e-01 6.307826638221740723e-01 -2.032262831926345825e-01 3.823349475860595703e-01 -3.344760239124298096e-01 -9.931560754776000977e-01 6.582098603248596191e-01 5.597988963127136230e-01 2.275796979665756226e-01 1.219896301627159119e-01 6.084679439663887024e-02 9.972054362297058105e-01 -6.006304174661636353e-02 3.273609578609466553e-01 9.229094982147216797e-01 -9.343445301055908203e-01 1.472122520208358765e-01 3.248957693576812744e-01 -1.655209809541702271e-01 -2.287689149379730225e-01 -6.246128678321838379e-01 -5.497596859931945801e-01 -9.993379116058349609e-01 -3.180119693279266357e-01 9.346545338630676270e-01 1.831202954053878784e-01 1.972504854202270508e-01 -3.368220925331115723e-01 1.904560178518295288e-01 -4.195839911699295044e-02 2.490733750164508820e-03 3.772711157798767090e-01 -9.990051388740539551e-01 -4.938156008720397949e-01 -3.201256692409515381e-01 -2.638874650001525879e-01 -3.441121280193328857e-01 -2.950222790241241455e-01 9.866020679473876953e-01 2.430567741394042969e-01 -4.037139415740966797e-01 -8.760442137718200684e-01 -1.508031189441680908e-01 -1.495987549424171448e-02 9.958740472793579102e-01 -8.884067535400390625e-01 4.823255240917205811e-01 -2.163866907358169556e-01 -8.405067026615142822e-02 -8.320006728172302246e-01 -5.519411563873291016e-01 9.693086147308349609e-01 -9.720832705497741699e-01 1.867442205548286438e-02 -8.849341273307800293e-01 4.672813415527343750e-01 -1.021432057023048401e-01 -5.322119593620300293e-01 -4.867015480995178223e-01 -1.984249949455261230e-01 -6.847807168960571289e-01 9.544437527656555176e-01 3.516705334186553955e-01 9.447328448295593262e-01 1.840687245130538940e-01 -9.975973367691040039e-01 3.726742565631866455e-01 2.359221922233700752e-03 2.678363621234893799e-01 -1.690734177827835083e-01 -1.018177494406700134e-01 -8.645528554916381836e-01 9.980799555778503418e-01 -9.947151541709899902e-01 -8.524808287620544434e-01 1.683781892061233521e-01 -7.703245282173156738e-01 -8.253080397844314575e-02 -1.308704614639282227e-01 -3.381811380386352539e-01 -6.129987910389900208e-02 -9.974343180656433105e-01 -9.900498390197753906e-01 2.457968294620513916e-01 -9.982417225837707520e-01 -9.002302289009094238e-01 -9.986357688903808594e-01 3.381367921829223633e-01 -1.094083935022354126e-01 -1.329548805952072144e-01 -1.107291132211685181e-01 4.394000023603439331e-02 -7.508276402950286865e-02 9.302963018417358398e-01 2.938454747200012207e-01 4.858435317873954773e-02 2.879929244518280029e-01 -4.374131932854652405e-02 -5.310139060020446777e-01 9.933320879936218262e-01 -7.868306040763854980e-01 5.761207267642021179e-02 -9.931929707527160645e-01 -3.316067159175872803e-04 -6.096258163452148438e-01 9.986255764961242676e-01 6.290930509567260742e-01 3.335805237293243408e-01 -9.998360872268676758e-01 -3.610366582870483398e-01 -9.949334710836410522e-02 -9.560847282409667969e-01 5.212777853012084961e-01 -3.018170893192291260e-01 2.288599163293838501e-01 -8.394136428833007812e-01 -9.452913999557495117e-01 -4.781961813569068909e-02 -9.989658594131469727e-01 9.360961318016052246e-01 -1.295943707227706909e-01 4.745053052902221680e-01 1.977612674236297607e-01 4.402349889278411865e-02 -1.535084247589111328e-01 -9.753667116165161133e-01 1.526070479303598404e-02 -3.734753429889678955e-01 -5.465115308761596680e-01 3.102811239659786224e-02 2.622845172882080078e-01 -9.999828934669494629e-01 -2.271521650254726410e-02 -8.363784551620483398e-01 1.260284036397933960e-01 -1.671751290559768677e-01 -2.724643349647521973e-01 4.607847034931182861e-01 -9.929443001747131348e-01 9.998433589935302734e-01 -9.941309094429016113e-01 1.820590943098068237e-01 9.044244885444641113e-03 -2.553866803646087646e-01 -6.157736852765083313e-02 -9.343963265419006348e-01 9.792383909225463867e-01 -3.559962809085845947e-01 5.103076696395874023e-01 3.095408380031585693e-01 -3.555986583232879639e-01 -8.824046254158020020e-01
3.841382265090942383e-01 4.305329918861389160e-01 6.016155704855918884e-02 -4.382733628153800964e-02 2.811615169048309326e-01 -4.723333716392517090e-01 9.918328523635864258e-01 -9.995521306991577148e-01 -1.378476470708847046e-01 -9.910492300987243652e-01 -2.957751452922821045e-01 -9.724959731101989746e-01 -9.523567557334899902e-01 -4.293251633644104004e-01 -3.274486660957336426e-01 -4.339539110660552979e-01 -2.865521907806396484e-01 -3.722303509712219238e-01 -2.967439591884613037e-01 -1.061848551034927368e-01 -1.414498537778854370e-01 1.592299342155456543e-01 9.888428449630737305e-01 4.495767056941986084e-01 9.983100295066833496e-01 9.964779019355773926e-01 -8.297891914844512939e-02 1.509845703840255737e-01 2.883558571338653564e-01 3.537441790103912354e-02 9.824302196502685547e-01 -2.923283278942108154e-01 -2.727245092391967773e-01 7.191567122936248779e-02 -8.023872971534729004e-01 -2.405307888984680176e-01 1.505513638257980347e-01 -3.313388228416442871e-01 9.983054995536804199e-01 3.882403718307614326e-03 1.127913817763328552e-01 -9.561991691589355469e-02 1.586126685142517090e-01 -9.983462691307067871e-01 -2.321643084287643433e-01 6.361688971519470215e-01 -9.988763332366943359e-01 -3.171379566192626953e-01 6.489585638046264648e-01 -2.067205607891082764e-01 7.458528876304626465e-01 -1.899771392345428467e-02 9.947621226310729980e-01 -7.035187631845474243e-02 4.394857957959175110e-02 2.485031187534332275e-01 1.244625225663185120e-01 -3.864968121051788330e-01 -9.999501109123229980e-01 -5.886862277984619141e-01 -1.064851731061935425e-01 5.143579095602035522e-02 8.569055199623107910e-01 -7.482352107763290405e-02 9.217898547649383545e-02 -9.852343797683715820e-01 9.991207122802734375e-01 1.432749629020690918e-01 -2.688647806644439697e-02 9.958730936050415039e-01 9.825737476348876953e-01 9.999732375144958496e-01 -9.465300440788269043e-01 -9.964017271995544434e-01 -9.813000559806823730e-01 -4.887691466137766838e-04 4.090254306793212891e-01 -2.123618423938751221e-01 -2.035612799227237701e-02 -1.037624254822731018e-01 -9.980168938636779785e-01 -2.895734608173370361e-01 9.843304753303527832e-01 -1.499580889940261841e-01 4.218184649944305420e-01 -6.843675374984741211e-01 -1.394269149750471115e-02 1.047135051339864731e-02 7.232351601123809814e-02 6.497215479612350464e-02 -8.754646182060241699e-01 -6.678218394517898560e-02 -7.049673795700073242e-02 -9.834348559379577637e-01 -9.416205883026123047e-01 9.111080169677734375e-01 9.863738417625427246e-01 -2.374552637338638306e-01 -9.990174174308776855e-01 -2.605992257595062256e-01 -9.596680998802185059e-01 -9.888870120048522949e-01 -2.465879172086715698e-01 -2.127314954996109009e-01 2.049300223588943481e-01 1.326545476913452148e-01 9.816299080848693848e-01 5.109479427337646484e-01 4.516618326306343079e-02 8.270863294601440430e-01 -2.346735000610351562e-01 6.959399580955505371e-01 -9.602288007736206055e-01 -8.684924840927124023e-01 -1.432320661842823029e-02 2.413353472948074341e-01 -9.811626076698303223e-01 -1.011915951967239380e-01 -1.015575230121612549e-01 9.103795289993286133e-01 -9.319130182266235352e-01 -1.435122340917587280e-01 -9.286321997642517090e-01 3.239547908306121826e-01 2.316124290227890015e-01 -2.675510570406913757e-02 -9.843505620956420898e-01 -1.398278586566448212e-02 5.824629217386245728e-02 -2.219072729349136353e-01 9.957444667816162109e-01 2.219434678554534912e-01 7.994292974472045898e-01 -1.798627078533172607e-01 -7.504303473979234695e-03 -9.865897297859191895e-01 4.149959981441497803e-01 -9.635013341903686523e-01 -9.886515736579895020e-01 -9.056137502193450928e-02 9.949452280998229980e-01 -1.269643604755401611e-01 1.289437562227249146e-01 9.102454185485839844e-01 -3.042553663253784180e-01 7.595943212509155273e-01 -9.110231399536132812e-01 9.036352038383483887e-01 1.334568560123443604e-01 -5.272446572780609131e-02 -2.794495820999145508e-01 -1.187004614621400833e-03 6.746429949998855591e-02 -3.664549589157104492e-01 -2.308237552642822266e-01 -1.163118407130241394e-01 -1.304747760295867920e-01 -2.242599278688430786e-01 8.208088576793670654e-02 3.752016425132751465e-01 2.974508702754974365e-01 -9.026658535003662109e-02 2.997637093067169189e-01 2.490931898355484009e-01 9.998947978019714355e-01 -3.595288097858428955e-02 -1.079612001776695251e-01 -2.478690631687641144e-02 9.722848534584045410e-01 3.808971345424652100e-01 6.024054437875747681e-02 -3.958928585052490234e-01 -9.281969070434570312e-01 -2.950794622302055359e-02 -6.578906178474426270e-01 -2.257960885763168335e-01 6.156201958656311035e-01 -1.505667418241500854e-01 9.969001412391662598e-01 9.602364301681518555e-01 5.769148468971252441e-01 2.851148247718811035e-01 9.952856898307800293e-01 -3.517557084560394287e-01 9.859162569046020508e-01 -9.962709546089172363e-01 -9.908894300460815430e-01 4.594323635101318359e-01 5.221350193023681641e-01 9.125617742538452148e-01 9.905592799186706543e-01 -9.326002597808837891e-01 8.252103924751281738e-01 -1.310754567384719849e-01 9.397602081298828125e-01 -1.643584519624710083e-01 -4.343149363994598389e-01 -8.386546969413757324e-01 -6.869392991065979004e-01 4.150784015655517578e-02 -1.586242020130157471e-01 2.992843836545944214e-02 -7.975027561187744141e-01 6.414160132408142090e-02 6.099382415413856506e-02 -4.739806801080703735e-02 2.138282209634780884e-01 9.958462715148925781e-01 8.528048992156982422e-01 -1.507279425859451294e-01 -8.993524312973022461e-01 6.013370752334594727e-01 -4.417423158884048462e-02 3.076959252357482910e-01 9.062558412551879883e-01 -6.790981888771057129e-01 7.224615216255187988e-01 9.787076115608215332e-01 7.028715312480926514e-02 1.157146021723747253e-01 2.496174871921539307e-01 2.331480532884597778e-01 -2.626274526119232178e-01 9.960411116480827332e-03 -9.977450966835021973e-01 7.079443931579589844e-01 -9.855114817619323730e-01 -5.475657582283020020e-01 -2.792282998561859131e-01 9.019086956977844238e-01 -2.407030016183853149e-02 3.122969269752502441e-01 1.654897034168243408e-01 1.364893466234207153e-01 9.540482759475708008e-01 8.699849992990493774e-02 -5.372174978256225586e-01 -1.645828634500503540e-01 4.108501970767974854e-01 5.740374699234962463e-02 9.866821169853210449e-01 9.999822378158569336e-01 -3.018467128276824951e-01 9.959733486175537109e-01 9.023662805557250977e-01 9.371768683195114136e-02 6.802586317062377930e-01 -1.553081721067428589e-01 -5.545588955283164978e-02 -7.589742541313171387e-02 5.282063484191894531e-01 1.107722595334053040e-01 -5.823037400841712952e-02 2.138270884752273560e-01 9.994801282882690430e-01 -2.955017387866973877e-01 -1.118994802236557007e-01 -9.006660580635070801e-01 -6.995328664779663086e-01 6.902253031730651855e-01 -1.269551217555999756e-01 -8.342657089233398438e-01 4.272615909576416016e-01 -8.530331850051879883e-01 3.604999976232647896e-03 9.924777746200561523e-01 9.954513311386108398e-01 -9.814767241477966309e-01 2.967993319034576416e-01 -3.431699872016906738e-01 9.668163061141967773e-01 -1.646680086851119995e-01 -9.996988177299499512e-01 9.998592734336853027e-01 -1.957920938730239868e-01 -7.150515317916870117e-01 9.735378026962280273e-01 2.897365391254425049e-01 3.675442636013031006e-01 5.528214387595653534e-03 -9.121854305267333984e-01 -9.897440075874328613e-01 8.035151958465576172e-01 9.976439476013183594e-01 9.976579546928405762e-01 -4.336939752101898193e-01 2.829995155334472656e-01 -3.921634852886199951e-01 -9.955217838287353516e-01 -9.994968175888061523e-01 -9.895868897438049316e-01 3.230174183845520020e-01 1.341615617275238037e-01 -9.078245162963867188e-01 9.098249673843383789e-01 -9.856702089309692383e-01 -3.175646299496293068e-03 9.702244997024536133e-01 -1.700560450553894043e-01 9.856091737747192383e-01 9.959691762924194336e-01 -9.993497729301452637e-01 3.195093572139739990e-01 9.721623659133911133e-01 -2.800019383430480957e-01 6.184978485107421875e-01 -1.909193694591522217e-01 9.988542199134826660e-01 -1.041187904775142670e-02 1.933482736349105835e-01 -2.782998047769069672e-02 -9.874875545501708984e-01 -5.546477437019348145e-02 9.903056621551513672e-01 9.303165078163146973e-01 2.737157046794891357e-01 -1.238487362861633301e-01 1.082633137702941895e-01 3.082616813480854034e-02 9.996635913848876953e-01 8.907697349786758423e-02 -9.648515582084655762e-01 1.541402637958526611e-01 -8.792332410812377930e-01 -4.357561841607093811e-02 3.417987376451492310e-02 -9.888378977775573730e-01 -5.943694710731506348e-01 -4.468732178211212158e-01 6.312123686075210571e-02 9.967193603515625000e-01 1.309294998645782471e-01 1.789643466472625732e-01 -5.171704292297363281e-01 1.734284609556198120e-01 -2.280589193105697632e-01 1.814903318881988525e-01 -7.471776008605957031e-01 -5.055155158042907715e-01 2.457281947135925293e-02 9.942647814750671387e-01 -1.864226758480072021e-01 -3.132767081260681152e-01 9.760036468505859375e-01 -9.915756583213806152e-01 9.760320782661437988e-01 3.370825052261352539e-01 9.993131160736083984e-01 -2.314521186053752899e-02 5.044092535972595215e-01 4.179067909717559814e-01 -3.553646504878997803e-01 7.987493872642517090e-01 -8.317923545837402344e-02 8.679880946874618530e-02 9.638061374425888062e-02 -6.898844838142395020e-01 -1.717470884323120117e-01 -1.988866366446018219e-03 1.644931733608245850e-01 -8.136323094367980957e-01 1.099730804562568665e-01 -4.385334998369216919e-02 -2.903721928596496582e-01 3.165976330637931824e-02 -9.933798313140869141e-01 8.138646930456161499e-02 6.772683858871459961e-01 -1.795850098133087158e-01 2.503944560885429382e-03 9.671375155448913574e-02 9.579027295112609863e-01 2.759564295411109924e-02 1.295780837535858154e-01 8.991948366165161133e-01 -9.991764426231384277e-01 3.507012128829956055e-01 1.633850783109664917e-01 -1.596151292324066162e-01 3.489960432052612305e-01 -4.178990423679351807e-01 -8.323939144611358643e-02 -9.976788759231567383e-01 -1.437621265649795532e-01 9.592155218124389648e-01 -7.444490790367126465e-01 1.274081319570541382e-01 -2.720509767532348633e-01 5.336529016494750977e-01 -1.111075058579444885e-01 -8.439381420612335205e-02 -3.785919249057769775e-01 -9.999921321868896484e-01 -2.626716792583465576e-01 2.531127072870731354e-02 -1.410287469625473022e-01 -2.262252569198608398e-01 -4.327053725719451904e-01 8.818294405937194824e-01 1.321667730808258057e-01 4.937702417373657227e-02 5.171587467193603516e-01 8.686996251344680786e-02 1.201701983809471130e-01 9.411851763725280762e-01 -8.007888197898864746e-01 -5.887525528669357300e-02 -1.223789826035499573e-01 8.402979373931884766e-02 -9.991927742958068848e-01 6.017214655876159668e-01 9.875093102455139160e-01 -9.951109886169433594e-01 -2.453934550285339355e-01 -9.133581519126892090e-01 3.204177618026733398e-01 -1.970698982477188110e-01 6.141350790858268738e-02 -7.506108880043029785e-01 1.953018642961978912e-02 -5.364498496055603027e-01 9.932827353477478027e-01 1.679176539182662964e-01 8.686916828155517578e-01 3.808710873126983643e-01 -9.978898167610168457e-01 -2.033923417329788208e-01 9.885633736848831177e-02 -1.120889633893966675e-01 -2.536518275737762451e-01 -1.137276068329811096e-01 -9.485853314399719238e-01 9.971434473991394043e-01 -9.994342327117919922e-01 -4.767008125782012939e-01 2.527039349079132080e-01 -5.132873654365539551e-01 -1.471836417913436890e-01 -1.855217479169368744e-02 -2.183543592691421509e-01 5.827600881457328796e-02 -9.989542365074157715e-01 -9.684413671493530273e-01 -2.006764560937881470e-01 -9.725303053855895996e-01 -9.433239102363586426e-01 -9.988912940025329590e-01 3.994438648223876953e-01 1.994393169879913330e-01 -5.570640414953231812e-02 -4.669870063662528992e-02 5.562870204448699951e-02 2.630541324615478516e-01 6.393931508064270020e-01 8.716844022274017334e-02 4.429956674575805664e-01 3.545651137828826904e-01 2.497456818819046021e-01 4.328271746635437012e-02 9.475908875465393066e-01 7.947074770927429199e-01 2.325257360935211182e-01 -9.860962033271789551e-01 -3.173786029219627380e-02 3.814117312431335449e-01 9.995862841606140137e-01 8.799754381179809570e-01 7.466046214103698730e-01 -9.961708188056945801e-01 2.136481106281280518e-01 3.533845245838165283e-01 -4.414073526859283447e-01 6.047544479370117188e-01 -4.211777150630950928e-01 -5.451932176947593689e-02 -9.837042689323425293e-01 -8.285425305366516113e-01 2.917669117450714111e-01 -8.746679425239562988e-01 9.668746590614318848e-01 -2.661106884479522705e-01 4.075044393539428711e-01 3.891212940216064453e-01 1.803720742464065552e-01 1.359024196863174438e-01 -9.974636435508728027e-01 -2.610228061676025391e-01 -3.154923021793365479e-01 -2.561220526695251465e-01 -2.175516262650489807e-02 1.352086365222930908e-01 -9.999886751174926758e-01 -6.051374673843383789e-01 -4.631281793117523193e-01 2.673827111721038818e-01 -6.115615740418434143e-02 5.208380520343780518e-02 4.632548391819000244e-01 -9.908341765403747559e-01 9.993376135826110840e-01 -9.681872129440307617e-01 3.464690148830413818e-01 2.233145013451576233e-02 -3.475849330425262451e-01 -1.972626745700836182e-01 -9.644854068756103516e-01 6.185906529426574707e-01 5.048210620880126953e-01 1.202126443386077881e-01 -5.418390501290559769e-03 -3.835242688655853271e-01 -9.639194607734680176e-01
7.020668983459472656e-01 9.845286011695861816e-01 1.310875117778778076e-01 1.463387310504913330e-01 -1.790932416915893555e-01 -9.840116500854492188e-01 9.986969828605651855e-01 -9.980069994926452637e-01 -3.360031247138977051e-01 -9.801473021507263184e-01 -1.206656470894813538e-01 -5.440281033515930176e-01 7.510967254638671875e-01 -9.431573152542114258e-01 -8.510618209838867188e-01 -2.704865634441375732e-01 7.498451322317123413e-02 -1.450438946485519409e-01 -6.495745778083801270e-01 2.135945111513137817e-01 5.866461396217346191e-01 3.802926242351531982e-01 -6.806350350379943848e-01 -8.691850900650024414e-01 9.997109174728393555e-01 8.048400878906250000e-01 -1.160803902894258499e-02 -2.753589749336242676e-01 6.232499480247497559e-01 9.975906014442443848e-01 9.366213679313659668e-01 1.692062616348266602e-01 2.739543020725250244e-01 4.191314056515693665e-02 2.157409489154815674e-01 -7.568929344415664673e-02 -1.175154447555541992e-01 -1.760431677103042603e-01 -5.255100727081298828e-01 -1.543072909116744995e-01 1.566717326641082764e-01 -4.545326530933380127e-02 3.192923069000244141e-01 -9.241987466812133789e-01 3.243038058280944824e-02 9.982755780220031738e-01 -6.276664733886718750e-01 -1.198787316679954529e-01 7.274124622344970703e-01 -2.638304531574249268e-01 8.235431313514709473e-01 2.711775600910186768e-01 2.733337879180908203e-01 -1.442748010158538818e-01 -1.816014498472213745e-01 3.411246240139007568e-01 2.388485968112945557e-01 -4.007464051246643066e-01 -9.997707009315490723e-01 -6.549538969993591309e-01 -3.301715478301048279e-02 -1.711711287498474121e-01 9.208486080169677734e-01 3.673239052295684814e-01 -1.661661863327026367e-01 -9.629055857658386230e-01 9.016831517219543457e-01 7.524539828300476074e-01 3.712325692176818848e-01 2.454161643981933594e-01 -3.052099049091339111e-01 9.999691843986511230e-01 -6.429275274276733398e-01 -7.894459962844848633e-01 -7.916147708892822266e-01 -1.552576422691345215e-01 -1.763165146112442017e-01 -4.715857207775115967e-01 -7.386740297079086304e-02 -5.595479160547256470e-02 -9.201524853706359863e-01 -1.416023075580596924e-01 9.804195165634155273e-01 -7.577624917030334473e-01 9.934862256050109863e-01 -4.928953051567077637e-01 1.831340193748474121e-01 3.603805601596832275e-01 -6.836749911308288574e-01 1.649311482906341553e-01 -9.809478521347045898e-01 7.111258804798126221e-02 1.340112239122390747e-01 -9.380539655685424805e-01 -2.140941619873046875e-01 -4.238938167691230774e-02 7.103048563003540039e-01 -2.186066657304763794e-01 -9.924763441085815430e-01 2.088049650192260742e-01 -9.941856265068054199e-01 -9.896394610404968262e-01 -5.133985877037048340e-01 4.745559394359588623e-02 -1.110589578747749329e-01 -8.558557182550430298e-02 4.749690890312194824e-01 3.567227721214294434e-01 -2.713218796998262405e-03 9.675669074058532715e-01 -7.565992325544357300e-02 4.670749008655548096e-01 3.557080328464508057e-01 -9.924318790435791016e-01 -2.187303900718688965e-01 3.905379772186279297e-01 -9.291377067565917969e-01 7.197641730308532715e-01 -1.132458373904228210e-01 9.933971166610717773e-01 7.126984745264053345e-02 -1.693968474864959717e-01 -9.795297384262084961e-01 9.990981817245483398e-01 -4.424822032451629639e-01 -1.096815541386604309e-01 -9.778420925140380859e-01 -1.617584228515625000e-01 -4.123649094253778458e-03 1.059653796255588531e-02 9.893956184387207031e-01 3.111380338668823242e-01 6.219674944877624512e-01 2.184791564941406250e-01 1.119770333170890808e-01 -9.712862372398376465e-01 5.356110334396362305e-01 -9.941466450691223145e-01 -2.744627930223941803e-02 2.916945219039916992e-01 9.996218085289001465e-01 3.372253477573394775e-01 -2.371944487094879150e-01 9.941820502281188965e-01 -1.930718868970870972e-01 7.018781900405883789e-01 -9.903532266616821289e-01 8.876944184303283691e-01 3.750703632831573486e-01 -3.070305585861206055e-01 -4.413994848728179932e-01 -1.498950868844985962e-01 8.632688522338867188e-01 -3.922145664691925049e-01 2.658255398273468018e-01 -9.496914595365524292e-02 -9.942000508308410645e-01 4.875571727752685547e-01 -1.798111945390701294e-01 5.871775150299072266e-01 6.022879481315612793e-02 3.610886037349700928e-01 1.249331980943679810e-01 -4.915543794631958008e-01 9.999527931213378906e-01 -2.346862852573394775e-01 -3.994119465351104736e-01 -6.639272570610046387e-01 9.988753795623779297e-01 9.739964008331298828e-01 2.118885368108749390e-01 -8.545859456062316895e-01 -3.625187277793884277e-01 -9.971950054168701172e-01 -1.299025267362594604e-01 4.576312303543090820e-01 4.926082193851470947e-01 9.770637005567550659e-02 9.983131885528564453e-01 8.773182630538940430e-01 9.222161173820495605e-01 -2.562782354652881622e-02 9.988726377487182617e-01 -9.681825041770935059e-01 9.398409128189086914e-01 -9.993470311164855957e-01 -9.750418663024902344e-01 9.938019514083862305e-01 3.187178969383239746e-01 -2.016122192144393921e-01 6.398147344589233398e-01 -9.499846100807189941e-01 -4.692851006984710693e-01 2.358270250260829926e-02 9.943394660949707031e-01 -1.920447871088981628e-02 3.438074840232729912e-03 -9.955625534057617188e-01 -7.000669240951538086e-01 2.448660433292388916e-01 -7.326024770736694336e-02 -2.528595328330993652e-01 6.861344575881958008e-01 5.890188738703727722e-02 2.163819074630737305e-01 6.819430738687515259e-02 5.149442330002784729e-02 6.207261681556701660e-01 7.440571188926696777e-01 -1.382778137922286987e-01 -3.536731600761413574e-01 -1.454545706510543823e-01 -1.879856735467910767e-02 4.964773654937744141e-01 9.854120016098022461e-01 -7.875040769577026367e-01 9.819309115409851074e-01 9.990968704223632812e-01 9.972425699234008789e-01 4.017379134893417358e-02 -9.781231880187988281e-01 6.089857593178749084e-02 -7.989794611930847168e-01 6.003824472427368164e-01 -4.210752248764038086e-01 -8.216086626052856445e-01 -9.937164187431335449e-01 -4.219394028186798096e-01 -2.628350853919982910e-01 9.993909001350402832e-01 3.883728981018066406e-01 1.969028413295745850e-01 -5.859203264117240906e-02 3.522641956806182861e-01 9.737929105758666992e-01 2.489260584115982056e-01 -9.950760006904602051e-01 -2.527912855148315430e-01 3.307491242885589600e-01 2.839427590370178223e-01 9.712196588516235352e-01 9.999906420707702637e-01 -8.653867840766906738e-01 9.770717024803161621e-01 9.975317716598510742e-01 -4.664833098649978638e-02 9.957085847854614258e-01 3.161020278930664062e-01 2.948650121688842773e-01 -2.772988677024841309e-01 6.755406856536865234e-01 1.826116740703582764e-01 -1.264623701572418213e-01 3.822377920150756836e-01 9.999100565910339355e-01 -2.961896955966949463e-01 3.245481103658676147e-02 -9.996466636657714844e-01 -1.147262230515480042e-01 -1.311409175395965576e-01 -4.795063734054565430e-01 -1.563197351060807705e-03 4.004687070846557617e-01 -9.045733809471130371e-01 2.498878985643386841e-01 9.946191310882568359e-01 8.734201192855834961e-01 -2.042375206947326660e-01 -1.196223944425582886e-01 -5.148592591285705566e-01 9.425480365753173828e-01 -2.580051422119140625e-01 -9.605035185813903809e-01 9.823758602142333984e-01 -4.665994346141815186e-01 5.382243394851684570e-01 9.164523482322692871e-01 6.109188199043273926e-01 6.357221603393554688e-01 3.775921417400240898e-03 -7.789019942283630371e-01 -9.955257773399353027e-01 9.560218453407287598e-01 9.955890178680419922e-01 9.724742174148559570e-01 -1.112079173326492310e-01 2.427001893520355225e-01 7.485553622245788574e-02 -9.957837462425231934e-01 -9.602654576301574707e-01 -5.251666903495788574e-01 4.496272206306457520e-01 3.448852598667144775e-01 -9.785534739494323730e-01 9.918733239173889160e-01 8.815859556198120117e-01 -1.198316067457199097e-01 7.412086129188537598e-01 -1.340160220861434937e-01 9.855075478553771973e-01 9.931929707527160645e-01 -9.889059662818908691e-01 -7.815985679626464844e-01 8.933920264244079590e-01 -1.243851333856582642e-01 8.880157470703125000e-01 -3.290545940399169922e-01 6.240118741989135742e-01 -4.437376260757446289e-01 1.885599642992019653e-01 -2.659849822521209717e-01 -9.810982942581176758e-01 2.220628559589385986e-01 8.934755921363830566e-01 1.058246493339538574e-01 -1.139690354466438293e-01 2.030203938484191895e-01 5.230279564857482910e-01 6.563399434089660645e-01 9.987750053405761719e-01 3.499197065830230713e-01 -8.845485448837280273e-01 -2.252408266067504883e-01 7.304186820983886719e-01 3.185276687145233154e-01 -4.479205906391143799e-01 -9.775531888008117676e-01 2.747005224227905273e-01 -9.958446621894836426e-01 -8.197209239006042480e-01 8.723133206367492676e-01 -1.787354946136474609e-01 3.602087199687957764e-01 -1.498554199934005737e-01 1.835604943335056305e-02 3.308302462100982666e-01 -3.019016385078430176e-01 -7.139564752578735352e-01 -9.946334958076477051e-01 -5.098705738782882690e-02 9.952789545059204102e-01 -7.733766734600067139e-02 -4.144122004508972168e-01 9.548749327659606934e-01 -9.861996769905090332e-01 6.428343057632446289e-01 9.298460483551025391e-01 9.989590644836425781e-01 3.673401474952697754e-01 7.907589673995971680e-01 5.862869620323181152e-01 2.619742602109909058e-02 -5.695400238037109375e-01 -1.965481638908386230e-01 9.975811243057250977e-01 -1.523667871952056885e-01 7.307214736938476562e-01 -2.034545391798019409e-01 -4.811795055866241455e-01 -6.008867546916007996e-02 -9.804857969284057617e-01 -9.968705773353576660e-01 -5.796209350228309631e-02 -2.576559782028198242e-01 -7.878715544939041138e-02 -9.871587157249450684e-01 -9.976717233657836914e-01 -1.029138192534446716e-01 3.865335285663604736e-01 7.108268141746520996e-02 6.815700326114892960e-03 9.931643605232238770e-01 -2.456454336643218994e-01 -1.250715106725692749e-01 -6.129652261734008789e-01 -9.908819198608398438e-01 3.091829717159271240e-01 1.094539240002632141e-01 1.038564965128898621e-01 1.240631267428398132e-01 -8.228239417076110840e-01 3.807368874549865723e-02 -3.803756237030029297e-01 3.713639378547668457e-01 9.923347234725952148e-01 -1.971461921930313110e-01 3.649876415729522705e-01 -2.218850143253803253e-02 9.873564839363098145e-01 -2.365179210901260376e-01 -2.169881016016006470e-01 -6.479440927505493164e-01 -9.980315566062927246e-01 -2.594903707504272461e-01 -6.430433988571166992e-01 -6.629236936569213867e-01 -4.812606051564216614e-02 -5.834267139434814453e-01 9.958894848823547363e-01 2.714265584945678711e-01 1.695722490549087524e-01 -7.114795446395874023e-01 9.770527482032775879e-01 -5.065338015556335449e-01 9.659263491630554199e-01 -8.618271350860595703e-01 -9.949874877929687500e-01 -3.214479684829711914e-01 -3.077618964016437531e-02 -9.987127184867858887e-01 9.890037775039672852e-01 9.985125660896301270e-01 -9.933919310569763184e-01 3.971873819828033447e-01 1.132918596267700195e-01 6.218392252922058105e-01 -1.118143126368522644e-01 1.883226186037063599e-01 -3.018859326839447021e-01 -3.591380119323730469e-01 -3.278384208679199219e-01 9.533867239952087402e-01 -2.705445885658264160e-01 9.870684742927551270e-01 3.757506310939788818e-01 -9.949509501457214355e-01 2.784326672554016113e-01 4.852305352687835693e-01 7.630757242441177368e-02 -5.657938122749328613e-02 7.053473591804504395e-01 -7.412509322166442871e-01 4.390498995780944824e-01 -9.872044920921325684e-01 -9.772337675094604492e-01 1.242843344807624817e-01 -9.051957130432128906e-01 -8.969281315803527832e-01 4.009679257869720459e-01 -1.798927038908004761e-01 2.644639313220977783e-01 -9.789737462997436523e-01 -9.995217323303222656e-01 -1.191329136490821838e-01 -9.654147624969482422e-01 4.041894972324371338e-01 -9.918347001075744629e-01 4.292351603507995605e-01 -3.934187889099121094e-01 1.909176111221313477e-01 6.154813170433044434e-01 3.244306519627571106e-02 2.192841768264770508e-01 6.998140811920166016e-01 1.081692501902580261e-01 9.977273941040039062e-01 5.917050838470458984e-01 1.662585884332656860e-01 2.400521337985992432e-01 9.006749391555786133e-01 4.138990938663482666e-01 -1.671614050865173340e-01 -9.951288104057312012e-01 1.117976307868957520e-01 9.945192933082580566e-01 9.997127056121826172e-01 9.648511409759521484e-01 9.994916915893554688e-01 -9.986582398414611816e-01 5.728964135050773621e-02 4.040169417858123779e-01 -9.657000899314880371e-01 9.618803858757019043e-01 -4.999101907014846802e-02 3.824168145656585693e-01 -9.769994616508483887e-01 -3.936036825180053711e-01 6.544160842895507812e-01 -9.993984103202819824e-01 9.907913804054260254e-01 8.919389545917510986e-02 2.555135786533355713e-01 5.356166958808898926e-01 2.615609467029571533e-01 4.157629609107971191e-01 -9.377356171607971191e-01 -9.845380187034606934e-01 -7.056591510772705078e-01 -3.165042996406555176e-01 -2.037172764539718628e-01 -2.627484798431396484e-01 -1.000000000000000000e+00 4.820951521396636963e-01 -6.326135993003845215e-01 2.569177448749542236e-01 1.764769405126571655e-01 -5.828614532947540283e-02 1.318332739174365997e-02 -2.462270706892013550e-01 9.993434548377990723e-01 -9.750694036483764648e-01 -2.930635586380958557e-02 1.634135544300079346e-01 -3.505248129367828369e-01 -8.012265712022781372e-02 6.737350225448608398e-01 7.475253343582153320e-01 9.331151843070983887e-01 7.056151330471038818e-02 -1.123129501938819885e-01 -3.229598402976989746e-01 -3.027695119380950928e-01
7.762240767478942871e-01 8.742336034774780273e-01 3.112259805202484131e-01 1.980627179145812988e-01 -3.514639735221862793e-01 -8.190920948982238770e-01 9.981010556221008301e-01 -9.624066352844238281e-01 -2.137751877307891846e-01 -9.430814385414123535e-01 1.368201375007629395e-01 -7.631862163543701172e-01 3.963230252265930176e-01 -7.303362488746643066e-01 -7.006984949111938477e-01 -2.176210731267929077e-01 1.496967226266860962e-01 -1.228266656398773193e-01 -4.428779780864715576e-01 1.344736516475677490e-01 4.398450553417205811e-01 2.163672149181365967e-01 8.585865497589111328e-01 2.716144323348999023e-01 9.993616342544555664e-01 9.691897630691528320e-01 1.507633738219738007e-02 8.075685054063796997e-02 -1.327131390571594238e-01 -5.621137097477912903e-02 9.346477985382080078e-01 -2.283595353364944458e-01 7.652979344129562378e-02 2.765614688396453857e-01 -2.960105836391448975e-01 -4.462896585464477539e-01 -4.120727777481079102e-01 -1.447266191244125366e-01 9.833539724349975586e-01 -4.382068216800689697e-01 3.179792165756225586e-01 -5.352501869201660156e-01 4.125394225120544434e-01 -9.920151829719543457e-01 -1.096580028533935547e-01 8.911212086677551270e-01 -9.891705513000488281e-01 -4.036653339862823486e-01 8.070780038833618164e-01 -3.614182770252227783e-01 -1.646379530429840088e-01 1.238081157207489014e-01 9.902191162109375000e-01 -1.287992447614669800e-01 -7.413740158081054688e-01 1.168202012777328491e-01 2.664660811424255371e-01 -2.384283840656280518e-01 -9.978654980659484863e-01 -4.617284834384918213e-01 -3.586741387844085693e-01 1.814246475696563721e-01 -1.267712116241455078e-01 4.072913900017738342e-02 -7.681214064359664917e-02 -9.937354326248168945e-01 9.918439984321594238e-01 -3.817731440067291260e-01 1.621414273977279663e-01 9.930919408798217773e-01 8.811584711074829102e-01 9.998651146888732910e-01 -9.569746851921081543e-01 -9.232491254806518555e-01 -7.858643531799316406e-01 -2.576837539672851562e-01 4.064151272177696228e-02 -4.410298764705657959e-01 -1.422974318265914917e-01 -4.269165694713592529e-01 -9.554266333580017090e-01 -1.385983228683471680e-01 9.932655692100524902e-01 -6.308401226997375488e-01 2.705383300781250000e-01 -5.101559758186340332e-01 -1.557962000370025635e-01 1.542602181434631348e-01 -3.399432003498077393e-01 2.059555798768997192e-01 -5.441232323646545410e-01 -1.720810532569885254e-01 1.649350821971893311e-01 -9.837011694908142090e-01 -7.408537268638610840e-01 9.240756034851074219e-01 9.461368322372436523e-01 4.470242187380790710e-02 -9.945831298828125000e-01 -1.322167515754699707e-01 -9.036174416542053223e-01 -9.884604215621948242e-01 2.394634634256362915e-01 1.181265804916620255e-02 7.412008196115493774e-02 9.490997530519962311e-03 9.733657240867614746e-01 2.938607335090637207e-01 -1.352849751710891724e-01 6.973311901092529297e-01 -2.556388974189758301e-01 3.161925077438354492e-01 -8.479600548744201660e-01 -6.555674076080322266e-01 -7.646038383245468140e-02 3.451550304889678955e-01 -9.894358515739440918e-01 4.287610352039337158e-01 2.010382153093814850e-02 8.998627662658691406e-01 -7.775113582611083984e-01 1.318343281745910645e-01 -6.561756134033203125e-01 9.924969673156738281e-01 -2.486531585454940796e-01 -1.475936770439147949e-01 -9.874116182327270508e-01 -3.780251145362854004e-01 -2.790773808956146240e-01 -2.482835352420806885e-01 9.977636337280273438e-01 9.655438661575317383e-01 4.122778475284576416e-01 2.428019344806671143e-01 3.849217593669891357e-01 -2.221573740243911743e-01 5.860201716423034668e-01 -8.749406337738037109e-01 -7.021167278289794922e-01 5.833536386489868164e-01 9.975354671478271484e-01 4.386310577392578125e-01 -2.523015737533569336e-01 9.850702285766601562e-01 -3.685551583766937256e-01 1.185632199048995972e-01 -9.807784557342529297e-01 9.392941594123840332e-01 3.359764814376831055e-01 -1.099796891212463379e-01 -4.594493806362152100e-01 1.823714673519134521e-01 3.266859054565429688e-01 -2.481550127267837524e-01 8.198755979537963867e-02 -5.773081183433532715e-01 -5.103563666343688965e-01 1.130777150392532349e-01 -1.571416556835174561e-01 5.136729478836059570e-01 -8.159152418375015259e-02 2.241266816854476929e-01 3.755532503128051758e-01 -5.778696537017822266e-01 9.999715089797973633e-01 -2.304524183273315430e-01 -2.244989126920700073e-01 -5.916514396667480469e-01 9.113289117813110352e-01 -4.194222986698150635e-01 2.545727193355560303e-01 -9.735710024833679199e-01 -9.991089105606079102e-01 -8.303679525852203369e-02 -9.418366849422454834e-02 2.616976201534271240e-01 4.724363982677459717e-01 1.091944202780723572e-01 9.721613526344299316e-01 9.939927458763122559e-01 5.308268666267395020e-01 -1.955630183219909668e-01 9.976235628128051758e-01 -4.087367057800292969e-01 9.203931689262390137e-01 -9.967426061630249023e-01 -7.171837091445922852e-01 6.112507730722427368e-02 4.941917359828948975e-01 5.630628466606140137e-01 9.693965315818786621e-01 -9.737132787704467773e-01 -5.190106630325317383e-01 1.750092208385467529e-02 9.925726652145385742e-01 -4.618432000279426575e-02 -6.703706979751586914e-01 -5.376541018486022949e-01 -2.017960250377655029e-01 -1.000696793198585510e-04 1.041053533554077148e-01 -4.310800135135650635e-01 -5.293052196502685547e-01 3.595761954784393311e-02 5.017054826021194458e-02 -4.681208431720733643e-01 -5.686994269490242004e-02 9.732237458229064941e-01 9.856331348419189453e-01 -4.024406075477600098e-01 -8.571728467941284180e-01 9.588351845741271973e-01 1.236047819256782532e-01 5.155513882637023926e-01 8.069339394569396973e-01 -2.195774167776107788e-01 -3.943114578723907471e-01 3.468067049980163574e-01 3.470873460173606873e-02 -4.763459563255310059e-01 2.240674495697021484e-01 2.733773924410343170e-02 -9.843553900718688965e-01 -1.130899135023355484e-02 -8.409401178359985352e-01 9.043744802474975586e-01 -7.909588813781738281e-01 -2.524813413619995117e-01 4.440080225467681885e-01 9.850786328315734863e-01 7.968497276306152344e-02 6.864523887634277344e-02 -3.289440870285034180e-01 5.255754590034484863e-01 7.699863314628601074e-01 -7.885190658271312714e-03 -1.947109699249267578e-01 -2.289396226406097412e-01 4.138875603675842285e-01 -2.416538894176483154e-01 9.590471386909484863e-01 9.999223351478576660e-01 -3.752039372920989990e-01 8.521296977996826172e-01 9.402336478233337402e-01 2.595026791095733643e-01 9.939907193183898926e-01 2.122867405414581299e-01 6.764013767242431641e-01 2.420586347579956055e-02 2.808056175708770752e-01 9.575662761926651001e-02 -1.728140860795974731e-01 1.319859176874160767e-01 9.643503427505493164e-01 6.997889280319213867e-02 -6.926218420267105103e-02 -9.769827723503112793e-01 -7.273736000061035156e-01 8.165184855461120605e-01 -4.572239220142364502e-01 -8.289896845817565918e-01 1.338261216878890991e-01 -9.757305979728698730e-01 2.227426022291183472e-01 9.822524189949035645e-01 8.382570743560791016e-01 -9.936279654502868652e-01 -1.019931137561798096e-01 5.317118391394615173e-02 9.973333477973937988e-01 -1.423348039388656616e-01 -9.273409843444824219e-01 9.978428483009338379e-01 -5.403608679771423340e-01 -9.062700271606445312e-01 9.848912954330444336e-01 5.344461202621459961e-01 7.678290009498596191e-01 9.824795275926589966e-02 -9.946985244750976562e-01 -6.468881964683532715e-01 7.721468061208724976e-02 9.629462957382202148e-01 9.995288848876953125e-01 -3.553589880466461182e-01 2.871219515800476074e-01 2.224426567554473877e-01 -9.649966955184936523e-01 -9.998650550842285156e-01 -9.690355658531188965e-01 3.469391465187072754e-01 2.064008265733718872e-01 8.093795776367187500e-01 8.681321740150451660e-01 -9.976866245269775391e-01 -2.181581705808639526e-01 9.635267257690429688e-01 -1.634705960750579834e-01 9.060675501823425293e-01 9.725347161293029785e-01 -9.980809092521667480e-01 3.837283849716186523e-01 8.969869017601013184e-01 -1.622891873121261597e-01 5.223762989044189453e-01 2.486075013875961304e-01 9.994654655456542969e-01 -6.230313181877136230e-01 3.636643886566162109e-01 -2.740698456764221191e-01 -5.424370169639587402e-01 3.221164941787719727e-01 9.953773021697998047e-01 5.977555513381958008e-01 -1.319122910499572754e-01 -4.936880618333816528e-02 1.989133507013320923e-01 1.217383071780204773e-01 9.658308625221252441e-01 1.368955671787261963e-01 -9.849387407302856445e-01 -6.514016538858413696e-02 -9.503026008605957031e-01 1.788822114467620850e-01 -3.573261499404907227e-01 -9.566145539283752441e-01 -2.067216634750366211e-01 -3.038072288036346436e-01 -2.942053675651550293e-01 9.792433977127075195e-01 6.591596454381942749e-02 2.305573523044586182e-01 -3.147147595882415771e-01 2.421146482229232788e-01 7.711797952651977539e-02 -3.413946926593780518e-01 -3.078136742115020752e-01 -5.079109072685241699e-01 1.833805292844772339e-01 9.929378628730773926e-01 -1.490034013986587524e-01 -5.259452462196350098e-01 9.973981380462646484e-01 -3.695899248123168945e-01 8.287502527236938477e-01 5.926818847656250000e-01 9.932669401168823242e-01 1.171083450317382812e-01 6.947205066680908203e-01 5.636985301971435547e-01 -4.121218994259834290e-02 9.922795891761779785e-01 -3.247800767421722412e-01 -1.335390098392963409e-02 -2.763976156711578369e-01 4.566763639450073242e-01 -1.240033283829689026e-01 -9.581340104341506958e-02 7.464376091957092285e-02 -4.733494222164154053e-01 1.667306423187255859e-01 -4.130641818046569824e-01 -6.555692106485366821e-02 -1.057651191949844360e-01 -8.990233540534973145e-01 4.378175362944602966e-02 7.299362421035766602e-01 4.429447352886199951e-01 5.544918775558471680e-01 -6.337022781372070312e-02 9.259647130966186523e-01 -4.472560584545135498e-01 2.963917851448059082e-01 5.615611076354980469e-01 -9.983531832695007324e-01 1.055455282330513000e-01 3.959416747093200684e-01 -1.403905302286148071e-01 2.129702456295490265e-02 -6.356443762779235840e-01 4.349403828382492065e-02 -9.957746863365173340e-01 1.547801401466131210e-02 9.611417651176452637e-01 8.191195726394653320e-01 5.324712395668029785e-01 -1.385707557201385498e-01 4.726621806621551514e-01 -2.788420319557189941e-01 -4.145312905311584473e-01 -7.372361421585083008e-01 -9.990848898887634277e-01 -1.353237777948379517e-01 5.140673741698265076e-02 -3.042030334472656250e-01 -3.614482581615447998e-01 -5.170791149139404297e-01 9.926198720932006836e-01 -1.704461723566055298e-01 1.912927776575088501e-01 -8.222606778144836426e-01 6.462949514389038086e-01 -4.949270188808441162e-01 6.054562330245971680e-01 -9.987789988517761230e-01 -3.043257594108581543e-01 -2.241027206182479858e-01 4.384555295109748840e-02 -9.926124811172485352e-01 3.659102916717529297e-01 9.860152006149291992e-01 -9.936055541038513184e-01 5.902590975165367126e-02 -7.934491634368896484e-01 1.981203854084014893e-01 3.075624108314514160e-01 -7.041655778884887695e-01 -8.664649128913879395e-01 -3.713962137699127197e-01 -4.115128815174102783e-01 9.251526594161987305e-01 5.687608197331428528e-02 7.071136236190795898e-01 4.894223809242248535e-01 -9.902880191802978516e-01 1.906480491161346436e-01 5.347673892974853516e-01 -6.415101885795593262e-02 -1.051992699503898621e-01 3.766803741455078125e-01 -9.998043179512023926e-01 8.935962915420532227e-01 -9.997937679290771484e-01 -9.562928080558776855e-01 4.567061066627502441e-01 -7.796003818511962891e-01 5.626843124628067017e-02 3.263984024524688721e-01 -3.617600202560424805e-01 2.665507793426513672e-01 -9.939245581626892090e-01 -9.905786514282226562e-01 5.177226662635803223e-01 -9.946944117546081543e-01 -8.229847550392150879e-01 -9.924316406250000000e-01 2.768309414386749268e-01 -9.833661466836929321e-02 -5.626422539353370667e-02 5.221896767616271973e-01 2.768106199800968170e-02 2.375629357993602753e-02 9.242478013038635254e-01 3.156775236129760742e-01 8.857696652412414551e-01 6.593856811523437500e-01 3.471287488937377930e-01 1.999757997691631317e-02 9.431690573692321777e-01 -6.168665885925292969e-01 3.365764319896697998e-01 -9.782161116600036621e-01 9.005643427371978760e-02 2.133016139268875122e-01 9.975470304489135742e-01 3.506168425083160400e-01 9.721280336380004883e-01 -9.980937242507934570e-01 -4.290748834609985352e-01 4.056739211082458496e-01 -6.903690099716186523e-01 7.449247837066650391e-01 -1.619920581579208374e-01 4.409754872322082520e-01 -9.714037179946899414e-01 -6.140648722648620605e-01 4.228754043579101562e-01 -9.727640151977539062e-01 9.578065872192382812e-01 -2.698746323585510254e-01 3.882180154323577881e-01 6.000893712043762207e-01 2.342659384012222290e-01 3.023409545421600342e-01 -8.850311040878295898e-01 -3.180334866046905518e-01 -5.215528011322021484e-01 -1.843361109495162964e-01 1.704333126544952393e-01 -1.162596419453620911e-02 -9.999946355819702148e-01 -3.794829845428466797e-01 -4.272966980934143066e-01 2.789015173912048340e-01 -1.743321120738983154e-01 3.918936476111412048e-02 3.847838938236236572e-01 6.270067095756530762e-01 9.996357560157775879e-01 -9.790984392166137695e-01 8.709365129470825195e-02 1.602689921855926514e-01 7.247147709131240845e-02 2.910603284835815430e-01 -7.757271528244018555e-01 6.519753932952880859e-01 9.515681266784667969e-01 4.147549867630004883e-01 2.127140611410140991e-01 -1.579097062349319458e-01 -9.751054644584655762e-01
-6.274134516716003418e-01 9.569100141525268555e-01 7.882777601480484009e-02 5.031685903668403625e-02 -1.926929205656051636e-01 1.463298350572586060e-01 9.981887936592102051e-01 -9.983674287796020508e-01 1.380238831043243408e-01 -9.834346771240234375e-01 2.910659015178680420e-01 -6.971889138221740723e-01 -9.439075589179992676e-01 -9.430928230285644531e-01 5.127248167991638184e-01 1.618546843528747559e-01 -1.343393027782440186e-01 2.169212251901626587e-01 -6.418262124061584473e-01 -3.950909972190856934e-01 -1.795262247323989868e-01 8.314928412437438965e-02 9.952287673950195312e-01 9.968035221099853516e-01 9.829973578453063965e-01 9.572354555130004883e-01 -5.374937057495117188e-01 -2.393974065780639648e-01 2.359258532524108887e-01 -9.962671399116516113e-01 9.972847700119018555e-01 3.901818096637725830e-01 1.287297159433364868e-01 1.623526215553283691e-01 -9.714915752410888672e-01 -3.720608055591583252e-01 -6.478248834609985352e-01 4.436503350734710693e-02 9.848889708518981934e-01 -2.801015973091125488e-01 3.762738108634948730e-01 -1.906891465187072754e-01 3.402395918965339661e-02 -9.821709394454956055e-01 3.506949841976165771e-01 -3.660662472248077393e-01 -7.218011617660522461e-01 2.943189144134521484e-01 9.594985246658325195e-01 -2.351266145706176758e-01 -2.965208888053894043e-01 -5.880118533968925476e-02 9.964343905448913574e-01 -2.473165392875671387e-01 -9.803331494331359863e-01 -1.729347854852676392e-01 -3.803820312023162842e-01 -2.853207290172576904e-01 -9.952101707458496094e-01 -4.042988177388906479e-03 -2.099270522594451904e-01 4.195124208927154541e-01 9.934083819389343262e-01 -3.224614309147000313e-03 5.355841293931007385e-02 -9.985629916191101074e-01 9.987499713897705078e-01 -9.156638979911804199e-01 2.465522885322570801e-01 9.843007922172546387e-01 9.404356479644775391e-01 9.732078313827514648e-01 -9.723405838012695312e-01 -9.506980180740356445e-01 -9.918282032012939453e-01 -3.383530080318450928e-01 -2.687689289450645447e-02 -9.372028112411499023e-01 -3.325181547552347183e-03 1.734968647360801697e-02 -9.849914312362670898e-01 4.737767279148101807e-01 9.928759336471557617e-01 7.915849685668945312e-01 -9.716621637344360352e-01 -9.476564526557922363e-01 3.411702215671539307e-01 4.168526530265808105e-01 5.079607963562011719e-01 -2.060086429119110107e-01 8.511011004447937012e-01 2.193498797714710236e-02 4.467355608940124512e-01 -9.951989650726318359e-01 -9.585005044937133789e-01 8.854235410690307617e-01 9.896302819252014160e-01 2.027918994426727295e-01 -9.997788667678833008e-01 -2.706777155399322510e-01 -8.910357356071472168e-01 -9.950092434883117676e-01 -3.979906439781188965e-01 -2.987688407301902771e-02 1.847484856843948364e-01 5.699802935123443604e-02 9.895848035812377930e-01 2.602307498455047607e-01 -1.427804082632064819e-01 -8.581138849258422852e-01 -1.630560681223869324e-02 -2.367228418588638306e-01 -6.754757165908813477e-01 8.005926012992858887e-01 -3.727740347385406494e-01 1.898776181042194366e-02 -9.744139313697814941e-01 -6.179938316345214844e-01 -1.750052124261856079e-01 9.888080954551696777e-01 -9.108489751815795898e-01 2.670024931430816650e-01 -6.854086518287658691e-01 -6.401421427726745605e-01 7.341369986534118652e-02 -3.512476384639739990e-01 -9.577932357788085938e-01 -8.566766232252120972e-02 -3.413989543914794922e-01 -3.337156474590301514e-01 7.129366993904113770e-01 8.310722708702087402e-01 5.974928140640258789e-01 4.008311927318572998e-01 -3.509686589241027832e-01 2.347599864006042480e-01 9.959502816200256348e-01 5.410385131835937500e-02 -9.641140699386596680e-01 1.747157126665115356e-01 9.998113512992858887e-01 -1.892497390508651733e-01 -2.565416991710662842e-01 9.978324174880981445e-01 2.608183920383453369e-01 -8.795136213302612305e-01 -6.362466812133789062e-01 8.397604227066040039e-01 -9.576212167739868164e-01 -2.354231029748916626e-01 -1.046528592705726624e-01 1.519271880388259888e-01 9.616384506225585938e-01 2.601092457771301270e-01 8.571400493383407593e-02 -8.142995834350585938e-02 9.854158759117126465e-01 4.231116771697998047e-01 3.742706179618835449e-01 -2.816680073738098145e-02 -1.550651639699935913e-01 -7.001477060839533806e-04 -7.843996584415435791e-02 -5.049637556076049805e-01 9.998828768730163574e-01 -2.541685849428176880e-02 4.175007343292236328e-01 3.405793756246566772e-02 9.846822619438171387e-01 9.869604110717773438e-01 1.604068428277969360e-01 -7.702574729919433594e-01 -9.919250607490539551e-01 9.950597286224365234e-01 1.945355236530303955e-01 -2.817807793617248535e-01 9.028984308242797852e-01 -4.667260870337486267e-02 9.421287178993225098e-01 6.172615289688110352e-01 9.282641410827636719e-01 -2.726220153272151947e-02 9.973630309104919434e-01 8.992585539817810059e-01 9.777735471725463867e-01 -9.927005767822265625e-01 -6.982063055038452148e-01 -9.366152882575988770e-01 3.008329272270202637e-01 9.402768611907958984e-01 9.990399479866027832e-01 -9.848557114601135254e-01 1.210311129689216614e-01 -5.244413763284683228e-02 9.483139514923095703e-01 2.380822896957397461e-01 -9.627197980880737305e-01 9.283142685890197754e-01 -9.086479544639587402e-01 4.308985918760299683e-02 1.856426522135734558e-02 -2.913790643215179443e-01 -9.972864985466003418e-01 -1.061642393469810486e-01 -1.545268893241882324e-01 7.009798884391784668e-01 2.022427767515182495e-01 9.947655797004699707e-01 6.917479038238525391e-01 -1.149930283427238464e-01 -9.532045722007751465e-01 9.899988174438476562e-01 2.657753601670265198e-02 4.583841562271118164e-01 -7.209521532058715820e-01 -3.193682134151458740e-01 -9.492413401603698730e-01 7.523346543312072754e-01 -9.947636723518371582e-01 -1.920183151960372925e-01 8.486109972000122070e-02 1.096651107072830200e-01 -4.314501583576202393e-01 -1.595708727836608887e-02 -9.484513998031616211e-01 5.971355438232421875e-01 1.080884039402008057e-01 5.841423198580741882e-02 -3.300688415765762329e-02 9.480195641517639160e-01 2.884287834167480469e-01 -1.050332486629486084e-01 -5.912551656365394592e-02 1.451142728328704834e-01 8.463486433029174805e-01 2.474037557840347290e-01 -3.838182389736175537e-01 5.127561092376708984e-02 4.115465581417083740e-01 8.161845058202743530e-02 9.766916036605834961e-01 9.996352791786193848e-01 9.824805855751037598e-01 5.997776985168457031e-01 -6.805339455604553223e-01 4.231020808219909668e-01 9.343846440315246582e-01 2.131905257701873779e-01 6.320483684539794922e-01 1.947784572839736938e-01 2.855169773101806641e-01 -1.891517788171768188e-01 -5.240704417228698730e-01 8.889340609312057495e-02 9.934085607528686523e-01 2.995918095111846924e-01 -5.550082325935363770e-01 -9.415363669395446777e-01 -9.872387647628784180e-01 8.451614379882812500e-01 -2.023809850215911865e-01 -4.943171441555023193e-01 -4.756321385502815247e-02 -9.421405196189880371e-01 -8.151739090681076050e-02 5.326044559478759766e-01 9.811506867408752441e-01 -9.869194030761718750e-01 7.172925025224685669e-02 3.204820454120635986e-01 9.990102052688598633e-01 1.174822673201560974e-01 -7.728791236877441406e-01 9.995698332786560059e-01 -5.617731809616088867e-01 -7.633414864540100098e-01 9.853630065917968750e-01 -6.576679646968841553e-02 7.750194072723388672e-01 4.703306853771209717e-01 -9.075894951820373535e-01 -9.793708920478820801e-01 -5.537243485450744629e-01 9.980871677398681641e-01 9.996967315673828125e-01 -2.114766836166381836e-01 2.670208215713500977e-01 3.519937396049499512e-01 -9.674152135848999023e-01 -9.996448159217834473e-01 -9.995084404945373535e-01 -1.754317283630371094e-01 -6.932839006185531616e-02 7.621735930442810059e-01 -5.644988417625427246e-01 -9.982203245162963867e-01 -2.782478332519531250e-01 1.993272155523300171e-01 2.195816189050674438e-01 9.799495339393615723e-01 9.959949254989624023e-01 -9.914188981056213379e-01 9.589419364929199219e-01 9.752187132835388184e-01 3.370077908039093018e-02 2.820192277431488037e-01 6.308998912572860718e-02 9.424532651901245117e-01 7.623358964920043945e-01 -1.317535340785980225e-01 3.919080495834350586e-01 -7.453038692474365234e-01 1.671051047742366791e-02 9.881529808044433594e-01 7.617813348770141602e-01 1.498824823647737503e-02 1.314759403467178345e-01 1.782972663640975952e-01 2.091900855302810669e-01 9.991610646247863770e-01 -1.626242846250534058e-01 -9.188250303268432617e-01 -3.501913249492645264e-01 -5.948973298072814941e-01 -2.257582247257232666e-01 -2.726364731788635254e-01 -9.169418811798095703e-01 -5.280994176864624023e-01 9.872241020202636719e-01 8.383684605360031128e-02 9.997047781944274902e-01 1.786833070218563080e-02 -3.343792259693145752e-01 9.470483064651489258e-01 4.699102640151977539e-01 -2.913947449997067451e-03 1.170459687709808350e-01 -8.020835518836975098e-01 9.663022160530090332e-01 1.358582377433776855e-01 9.182984232902526855e-01 1.597951650619506836e-01 -4.270886480808258057e-01 9.667922854423522949e-01 -5.502067804336547852e-01 -2.822443544864654541e-01 -9.135541319847106934e-01 9.991377592086791992e-01 1.261570602655410767e-01 7.797931432723999023e-01 5.937848091125488281e-01 8.520910143852233887e-02 9.882189035415649414e-01 9.582514315843582153e-02 -9.956374764442443848e-01 2.069092541933059692e-01 -9.891574382781982422e-01 -3.951175510883331299e-01 5.965160578489303589e-02 4.703380763530731201e-01 -9.812250137329101562e-01 9.967096447944641113e-01 1.527745425701141357e-01 3.679457604885101318e-01 4.565282166004180908e-01 -9.668591618537902832e-01 9.964067935943603516e-01 8.795765638351440430e-01 9.054769761860370636e-03 1.817046254873275757e-01 1.382352262735366821e-01 8.536573648452758789e-01 -2.422487884759902954e-01 3.838359713554382324e-01 9.884583353996276855e-01 -9.956397414207458496e-01 2.537021040916442871e-01 -1.420583128929138184e-01 1.080361232161521912e-01 -1.808414049446582794e-02 -6.145889759063720703e-01 -3.892107307910919189e-01 -9.936054348945617676e-01 2.187352860346436501e-03 8.666056990623474121e-01 6.113040447235107422e-01 2.103789746761322021e-01 -1.730765998363494873e-01 -8.005725741386413574e-01 -1.238158997148275375e-02 -1.113628521561622620e-01 7.705715894699096680e-01 -9.992015957832336426e-01 -2.966082692146301270e-01 -1.805620938539505005e-01 3.073208034038543701e-01 -2.914981842041015625e-01 -5.638075470924377441e-01 9.983158111572265625e-01 -2.985101044178009033e-01 -4.063392281532287598e-01 -9.683579802513122559e-01 -9.829211235046386719e-01 -1.487969309091567993e-01 9.411136507987976074e-01 -9.774022698402404785e-01 9.909222722053527832e-01 1.655827648937702179e-02 1.980462372303009033e-01 -9.630382657051086426e-01 -8.944689035415649414e-01 6.202772855758666992e-01 -9.998022913932800293e-01 -5.034486297518014908e-03 -6.122936010360717773e-01 2.275072932243347168e-01 -1.369933318346738815e-02 -9.940389394760131836e-01 -9.745935797691345215e-01 -9.407827854156494141e-01 -1.927658915519714355e-01 9.789243936538696289e-01 1.223461404442787170e-01 8.901206851005554199e-01 5.045035481452941895e-01 -9.960263371467590332e-01 4.139702618122100830e-01 1.102559268474578857e-01 1.483922600746154785e-01 -4.354832470417022705e-01 1.379189193248748779e-01 -9.811122417449951172e-01 9.924410581588745117e-01 -9.991807937622070312e-01 -9.153345227241516113e-01 -1.091186478734016418e-01 -7.674008011817932129e-01 9.807395339012145996e-01 -2.789768874645233154e-01 1.934296190738677979e-01 -3.226164877414703369e-01 -9.424142241477966309e-01 -9.890723228454589844e-01 1.606591641902923584e-01 -9.988275170326232910e-01 -9.865845441818237305e-01 -9.921057820320129395e-01 -1.595381498336791992e-01 1.102727651596069336e-01 1.815374642610549927e-01 9.090843796730041504e-02 6.119069084525108337e-02 -1.802737638354301453e-02 9.931219220161437988e-01 2.532745003700256348e-01 9.881220012903213501e-02 2.697348892688751221e-01 1.850092113018035889e-01 -4.808468818664550781e-01 9.742585420608520508e-01 -7.609727978706359863e-01 2.341906130313873291e-01 -9.842580556869506836e-01 8.735973387956619263e-03 -9.854574203491210938e-01 9.898064732551574707e-01 -1.018808484077453613e-01 6.548373103141784668e-01 -9.992630481719970703e-01 -4.279486835002899170e-01 3.090636730194091797e-01 -5.115335583686828613e-01 -8.928554058074951172e-01 1.834052950143814087e-01 3.240372985601425171e-02 -4.485080540180206299e-01 -9.744169712066650391e-01 4.338095188140869141e-01 -5.678393244743347168e-01 9.400876760482788086e-01 1.456392109394073486e-01 3.202753365039825439e-01 3.016029000282287598e-01 1.810639500617980957e-01 -2.599026262760162354e-01 -8.433887362480163574e-01 7.550641894340515137e-02 -9.319742769002914429e-02 1.214504987001419067e-02 -8.369744569063186646e-02 -1.751435846090316772e-01 -9.999619126319885254e-01 8.780527710914611816e-01 -8.002231717109680176e-01 2.067584246397018433e-01 8.470515906810760498e-02 -9.514728933572769165e-02 -8.807935565710067749e-02 -4.502235949039459229e-01 9.996328949928283691e-01 -7.504871487617492676e-01 1.722207665443420410e-01 5.289819240570068359e-01 -2.535711824893951416e-01 -1.678320467472076416e-01 -6.997472047805786133e-01 9.553446173667907715e-01 -9.736263751983642578e-01 -7.447256147861480713e-02 3.385749757289886475e-01 -3.230199813842773438e-01 -9.940261840820312500e-01
3.267089426517486572e-01 4.897922873497009277e-01 2.119533866643905640e-01 2.133965343236923218e-01 -2.054096460342407227e-01 3.356544673442840576e-01 9.981061816215515137e-01 -9.983396530151367188e-01 -4.247412085533142090e-01 -9.484671354293823242e-01 -6.602273136377334595e-02 -9.937788248062133789e-01 -9.219333529472351074e-01 -8.608149886131286621e-01 5.100891739130020142e-02 1.369716823101043701e-01 -1.546245515346527100e-01 -3.701784610748291016e-01 -5.392684936523437500e-01 9.759698808193206787e-02 2.371812462806701660e-01 3.679742813110351562e-01 9.796687364578247070e-01 3.912769854068756104e-01 9.979390501976013184e-01 9.983221888542175293e-01 -3.622246086597442627e-01 -3.186619877815246582e-01 -8.800654113292694092e-02 1.466678828001022339e-01 9.741826653480529785e-01 1.879205405712127686e-01 2.153024524450302124e-01 -2.212122827768325806e-01 -9.670402407646179199e-01 2.651198022067546844e-02 -2.959569990634918213e-01 -2.926042973995208740e-01 9.998521804809570312e-01 -2.328873723745346069e-01 -9.901691228151321411e-02 -5.184570550918579102e-01 3.153705596923828125e-01 -9.988064765930175781e-01 4.442273676395416260e-01 5.630033612251281738e-01 -9.996637701988220215e-01 -3.138045966625213623e-01 4.749598503112792969e-01 -6.453797221183776855e-01 8.443159610033035278e-02 -2.194349914789199829e-01 9.872558116912841797e-01 -1.239335611462593079e-01 -2.673788070678710938e-01 3.099774420261383057e-01 6.393407285213470459e-02 -1.979688256978988647e-01 -9.947866797447204590e-01 -5.734487771987915039e-01 -2.918094694614410400e-01 -3.310892358422279358e-02 4.243832230567932129e-01 2.527162618935108185e-02 -2.567416056990623474e-02 -9.993534088134765625e-01 9.995611906051635742e-01 -1.004817262291908264e-01 5.520521849393844604e-02 9.994999170303344727e-01 9.841307401657104492e-01 9.999964833259582520e-01 -9.494902491569519043e-01 -9.878548979759216309e-01 -8.881679177284240723e-01 -2.381563186645507812e-01 -3.284223973751068115e-01 -2.559624016284942627e-01 6.517976522445678711e-02 -2.923794090747833252e-01 -9.923530817031860352e-01 -3.500704765319824219e-01 9.484761953353881836e-01 4.098427295684814453e-01 4.202161133289337158e-01 -7.763714790344238281e-01 7.997883856296539307e-02 5.081403851509094238e-01 -7.129792869091033936e-02 -5.738136172294616699e-02 -6.403834223747253418e-01 8.867738395929336548e-02 4.798963367938995361e-01 -9.953975081443786621e-01 -9.463447928428649902e-01 9.988558292388916016e-01 9.176728129386901855e-01 -1.400049030780792236e-01 -9.998887181282043457e-01 -8.153185993432998657e-02 -7.650411725044250488e-01 -9.910759329795837402e-01 -4.270388185977935791e-01 -1.285141259431838989e-01 9.560147672891616821e-02 2.115981429815292358e-01 9.760237336158752441e-01 1.609583795070648193e-01 -3.837116360664367676e-01 -4.671167433261871338e-01 1.205707201734185219e-03 3.769920393824577332e-02 -1.808828860521316528e-01 -8.003731369972229004e-01 -1.087907552719116211e-01 1.825949549674987793e-01 -9.794205427169799805e-01 -2.067518383264541626e-01 2.090995013713836670e-01 8.828778266906738281e-01 -9.672553539276123047e-01 -2.146606594324111938e-01 -9.808464646339416504e-01 -9.804764389991760254e-01 -4.670797884464263916e-01 2.995860278606414795e-01 -9.929999709129333496e-01 -1.675079911947250366e-01 -2.747329473495483398e-01 -1.854761093854904175e-01 9.917876720428466797e-01 7.746529579162597656e-01 5.746822357177734375e-01 -9.753227233886718750e-02 3.807966709136962891e-01 -9.714398980140686035e-01 9.157838225364685059e-01 -9.602040648460388184e-01 -9.961907863616943359e-01 4.637041985988616943e-01 8.701167106628417969e-01 3.403117954730987549e-01 -3.885729610919952393e-01 6.454704999923706055e-01 -3.775522708892822266e-01 1.633512377738952637e-01 -9.918243885040283203e-01 9.096711874008178711e-01 -8.605772852897644043e-01 -2.390480935573577881e-01 -1.336987013928592205e-03 -3.964783549308776855e-01 -1.946988701820373535e-01 -7.882166504859924316e-01 5.152747631072998047e-01 -3.740067481994628906e-01 3.680877685546875000e-01 -8.742140531539916992e-01 5.024856925010681152e-01 3.731293976306915283e-01 -3.856851160526275635e-01 3.288673758506774902e-01 -3.609776496887207031e-02 -7.937828302383422852e-01 9.999702572822570801e-01 -1.597898155450820923e-01 -1.800832599401473999e-01 -4.749208688735961914e-01 9.418179392814636230e-01 9.936429858207702637e-01 3.594077825546264648e-01 -9.280005693435668945e-01 -9.877957701683044434e-01 -1.266491115093231201e-01 -3.478762507438659668e-01 3.210435509681701660e-01 7.181443274021148682e-02 1.734476685523986816e-01 9.984290003776550293e-01 4.123851954936981201e-01 9.816964864730834961e-01 8.745919913053512573e-02 9.983841180801391602e-01 3.196789026260375977e-01 9.586049318313598633e-01 -9.641548991203308105e-01 -9.988083839416503906e-01 -8.546223044395446777e-01 5.720814466476440430e-01 -1.488458514213562012e-01 9.550744891166687012e-01 -7.060909867286682129e-01 9.807470440864562988e-01 -2.278692126274108887e-01 9.821269512176513672e-01 -2.328478991985321045e-01 7.260828614234924316e-01 -8.490047454833984375e-01 -9.338608980178833008e-01 -2.761831283569335938e-01 -1.377944350242614746e-01 -2.617752552032470703e-01 -6.911351084709167480e-01 2.152944803237915039e-01 2.088763713836669922e-01 7.874122262001037598e-01 -3.139740228652954102e-01 9.990633130073547363e-01 9.258315563201904297e-01 1.978075318038463593e-02 -9.467440843582153320e-01 8.842260241508483887e-01 -8.668681979179382324e-02 3.825210630893707275e-01 8.280134201049804688e-01 -7.226766347885131836e-01 -7.525957226753234863e-01 -4.431154429912567139e-01 1.297565102577209473e-01 -1.657945364713668823e-01 -5.343313813209533691e-01 -1.051350831985473633e-01 -8.517252206802368164e-01 4.011659622192382812e-01 -9.550988078117370605e-01 8.157628774642944336e-01 -9.822429418563842773e-01 4.176632165908813477e-01 -9.540904760360717773e-01 9.801377058029174805e-01 1.338679641485214233e-01 2.899546921253204346e-01 -2.650747895240783691e-01 1.799632608890533447e-01 9.900318980216979980e-01 3.512022793292999268e-01 -6.764076352119445801e-01 -2.495171688497066498e-02 1.433894336223602295e-01 -1.705566793680191040e-01 7.219161987304687500e-01 9.977983236312866211e-01 -7.515410333871841431e-02 9.984045028686523438e-01 6.474933624267578125e-01 2.986350357532501221e-01 9.881601333618164062e-01 -2.225005328655242920e-01 4.976566433906555176e-01 -5.126098915934562683e-02 2.650736868381500244e-01 -2.010437846183776855e-01 -2.570935487747192383e-01 4.443747103214263916e-01 9.999334812164306641e-01 -2.241193950176239014e-01 -2.079280018806457520e-01 -9.511226415634155273e-01 -8.597750663757324219e-01 4.777192771434783936e-01 -5.922132730484008789e-01 -5.756483674049377441e-01 4.172049164772033691e-01 -1.009864807128906250e-01 -1.313469558954238892e-01 9.564656019210815430e-01 9.954206347465515137e-01 -9.954748749732971191e-01 -1.505924761295318604e-01 3.880802690982818604e-01 9.677698612213134766e-01 -2.050535380840301514e-01 -9.248060584068298340e-01 9.996991753578186035e-01 -6.713879704475402832e-01 -7.617381811141967773e-01 9.923861026763916016e-01 3.417164683341979980e-01 7.473977804183959961e-01 -3.455011546611785889e-01 -7.923278212547302246e-01 -9.909448623657226562e-01 8.893319368362426758e-01 9.972646832466125488e-01 9.957471489906311035e-01 -4.193298816680908203e-01 5.464316010475158691e-01 2.488691508769989014e-01 -9.918563365936279297e-01 -9.999840259552001953e-01 -9.943317770957946777e-01 6.310081481933593750e-01 5.596155524253845215e-01 -8.638837933540344238e-01 6.533508896827697754e-01 -9.993520379066467285e-01 -3.812663555145263672e-01 9.815905094146728516e-01 -1.590329855680465698e-01 9.930094480514526367e-01 9.999157786369323730e-01 -9.777262210845947266e-01 -1.358797103166580200e-01 9.944482445716857910e-01 -2.323226183652877808e-01 5.827625393867492676e-01 1.611648872494697571e-02 9.946613907814025879e-01 -9.500855207443237305e-02 3.149398267269134521e-01 3.188686668872833252e-01 -8.056277632713317871e-01 2.112451791763305664e-01 9.984689354896545410e-01 2.335173189640045166e-01 -3.632543981075286865e-01 -4.848686978220939636e-02 5.783272385597229004e-01 3.019588589668273926e-01 9.950536489486694336e-01 3.463315367698669434e-01 -8.457376360893249512e-01 -2.259699441492557526e-02 -9.095171093940734863e-01 -2.545051574707031250e-01 -5.460603833198547363e-01 -9.953750371932983398e-01 -4.426199793815612793e-01 -5.175883769989013672e-01 7.431368231773376465e-01 8.460236787796020508e-01 -2.735622823238372803e-01 8.090879023075103760e-02 4.657027125358581543e-01 4.472124278545379639e-01 -5.033023655414581299e-02 -6.612434517592191696e-03 -9.613506197929382324e-01 -1.198078468441963196e-01 6.611338853836059570e-01 7.666571736335754395e-01 -1.951252669095993042e-01 -2.034189999103546143e-01 7.221558094024658203e-01 -8.893503546714782715e-01 6.969627141952514648e-01 2.505881190299987793e-01 9.930377602577209473e-01 1.376590281724929810e-01 8.256899714469909668e-01 3.630430102348327637e-01 -3.620251119136810303e-01 2.965033650398254395e-01 -2.397068589925765991e-01 1.668112128973007202e-01 1.743053942918777466e-01 -4.113574624061584473e-01 -3.914225101470947266e-01 -4.020451009273529053e-01 -1.614425703883171082e-02 -9.780988693237304688e-01 -9.215503185987472534e-02 -5.167075991630554199e-01 -2.330987006425857544e-01 -5.281464383006095886e-02 -9.307850003242492676e-01 -9.439917653799057007e-02 5.915117859840393066e-01 1.126560717821121216e-01 7.000343799591064453e-01 -3.451559543609619141e-01 9.704973101615905762e-01 -2.606649100780487061e-01 3.261490464210510254e-01 8.419896960258483887e-01 -9.982985258102416992e-01 2.660683989524841309e-01 -1.162231639027595520e-01 -2.786434292793273926e-01 3.032040297985076904e-01 2.279357761144638062e-01 7.521981745958328247e-02 -9.999116063117980957e-01 3.978771269321441650e-01 8.931571841239929199e-01 -2.635645568370819092e-01 4.176065027713775635e-01 -1.540108323097229004e-01 -1.890966743230819702e-01 -3.698379099369049072e-01 -4.530874192714691162e-01 8.770222663879394531e-01 -9.999381899833679199e-01 -1.495439708232879639e-01 -3.899145424365997314e-01 -4.937472939491271973e-01 1.645996607840061188e-02 -5.433012247085571289e-01 7.145954370498657227e-01 2.404589951038360596e-01 6.038553714752197266e-01 -8.788064122200012207e-01 -3.412970602512359619e-01 -7.360897958278656006e-02 8.208144903182983398e-01 -4.562007263302803040e-02 2.455007731914520264e-01 1.478365659713745117e-01 2.271221727132797241e-01 -7.529124021530151367e-01 4.089442789554595947e-01 9.045243859291076660e-01 -9.829068779945373535e-01 -1.805340945720672607e-01 -5.000188946723937988e-01 1.910832822322845459e-01 5.266494154930114746e-01 1.886295527219772339e-01 -8.872873187065124512e-01 -8.524872660636901855e-01 -3.728668391704559326e-01 9.991591572761535645e-01 1.209330484271049500e-01 6.278842091560363770e-01 5.272374153137207031e-01 -9.999595880508422852e-01 -3.251515626907348633e-01 1.962642371654510498e-01 2.110483199357986450e-01 3.968280851840972900e-01 3.482036888599395752e-01 -6.669257879257202148e-01 9.996231198310852051e-01 -9.999623894691467285e-01 -6.564625501632690430e-01 2.588129639625549316e-01 -1.467479765415191650e-01 4.211339354515075684e-02 2.489957511425018311e-01 -3.359692692756652832e-01 5.833672732114791870e-02 -9.997464418411254883e-01 -9.851005673408508301e-01 4.873959347605705261e-03 -9.986004829406738281e-01 -9.218868613243103027e-01 -6.308493614196777344e-01 4.627058506011962891e-01 -5.860425233840942383e-01 1.501518934965133667e-01 1.920690983533859253e-01 1.747030764818191528e-01 3.650231957435607910e-01 3.320749700069427490e-01 2.035540789365768433e-01 6.113013625144958496e-01 1.287855803966522217e-01 -2.885595858097076416e-01 6.749071925878524780e-02 9.819864034652709961e-01 4.252158403396606445e-01 1.128246411681175232e-01 -9.834174513816833496e-01 5.831946730613708496e-01 3.555315136909484863e-01 9.999499320983886719e-01 9.803885817527770996e-01 8.111179471015930176e-01 -9.979327917098999023e-01 -2.196357846260070801e-01 4.681102335453033447e-01 -8.472496867179870605e-01 3.594326972961425781e-01 -2.866902016103267670e-02 5.649122595787048340e-01 -9.406814575195312500e-01 4.438938498497009277e-01 3.833401203155517578e-01 -9.582506418228149414e-01 9.171858429908752441e-01 1.235489696264266968e-01 3.862224519252777100e-01 5.854561328887939453e-01 2.755234837532043457e-01 3.056657314300537109e-01 -9.418435096740722656e-01 7.016740441322326660e-01 -6.300540566444396973e-01 -1.563649326562881470e-01 -3.123820722103118896e-01 3.581935167312622070e-02 -9.999587535858154297e-01 -7.993985414505004883e-01 -8.651605248451232910e-01 2.453286051750183105e-01 -4.121775180101394653e-02 2.505657672882080078e-01 5.938175916671752930e-01 -9.989520907402038574e-01 9.999856948852539062e-01 -9.323968291282653809e-01 2.100648432970046997e-01 -2.567712068557739258e-01 3.621242940425872803e-02 2.883822023868560791e-01 -9.969708323478698730e-01 9.931842684745788574e-01 -9.348898530006408691e-01 7.776501122862100601e-03 -1.760455816984176636e-01 -3.209601938724517822e-01 -9.233250617980957031e-01
4.697098731994628906e-01 4.015211462974548340e-01 4.732244312763214111e-01 1.065694764256477356e-01 -2.987837791442871094e-01 5.756665468215942383e-01 9.944192767143249512e-01 -9.988808631896972656e-01 -2.871880233287811279e-01 -9.794359207153320312e-01 -2.712194807827472687e-02 -9.937021136283874512e-01 -3.688444197177886963e-01 -9.881113171577453613e-01 -7.042901515960693359e-01 2.842935025691986084e-01 -1.690969467163085938e-01 -1.431128233671188354e-01 -4.855574071407318115e-01 -8.203130215406417847e-02 1.341341994702816010e-03 -3.474052250385284424e-02 8.074396252632141113e-01 5.249643921852111816e-01 9.997915029525756836e-01 9.941884279251098633e-01 -5.220392346382141113e-01 4.371564462780952454e-02 -5.444423109292984009e-02 6.794786453247070312e-01 9.878383874893188477e-01 -9.966059774160385132e-02 1.133306398987770081e-01 -3.879112377762794495e-02 -9.350591301918029785e-01 -9.359868615865707397e-02 -3.581193983554840088e-01 -1.435552090406417847e-01 9.992680549621582031e-01 1.535363197326660156e-01 3.814081549644470215e-01 -4.118063747882843018e-01 -1.089494451880455017e-01 -9.987821578979492188e-01 3.083869516849517822e-01 9.844805598258972168e-01 -9.984698891639709473e-01 3.266243636608123779e-02 8.903803229331970215e-01 -3.317582979798316956e-02 3.422118723392486572e-01 8.064289391040802002e-02 9.975766539573669434e-01 1.553399115800857544e-01 -3.121488690376281738e-01 1.551182270050048828e-01 -2.604987323284149170e-01 -1.887021586298942566e-02 -9.969841837882995605e-01 1.827321201562881470e-01 -4.100182279944419861e-02 9.136780165135860443e-03 6.846390366554260254e-01 2.967511676251888275e-02 8.085301518440246582e-02 -9.990287423133850098e-01 9.999001026153564453e-01 5.050753355026245117e-01 1.407356709241867065e-01 9.957882165908813477e-01 9.914817810058593750e-01 9.999433159828186035e-01 -9.381601214408874512e-01 -9.437454938888549805e-01 -8.827390074729919434e-01 -4.408745169639587402e-01 -3.867817819118499756e-01 3.349210023880004883e-01 -5.232171416282653809e-01 -1.686025261878967285e-01 -9.949490427970886230e-01 1.150343287736177444e-02 9.859442710876464844e-01 -3.918245062232017517e-02 8.149420619010925293e-01 -3.252127766609191895e-01 -9.347686171531677246e-02 5.959694385528564453e-01 -2.226248979568481445e-01 -1.944666355848312378e-02 -9.204755425453186035e-01 5.927785485982894897e-02 3.458286821842193604e-01 -9.684725999832153320e-01 -8.815237283706665039e-01 9.527264237403869629e-01 9.942541122436523438e-01 2.261121422052383423e-01 -9.999776482582092285e-01 -1.807380914688110352e-01 -9.723337888717651367e-01 -9.932793378829956055e-01 -7.521036267280578613e-01 -4.176539927721023560e-02 2.766973674297332764e-01 7.750211656093597412e-02 9.251957535743713379e-01 2.890295386314392090e-01 -8.800645172595977783e-02 -6.371638774871826172e-01 -1.133351847529411316e-01 8.675576001405715942e-02 -7.410563230514526367e-01 -9.605495333671569824e-01 -3.945803940296173096e-01 3.318911492824554443e-01 -9.827638268470764160e-01 3.693067729473114014e-01 -6.409621983766555786e-02 9.924566745758056641e-01 -7.836029529571533203e-01 -3.092099167406558990e-02 -9.903832674026489258e-01 -6.786106824874877930e-01 -9.766293689608573914e-03 -5.054260045289993286e-02 -9.685956239700317383e-01 -2.572435438632965088e-01 -4.798053503036499023e-01 -2.720047254115343094e-03 9.787473082542419434e-01 9.140575528144836426e-01 9.487814903259277344e-01 3.639835491776466370e-02 2.408128418028354645e-02 -4.451871812343597412e-01 8.941894173622131348e-01 -9.877451658248901367e-01 -9.746986627578735352e-01 3.763303160667419434e-01 9.976851940155029297e-01 4.905417561531066895e-01 -2.268414050340652466e-01 9.908602237701416016e-01 -9.353696554899215698e-02 4.475022554397583008e-01 -9.750716090202331543e-01 9.988957643508911133e-01 -4.879075288772583008e-01 -1.557255443185567856e-02 -1.409785449504852295e-01 1.280063837766647339e-01 3.826512694358825684e-01 -3.728652596473693848e-01 4.156718552112579346e-01 -3.151128590106964111e-01 -5.452049374580383301e-01 -5.413069128990173340e-01 2.029202729463577271e-01 3.998491764068603516e-01 -1.894128769636154175e-01 7.089119404554367065e-02 4.388550296425819397e-02 -9.224776923656463623e-02 9.999743103981018066e-01 -2.639658004045486450e-02 -1.942242085933685303e-01 -6.244549155235290527e-01 9.979476332664489746e-01 9.883748888969421387e-01 1.902331560850143433e-01 -8.080626726150512695e-01 -9.841868281364440918e-01 -6.357566118240356445e-01 -3.633989254012703896e-03 2.795836925506591797e-01 9.900714755058288574e-01 2.378305345773696899e-01 9.980058073997497559e-01 8.946967720985412598e-01 9.122672080993652344e-01 -8.357854187488555908e-02 9.975299835205078125e-01 -2.380315363407135010e-01 8.750230669975280762e-01 -9.986310005187988281e-01 -9.968293905258178711e-01 -1.832577884197235107e-01 1.810309439897537231e-01 8.938657045364379883e-01 9.607321619987487793e-01 -9.652368426322937012e-01 9.740511775016784668e-01 4.716980457305908203e-02 9.943213462829589844e-01 -3.744776248931884766e-01 -1.723858565092086792e-01 -9.657985568046569824e-01 -9.841644167900085449e-01 -2.395413368940353394e-01 -2.129234373569488525e-02 -1.742983460426330566e-01 -8.367516994476318359e-01 -1.533985584974288940e-01 1.472085118293762207e-01 -5.992773175239562988e-01 6.713412702083587646e-02 9.887207150459289551e-01 9.180807471275329590e-01 3.339761197566986084e-01 -7.883767485618591309e-01 -1.611018329858779907e-01 1.567804962396621704e-01 3.396765589714050293e-01 9.494363665580749512e-01 -7.467697262763977051e-01 4.891985058784484863e-01 9.832373857498168945e-01 6.653918027877807617e-01 -4.352032840251922607e-01 -4.109759032726287842e-01 3.321000635623931885e-01 8.936595404520630836e-04 3.421759605407714844e-02 -9.619320631027221680e-01 -5.113928318023681641e-01 -9.942457079887390137e-01 -2.260610014200210571e-01 4.771648347377777100e-01 9.180554747581481934e-01 8.411116153001785278e-02 -6.885135173797607422e-02 3.680894151329994202e-03 1.088777333498001099e-01 9.956629872322082520e-01 -2.152771800756454468e-01 -8.817395567893981934e-01 -2.680310308933258057e-01 3.601598739624023438e-01 -3.993403315544128418e-01 9.594701528549194336e-01 9.997619390487670898e-01 -6.283146739006042480e-01 9.942812919616699219e-01 8.487665057182312012e-01 -1.829555928707122803e-01 9.905522465705871582e-01 1.228604242205619812e-01 1.167716272175312042e-02 7.243863493204116821e-02 2.675540149211883545e-01 1.245103254914283752e-01 -2.305151075124740601e-01 4.552855193614959717e-01 9.998536109924316406e-01 2.887749671936035156e-01 -2.403496056795120239e-01 -8.697143793106079102e-01 -5.806170701980590820e-01 9.682427048683166504e-01 -4.782319962978363037e-01 -8.726550638675689697e-02 4.503151774406433105e-02 -9.236093759536743164e-01 -2.965728007256984711e-02 9.655655622482299805e-01 9.993681907653808594e-01 -9.718464016914367676e-01 -7.953408360481262207e-02 4.081639274954795837e-02 9.963690638542175293e-01 -9.716992266476154327e-03 -8.223398327827453613e-01 9.999056458473205566e-01 -5.245246887207031250e-01 -6.266461610794067383e-01 9.878086447715759277e-01 3.705950677394866943e-01 4.919077754020690918e-01 -1.610962748527526855e-01 -8.797129988670349121e-01 -9.871914386749267578e-01 8.750987052917480469e-01 9.993245601654052734e-01 9.947564005851745605e-01 -1.269851177930831909e-01 8.951768279075622559e-02 -5.215675011277198792e-02 -9.993407130241394043e-01 -9.997220635414123535e-01 -9.891354441642761230e-01 5.000375509262084961e-01 1.427851170301437378e-01 -5.972560048103332520e-01 9.659056663513183594e-01 -9.967794418334960938e-01 -3.605667948722839355e-01 9.836426973342895508e-01 -3.061592280864715576e-01 9.943227767944335938e-01 9.992097020149230957e-01 -8.789908289909362793e-01 -3.743571639060974121e-01 9.849386215209960938e-01 -2.800073027610778809e-01 3.711855039000511169e-02 -1.028182879090309143e-01 9.985982179641723633e-01 4.906256198883056641e-01 2.663909792900085449e-01 5.096867084503173828e-01 -9.985156059265136719e-01 1.648984849452972412e-01 9.956752061843872070e-01 9.132078289985656738e-01 1.283614039421081543e-01 2.241906076669692993e-01 3.762145340442657471e-01 2.478503584861755371e-01 9.980964064598083496e-01 -1.268982440233230591e-01 -7.474824190139770508e-01 1.130050495266914368e-01 -7.131422758102416992e-01 -1.067456826567649841e-01 -1.735419631004333496e-01 -9.130632877349853516e-01 1.925367712974548340e-01 -8.417298197746276855e-01 -4.477891921997070312e-01 9.810943603515625000e-01 -3.060597181320190430e-01 3.976180255413055420e-01 6.593719720840454102e-01 4.282587170600891113e-01 1.100131869316101074e-01 1.948644071817398071e-01 -9.750251770019531250e-01 -4.899918138980865479e-01 4.897809922695159912e-01 9.836586713790893555e-01 1.860224604606628418e-01 -2.595842480659484863e-01 7.265664339065551758e-01 -9.097678065299987793e-01 -9.189268946647644043e-02 7.191414237022399902e-01 9.990293383598327637e-01 -2.024371474981307983e-01 6.620150208473205566e-01 2.540559768676757812e-01 3.793638572096824646e-02 1.364804357290267944e-01 -8.234474807977676392e-03 6.456644535064697266e-01 1.903707347810268402e-02 4.930544495582580566e-01 2.776995301246643066e-03 -1.460218131542205811e-01 -4.089332520961761475e-01 -9.875345230102539062e-01 -5.818684697151184082e-01 -2.154646664857864380e-01 5.936921760439872742e-02 1.486049443483352661e-01 -9.876286387443542480e-01 -5.928859114646911621e-01 6.640643477439880371e-01 3.421266078948974609e-01 4.526339471340179443e-01 -5.223762392997741699e-01 9.623209238052368164e-01 1.467079371213912964e-01 5.359295606613159180e-01 8.264702558517456055e-01 -9.993166923522949219e-01 2.112502157688140869e-01 5.274424329400062561e-02 -9.780266880989074707e-02 2.038060575723648071e-01 3.290557265281677246e-01 -4.845276474952697754e-02 -9.977373480796813965e-01 2.059879004955291748e-01 9.940785765647888184e-01 -1.513970941305160522e-01 4.079008996486663818e-01 -4.068219661712646484e-01 4.361816123127937317e-02 -1.836081147193908691e-01 -4.320652782917022705e-01 8.557251095771789551e-01 -9.999048113822937012e-01 -2.735967636108398438e-01 -4.313757717609405518e-01 -2.928811311721801758e-01 -6.664986610412597656e-01 -4.741272330284118652e-01 9.920936226844787598e-01 -3.318592533469200134e-02 -4.494277015328407288e-02 -6.883073449134826660e-01 4.023903906345367432e-01 -3.314875364303588867e-01 9.955739378929138184e-01 1.682084947824478149e-01 -5.767211318016052246e-01 1.221322417259216309e-01 -4.850404709577560425e-02 -9.653755426406860352e-01 4.308539209887385368e-04 9.652260541915893555e-01 -9.995055794715881348e-01 1.816745251417160034e-01 2.281694673001766205e-02 4.722409844398498535e-01 3.404985666275024414e-01 3.766829371452331543e-01 -4.477940499782562256e-01 -1.181818097829818726e-01 -2.336523234844207764e-01 9.955492615699768066e-01 2.161848731338977814e-02 5.204955339431762695e-01 5.653535127639770508e-01 -9.992785453796386719e-01 4.502101615071296692e-02 4.313758388161659241e-02 2.750020325183868408e-01 -1.285016983747482300e-01 -2.109155654907226562e-01 -5.474669337272644043e-01 9.997982978820800781e-01 -9.999326467514038086e-01 -9.208572506904602051e-01 1.257482320070266724e-01 -1.825010925531387329e-01 -6.064825654029846191e-01 1.489121001213788986e-02 -9.430795907974243164e-02 -4.221298098564147949e-01 -9.985761642456054688e-01 -9.361836314201354980e-01 4.332745373249053955e-01 -8.604187369346618652e-01 -9.658229947090148926e-01 -9.755154252052307129e-01 2.607572972774505615e-01 -3.132045865058898926e-01 -6.103086844086647034e-02 2.059526741504669189e-02 -2.085117250680923462e-01 1.479480862617492676e-01 9.359746575355529785e-01 2.624172568321228027e-01 -3.843626081943511963e-01 -3.238711506128311157e-02 3.752615749835968018e-01 -2.459296435117721558e-01 9.379510879516601562e-01 -2.865451276302337646e-01 -1.252839118242263794e-01 -9.814394116401672363e-01 2.838564217090606689e-01 8.221608400344848633e-01 9.997918605804443359e-01 9.149298667907714844e-01 2.778906524181365967e-01 -9.995249509811401367e-01 1.405980437994003296e-01 6.069976687431335449e-01 -9.370765686035156250e-01 6.085828542709350586e-01 6.667891144752502441e-02 3.647417426109313965e-01 -9.056563377380371094e-01 -3.128142356872558594e-01 4.874710440635681152e-01 -9.066125750541687012e-01 5.828351378440856934e-01 1.452938020229339600e-01 4.738276004791259766e-01 1.658944040536880493e-01 9.084832668304443359e-02 8.140888810157775879e-02 -9.485660791397094727e-01 -7.558239102363586426e-01 -4.845469444990158081e-02 -9.293411858379840851e-03 -1.179500892758369446e-01 1.770588308572769165e-01 -9.999986290931701660e-01 -3.261420130729675293e-02 -4.745619893074035645e-01 -1.651693135499954224e-01 -1.469822973012924194e-01 -1.499271094799041748e-01 1.413274407386779785e-01 -9.993457198143005371e-01 9.999845027923583984e-01 -8.791742324829101562e-01 3.381782174110412598e-01 2.654171288013458252e-01 -7.244716584682464600e-02 1.709859669208526611e-01 -9.095339775085449219e-01 9.914151430130004883e-01 -5.990122556686401367e-01 2.403477579355239868e-01 2.794198691844940186e-01 1.030689291656017303e-02 -8.470897078514099121e-01
-7.900000810623168945e-01 2.606238722801208496e-01 -4.894302412867546082e-02 3.641439676284790039e-01 -4.393212497234344482e-01 1.015297621488571167e-01 9.975491762161254883e-01 -7.597912549972534180e-01 1.433191448450088501e-01 -9.423809051513671875e-01 8.081744611263275146e-02 -9.752883315086364746e-01 -2.241421043872833252e-01 -7.371030449867248535e-01 -9.388792514801025391e-01 2.894766628742218018e-02 -3.575459867715835571e-02 5.055950880050659180e-01 -6.522180438041687012e-01 -2.771016359329223633e-01 5.432237386703491211e-01 -1.514521390199661255e-01 9.473114013671875000e-01 -2.970888912677764893e-01 9.973536133766174316e-01 9.944884181022644043e-01 -4.433709755539894104e-02 -2.249629944562911987e-01 6.945943832397460938e-02 9.806733727455139160e-01 9.804949760437011719e-01 -2.782931327819824219e-01 5.916150403209030628e-04 1.220259517431259155e-01 -8.127825856208801270e-01 -2.887801826000213623e-01 -5.917860865592956543e-01 -2.632691711187362671e-02 9.988065958023071289e-01 -2.869614660739898682e-01 3.869757652282714844e-01 -1.149273291230201721e-01 2.241233289241790771e-01 -9.990959763526916504e-01 2.774928882718086243e-02 8.733970522880554199e-01 -9.865000844001770020e-01 -5.439380928874015808e-02 -1.317607015371322632e-01 3.548942040652036667e-03 5.294972062110900879e-01 -2.044993080198764801e-02 9.844214320182800293e-01 -2.080062031745910645e-01 5.124880671501159668e-01 2.112676650285720825e-01 8.238914422690868378e-03 2.483290284872055054e-01 -9.997869133949279785e-01 9.452469944953918457e-01 -1.899453401565551758e-01 2.847387194633483887e-01 9.893031716346740723e-01 -3.002257049083709717e-01 6.036259233951568604e-02 -9.796246290206909180e-01 8.850624561309814453e-01 7.485678195953369141e-01 7.444273680448532104e-02 9.899790883064270020e-01 2.326588183641433716e-01 9.996027946472167969e-01 -5.291560888290405273e-01 -9.678143262863159180e-01 -6.088277101516723633e-01 -3.012773394584655762e-01 -2.852524816989898682e-01 -1.886738389730453491e-01 8.030513674020767212e-02 -3.379037231206893921e-02 -8.079794645309448242e-01 2.430120259523391724e-01 9.994521141052246094e-01 -8.941812515258789062e-01 9.739957451820373535e-01 -9.998412728309631348e-01 3.251086175441741943e-01 2.247499488294124603e-02 -4.519950151443481445e-01 -1.480687111616134644e-01 -9.848047494888305664e-01 -1.763305068016052246e-01 5.511112213134765625e-01 6.867185235023498535e-01 -8.434901833534240723e-01 8.969179987907409668e-01 9.966380596160888672e-01 4.231987148523330688e-02 -9.995672106742858887e-01 -4.658343195915222168e-01 2.194907218217849731e-01 -8.510552048683166504e-01 -3.664503991603851318e-01 -4.539940357208251953e-01 2.391759492456912994e-02 -1.600792557001113892e-01 9.826976656913757324e-01 5.582100749015808105e-01 -4.761101901531219482e-01 -1.119222417473793030e-01 -6.217806786298751831e-02 7.610648274421691895e-01 -3.811689913272857666e-01 -9.925960898399353027e-01 -3.847854137420654297e-01 3.362146317958831787e-01 -9.827575683593750000e-01 8.170294165611267090e-01 2.431165426969528198e-01 9.781408309936523438e-01 -9.278984665870666504e-01 -1.037449836730957031e-01 -9.861732721328735352e-01 9.891816973686218262e-01 3.114142715930938721e-01 -2.942110896110534668e-01 -9.999220967292785645e-01 5.038367956876754761e-02 -4.991993606090545654e-01 -6.909765005111694336e-01 4.304829537868499756e-01 6.215384602546691895e-01 9.947654008865356445e-01 2.170986831188201904e-01 1.171679347753524780e-01 -9.610193371772766113e-01 7.260261774063110352e-01 -9.955417513847351074e-01 -6.360939145088195801e-01 1.553435325622558594e-01 9.995052218437194824e-01 3.354123830795288086e-01 -3.632382154464721680e-01 9.947611689567565918e-01 9.199320524930953979e-02 7.236813902854919434e-01 -9.838666915893554688e-01 9.685198068618774414e-01 6.079707145690917969e-01 -2.746129333972930908e-01 -2.392296791076660156e-01 -3.694928810000419617e-02 9.379835724830627441e-01 -2.940671741962432861e-01 1.890571117401123047e-01 -5.331391692161560059e-01 -9.623814821243286133e-01 -9.579004645347595215e-01 -1.662900894880294800e-01 4.441137015819549561e-01 4.752469062805175781e-02 3.758307397365570068e-01 2.544489204883575439e-01 -3.418761193752288818e-01 9.999938011169433594e-01 -3.499722182750701904e-01 4.625613614916801453e-02 -6.541029214859008789e-01 9.987708330154418945e-01 4.142305850982666016e-01 2.459919005632400513e-01 -9.966646432876586914e-01 -9.891384840011596680e-01 -9.792878031730651855e-01 6.356688141822814941e-01 -5.784789100289344788e-03 -6.279081702232360840e-01 5.402733758091926575e-02 9.908142685890197754e-01 9.995345473289489746e-01 9.711297750473022461e-01 -3.821146488189697266e-01 9.953193068504333496e-01 -8.925987482070922852e-01 -5.788525938987731934e-01 -8.687066435813903809e-01 -9.812812209129333496e-01 7.853195667266845703e-01 3.537605404853820801e-01 9.755040407180786133e-01 -4.107538163661956787e-01 -9.935399293899536133e-01 9.532775878906250000e-01 9.922997094690799713e-03 9.757353067398071289e-01 1.791015453636646271e-02 -7.034450769424438477e-01 -9.919643402099609375e-01 -7.823987007141113281e-01 1.844335645437240601e-01 -2.574034333229064941e-01 -4.762494862079620361e-01 7.464545369148254395e-01 6.259659528732299805e-01 2.975216880440711975e-02 6.865238398313522339e-02 2.857710719108581543e-01 9.998776912689208984e-01 9.938104748725891113e-01 -1.255132853984832764e-01 -7.088645696640014648e-01 -3.668166697025299072e-01 2.532010897994041443e-03 5.533523559570312500e-01 9.897484183311462402e-01 6.002138853073120117e-01 4.059838354587554932e-01 7.155231833457946777e-01 9.740830659866333008e-01 -2.230271846055984497e-01 -8.014965653419494629e-01 1.767537444829940796e-01 8.999965339899063110e-02 1.925582736730575562e-01 -9.507269263267517090e-01 -2.731944918632507324e-01 -9.963889718055725098e-01 -1.507060974836349487e-01 9.297217130661010742e-01 9.926559329032897949e-01 6.385799497365951538e-02 2.979072928428649902e-01 2.744041569530963898e-02 2.785234749317169189e-01 9.817571043968200684e-01 8.040200918912887573e-02 -4.984213411808013916e-02 -4.097144007682800293e-01 3.930061161518096924e-01 -3.976626396179199219e-01 7.567632794380187988e-01 9.998486638069152832e-01 -9.386672973632812500e-01 9.367503523826599121e-01 9.927263855934143066e-01 9.982905536890029907e-02 9.986213445663452148e-01 2.595109678804874420e-02 -7.268937826156616211e-01 1.878950893878936768e-01 2.860077321529388428e-01 -2.236418575048446655e-01 -5.072107315063476562e-01 1.886391788721084595e-01 9.976684451103210449e-01 -1.778031140565872192e-01 -2.649583816528320312e-01 -9.709233045578002930e-01 2.332848757505416870e-01 -1.733913868665695190e-01 -3.632514178752899170e-01 -9.628203511238098145e-01 7.032060623168945312e-02 -8.649762868881225586e-01 -8.774663321673870087e-03 9.836865663528442383e-01 9.925209879875183105e-01 -9.995012283325195312e-01 -1.585388034582138062e-01 -8.109694719314575195e-02 9.998534321784973145e-01 -1.798378378152847290e-01 -9.935483932495117188e-01 9.996876716613769531e-01 -7.089758515357971191e-01 -9.662411808967590332e-01 9.895001649856567383e-01 1.701315045356750488e-01 8.389403223991394043e-01 1.602794677019119263e-01 -9.489956498146057129e-01 -5.911778211593627930e-01 8.362876772880554199e-01 9.874675869941711426e-01 7.997158169746398926e-01 5.843136925250291824e-03 4.275898039340972900e-01 1.688739508390426636e-01 -9.977160096168518066e-01 -9.999729990959167480e-01 -9.886828064918518066e-01 4.835113584995269775e-01 4.869865477085113525e-01 8.744130842387676239e-03 9.853510260581970215e-01 -9.997222423553466797e-01 -2.395335435867309570e-01 9.840194582939147949e-01 1.427909433841705322e-01 9.892283678054809570e-01 9.688686132431030273e-01 -9.997324347496032715e-01 -7.736591100692749023e-01 9.840453267097473145e-01 -4.208675622940063477e-01 3.086868226528167725e-01 1.218497082591056824e-01 9.985355734825134277e-01 3.840475082397460938e-01 1.021051406860351562e-01 -7.510992139577865601e-02 -7.879723608493804932e-02 4.407213926315307617e-01 9.993733167648315430e-01 8.519685864448547363e-01 -1.582472622394561768e-01 -2.824854291975498199e-02 3.411624431610107422e-01 4.518371820449829102e-01 9.992605447769165039e-01 1.542641967535018921e-01 -9.909212589263916016e-01 -2.772609591484069824e-01 -9.506155252456665039e-01 1.939756423234939575e-01 -6.218559741973876953e-01 -9.647731781005859375e-01 6.883257031440734863e-01 -9.777010679244995117e-01 3.557796478271484375e-01 9.762134552001953125e-01 -1.024679373949766159e-02 2.650791108608245850e-01 6.477906107902526855e-01 9.441321343183517456e-02 4.485765099525451660e-01 3.207580149173736572e-01 -8.061494231224060059e-01 -9.251046776771545410e-01 4.885370731353759766e-01 9.632761478424072266e-01 -8.850222453474998474e-03 -3.324486613273620605e-01 9.970493316650390625e-01 -8.872509002685546875e-01 9.600711464881896973e-01 9.463617205619812012e-01 9.992601275444030762e-01 2.968072891235351562e-01 9.823742508888244629e-01 5.822879076004028320e-01 -1.547854840755462646e-01 4.420274496078491211e-01 -2.579815983772277832e-01 9.760619401931762695e-01 2.350263297557830811e-01 -7.387515306472778320e-01 1.128237396478652954e-01 -2.574137449264526367e-01 1.826761066913604736e-01 -6.728180646896362305e-01 -9.749984741210937500e-01 -2.634119391441345215e-01 -4.788250848650932312e-02 4.624366760253906250e-01 -9.944845438003540039e-01 -9.787230491638183594e-01 -2.750673145055770874e-02 8.985570818185806274e-02 4.454972147941589355e-01 -3.036909103393554688e-01 6.057025790214538574e-01 -5.132185220718383789e-01 6.149597167968750000e-01 6.888286471366882324e-01 -9.999466538429260254e-01 3.346748352050781250e-01 1.429521441459655762e-01 -5.031371861696243286e-02 8.569122850894927979e-02 8.991216421127319336e-01 2.632091343402862549e-01 -9.901480078697204590e-01 3.350044786930084229e-02 9.944294691085815430e-01 1.329268217086791992e-01 6.479876637458801270e-01 -6.490159779787063599e-02 7.091043591499328613e-01 -3.756530880928039551e-01 -5.758115053176879883e-01 7.087161540985107422e-01 -9.999147057533264160e-01 -2.426355183124542236e-01 -3.602552413940429688e-02 -2.380267679691314697e-01 -5.073398947715759277e-01 -7.227425575256347656e-01 9.895945787429809570e-01 -5.168433859944343567e-02 4.746052622795104980e-02 -3.167969882488250732e-01 9.522885084152221680e-01 -2.328702956438064575e-01 8.055842518806457520e-01 -9.734518527984619141e-01 -9.709131717681884766e-01 -5.446714758872985840e-01 1.809366792440414429e-01 -9.335817694664001465e-01 -7.441296428442001343e-02 8.896207064390182495e-02 -9.996011257171630859e-01 -1.370995044708251953e-01 -7.718075513839721680e-01 2.550966441631317139e-01 4.972127377986907959e-01 4.749855399131774902e-01 -7.745056748390197754e-01 -9.443163871765136719e-01 -5.777596831321716309e-01 2.214368879795074463e-01 -9.654225409030914307e-02 9.587270021438598633e-01 2.368824779987335205e-01 -9.969425201416015625e-01 -2.492460906505584717e-01 -2.091524451971054077e-01 2.222414463758468628e-01 -1.313054561614990234e-01 2.490449547767639160e-01 -9.990534782409667969e-01 9.067931175231933594e-01 -9.999544620513916016e-01 -9.996436834335327148e-01 3.774628341197967529e-01 -9.164649844169616699e-01 -9.156608581542968750e-01 -9.048413485288619995e-03 -3.270893096923828125e-01 -3.500196933746337891e-01 -9.963573813438415527e-01 -9.920421838760375977e-01 5.576177239418029785e-01 -9.911949038505554199e-01 -9.973382353782653809e-01 -9.892067313194274902e-01 1.838494241237640381e-01 -3.627020120620727539e-01 -7.809165865182876587e-02 2.849976718425750732e-01 -1.250224113464355469e-01 1.579412072896957397e-01 9.989895820617675781e-01 3.036277294158935547e-01 7.763938903808593750e-01 3.701432347297668457e-01 1.825818717479705811e-01 -1.582309007644653320e-01 9.573482871055603027e-01 -8.045180439949035645e-01 5.105414986610412598e-01 -9.958997368812561035e-01 1.987275779247283936e-01 9.748319387435913086e-01 9.982811808586120605e-01 9.454656243324279785e-01 9.596688747406005859e-01 -9.976336359977722168e-01 -3.057378530502319336e-01 6.570852994918823242e-01 3.984887301921844482e-01 9.623280167579650879e-01 2.258975803852081299e-01 3.487972915172576904e-01 -9.918519854545593262e-01 -9.897835850715637207e-01 3.346560597419738770e-01 -9.897308349609375000e-01 9.812542200088500977e-01 -2.131195515394210815e-01 2.556578218936920166e-01 2.488837987184524536e-01 -7.252500951290130615e-02 -1.407411247491836548e-01 -9.894595146179199219e-01 -9.047446250915527344e-01 -3.110628128051757812e-01 4.239923059940338135e-01 -1.668876856565475464e-01 -5.495182275772094727e-01 -9.999891519546508789e-01 -7.574832439422607422e-01 2.066184580326080322e-02 -4.023178219795227051e-01 -3.731949925422668457e-01 -8.607679605484008789e-02 4.755902886390686035e-01 -4.304377436637878418e-01 9.999897480010986328e-01 -9.999152421951293945e-01 3.096072971820831299e-01 8.253242075443267822e-02 -2.074528038501739502e-01 1.725996583700180054e-01 -9.933656454086303711e-01 -1.119955629110336304e-02 8.017792105674743652e-01 3.338164687156677246e-01 1.722756475210189819e-01 -1.936015188694000244e-01 -6.145570278167724609e-01
4.041830897331237793e-01 9.690847992897033691e-01 -2.707727551460266113e-01 3.765523731708526611e-01 -5.081258416175842285e-01 -9.756457805633544922e-01 9.986511468887329102e-01 -9.957332611083984375e-01 -5.344908237457275391e-01 -9.264818429946899414e-01 -2.847409546375274658e-01 -4.593389928340911865e-01 9.330222010612487793e-01 -9.898017644882202148e-01 -7.759137749671936035e-01 -1.690391451120376587e-01 3.202677518129348755e-02 1.044421419501304626e-01 -8.555403947830200195e-01 1.789087504148483276e-01 5.624719858169555664e-01 3.499815464019775391e-01 1.792299598455429077e-01 -9.457959532737731934e-01 9.957724809646606445e-01 5.387146472930908203e-01 -2.770521305501461029e-02 -3.576298654079437256e-01 4.358792006969451904e-01 9.992840886116027832e-01 5.736882090568542480e-01 2.875854820013046265e-02 3.571102619171142578e-01 3.555975556373596191e-01 -4.238731861114501953e-01 -5.164250135421752930e-01 1.298076212406158447e-01 -5.632191896438598633e-01 8.723409771919250488e-01 -3.381461203098297119e-01 -2.112414091825485229e-01 -1.571093499660491943e-01 5.854596495628356934e-01 -8.334903120994567871e-01 -4.740302264690399170e-01 9.980059266090393066e-01 -9.554777741432189941e-01 -5.094599127769470215e-01 7.987684607505798340e-01 -4.140806794166564941e-01 9.287633895874023438e-01 -1.598611921072006226e-01 9.010356664657592773e-01 -3.372526466846466064e-01 -2.164422124624252319e-01 4.728893339633941650e-01 2.602822184562683105e-01 -2.718607187271118164e-01 -9.994322657585144043e-01 4.674193859100341797e-01 2.534694075584411621e-01 -5.038041993975639343e-02 9.552497267723083496e-01 3.123727738857269287e-01 5.550459772348403931e-02 -9.910408854484558105e-01 2.712919116020202637e-01 7.830877900123596191e-01 8.010400086641311646e-02 8.316521644592285156e-01 -5.008143186569213867e-01 9.991020560264587402e-01 -6.218197345733642578e-01 -9.561909437179565430e-01 -2.764769084751605988e-02 -4.317992925643920898e-02 -1.174992993474006653e-01 -4.000684916973114014e-01 -8.560096845030784607e-03 -5.536886453628540039e-01 -9.690206646919250488e-01 -2.679476141929626465e-01 9.991759657859802246e-01 -3.688257634639739990e-01 9.986128807067871094e-01 4.618152976036071777e-01 -1.801440864801406860e-01 2.890153527259826660e-01 -7.045305967330932617e-01 3.700329363346099854e-01 -9.955445528030395508e-01 1.035176739096641541e-01 4.583123326301574707e-01 -9.341944456100463867e-01 -7.669019699096679688e-01 9.139477610588073730e-01 7.790291905403137207e-01 6.578024476766586304e-02 4.049997329711914062e-01 2.957715652883052826e-02 -9.957460165023803711e-01 -9.954108595848083496e-01 3.840560615062713623e-01 -6.847097724676132202e-02 -2.407442033290863037e-01 -1.430654376745223999e-01 9.788025617599487305e-01 4.686061739921569824e-01 -5.334588885307312012e-01 4.187158346176147461e-01 -1.092938929796218872e-01 1.962896585464477539e-01 -7.665408253669738770e-01 -9.985024333000183105e-01 -2.229727059602737427e-01 5.565741658210754395e-01 -8.842278718948364258e-01 8.622978925704956055e-01 -1.369258463382720947e-01 9.942426085472106934e-01 -9.567647576332092285e-01 -5.017972588539123535e-01 -9.630777835845947266e-01 9.961329698562622070e-01 -5.743346810340881348e-01 3.037866577506065369e-02 -2.978663742542266846e-01 -1.242130473256111145e-01 -5.086830854415893555e-01 -3.647801280021667480e-01 9.869830012321472168e-01 8.411096930503845215e-01 7.978462576866149902e-01 3.437746763229370117e-01 4.902982115745544434e-01 -7.608810663223266602e-01 9.747332930564880371e-01 -9.975619912147521973e-01 7.727532833814620972e-02 2.941925227642059326e-01 9.998700618743896484e-01 3.342967927455902100e-01 -2.487821429967880249e-01 6.065883040428161621e-01 -3.756350576877593994e-01 -4.577828049659729004e-01 -9.423009157180786133e-01 8.156697154045104980e-01 8.891758322715759277e-01 -2.120320498943328857e-01 -6.553058028221130371e-01 -3.061612844467163086e-01 9.800128340721130371e-01 -5.903483629226684570e-01 3.224469488486647606e-03 -4.023547172546386719e-01 -9.975774288177490234e-01 9.420329332351684570e-01 -2.011152803897857666e-01 6.234253644943237305e-01 -4.041959643363952637e-01 1.587182134389877319e-01 -3.491352796554565430e-01 -8.169465661048889160e-01 9.999063611030578613e-01 -4.143367111682891846e-01 -6.577454805374145508e-01 -5.688888430595397949e-01 9.842041730880737305e-01 9.454299807548522949e-01 3.896158933639526367e-01 -9.861778020858764648e-01 -7.455244064331054688e-01 -9.991692304611206055e-01 4.512089118361473083e-02 4.779498279094696045e-01 3.942559063434600830e-01 -2.808518409729003906e-01 9.979808926582336426e-01 9.857344627380371094e-01 8.722512125968933105e-01 -3.287972211837768555e-01 9.912382364273071289e-01 -9.949761629104614258e-01 9.483378529548645020e-01 -9.978428483009338379e-01 -9.580135941505432129e-01 9.671809673309326172e-01 7.233910560607910156e-01 5.416880846023559570e-01 9.574417471885681152e-01 -8.660039305686950684e-01 -9.646176695823669434e-01 -5.004047974944114685e-02 9.966930747032165527e-01 -3.316392302513122559e-01 -5.882639288902282715e-01 -9.988848567008972168e-01 -9.571829438209533691e-01 3.227244615554809570e-01 1.611412614583969116e-01 -6.348448991775512695e-01 4.124471247196197510e-01 2.998063862323760986e-01 1.873512119054794312e-01 -4.089414700865745544e-02 -6.438478082418441772e-02 3.839341700077056885e-01 8.275718092918395996e-01 -6.191908121109008789e-01 -4.367304444313049316e-01 -1.306871473789215088e-01 9.588333964347839355e-02 5.359739661216735840e-01 9.962899088859558105e-01 1.653113067150115967e-01 9.627706408500671387e-01 9.619892239570617676e-01 9.992780685424804688e-01 8.509231358766555786e-02 -9.688011407852172852e-01 -1.530763804912567139e-01 -1.567122936248779297e-01 7.596313953399658203e-01 5.947088599205017090e-01 5.994331836700439453e-01 -9.943911433219909668e-01 -4.629337787628173828e-01 -5.897557139396667480e-01 9.989532232284545898e-01 5.515309572219848633e-01 1.637953519821166992e-01 -4.182859957218170166e-01 6.527118086814880371e-01 9.949311614036560059e-01 4.200019836425781250e-01 -5.762734413146972656e-01 -5.879304409027099609e-01 4.531994163990020752e-01 5.681222677230834961e-02 9.820877313613891602e-01 9.999620914459228516e-01 -8.314112424850463867e-01 9.371017217636108398e-01 9.987287521362304688e-01 8.138375729322433472e-02 9.362056255340576172e-01 3.961044847965240479e-01 -1.304360032081604004e-01 -3.362491726875305176e-01 5.763363838195800781e-01 -1.568065732717514038e-01 -5.850371122360229492e-01 2.150933146476745605e-01 9.997745156288146973e-01 -6.599717736244201660e-01 -1.956740915775299072e-01 -9.998382329940795898e-01 -4.477696120738983154e-01 -1.050882041454315186e-02 -2.231153845787048340e-01 -6.629937291145324707e-01 2.089603841304779053e-01 -9.943884015083312988e-01 3.870785832405090332e-01 9.071178436279296875e-01 9.422004818916320801e-01 -8.891106247901916504e-01 -3.698094189167022705e-01 -3.784788772463798523e-02 8.494210839271545410e-01 -2.646933197975158691e-01 -4.037823975086212158e-01 9.967583417892456055e-01 -5.632770061492919922e-01 -8.844263553619384766e-01 8.931039571762084961e-01 5.846208333969116211e-01 7.409704923629760742e-01 2.975539267063140869e-01 -9.847669005393981934e-01 -9.994432926177978516e-01 9.791618585586547852e-01 9.922494292259216309e-01 9.585519433021545410e-01 -1.624808162450790405e-01 1.585161536931991577e-01 5.285556316375732422e-01 -9.985187053680419922e-01 -9.982444643974304199e-01 -8.780939579010009766e-01 6.176605820655822754e-01 4.351846277713775635e-01 -9.971783757209777832e-01 9.986578226089477539e-01 -9.602267742156982422e-01 -2.392878383398056030e-01 8.386220335960388184e-01 -2.416941821575164795e-01 9.980493783950805664e-01 9.930056333541870117e-01 -8.739964962005615234e-01 -8.252185583114624023e-01 8.947182297706604004e-01 -5.205599665641784668e-01 8.229053616523742676e-01 2.010609209537506104e-02 9.130409359931945801e-01 -2.290705889463424683e-01 3.297210931777954102e-01 -1.876583844423294067e-01 -5.229534506797790527e-01 3.774623274803161621e-01 8.078627586364746094e-01 4.495343267917633057e-01 -2.065155059099197388e-01 -5.953432247042655945e-02 2.206090241670608521e-01 6.263601183891296387e-01 9.987810850143432617e-01 2.687081098556518555e-01 -9.418013691902160645e-01 -1.880013495683670044e-01 8.793284893035888672e-01 -6.909284740686416626e-02 -3.952058255672454834e-01 -9.572890996932983398e-01 3.426569998264312744e-01 -9.991790056228637695e-01 -4.266560077667236328e-01 8.406889438629150391e-01 5.059735476970672607e-02 -3.026921115815639496e-02 -2.925257682800292969e-01 1.934741884469985962e-01 1.806897521018981934e-01 -2.149515151977539062e-01 -8.582377433776855469e-01 -9.985532760620117188e-01 -1.857073158025741577e-01 9.927948713302612305e-01 3.091854229569435120e-02 -4.988933503627777100e-01 9.956351518630981445e-01 -9.639784693717956543e-01 6.300749182701110840e-01 9.283572435379028320e-01 9.989783763885498047e-01 1.729902476072311401e-01 9.446727037429809570e-01 7.481132149696350098e-01 3.126594722270965576e-01 -2.248679846525192261e-01 1.350363790988922119e-01 9.993682503700256348e-01 -3.449837565422058105e-01 7.892755270004272461e-01 -9.022630751132965088e-02 -5.753957629203796387e-01 1.680998355150222778e-01 -9.425150156021118164e-01 -9.990093708038330078e-01 -5.798236131668090820e-01 -2.025037854909896851e-01 -7.618355751037597656e-02 -9.234123826026916504e-01 -9.994332194328308105e-01 -1.169845163822174072e-01 3.936241567134857178e-01 3.904638290405273438e-01 -6.543608754873275757e-02 9.912061095237731934e-01 -6.438084840774536133e-01 -9.560386091470718384e-02 -9.483776092529296875e-01 -9.896547794342041016e-01 5.225635766983032227e-01 6.013501286506652832e-01 -3.174251616001129150e-01 -2.448328584432601929e-01 5.250875353813171387e-01 4.076993465423583984e-01 -9.761525988578796387e-01 3.297670781612396240e-01 9.994937777519226074e-01 9.534820318222045898e-01 6.967233419418334961e-01 -3.180997669696807861e-01 9.963522553443908691e-01 -9.116595238447189331e-02 -4.332855343818664551e-01 -2.244736850261688232e-01 -9.962316155433654785e-01 -4.963999614119529724e-02 8.070143312215805054e-02 -6.690974235534667969e-01 -1.243910868652164936e-03 -6.910597681999206543e-01 9.954454898834228516e-01 1.934672296047210693e-01 4.535509347915649414e-01 3.125375807285308838e-01 9.844562411308288574e-01 -4.946139454841613770e-01 7.317246794700622559e-01 -9.943727850914001465e-01 -9.984226822853088379e-01 -2.823933660984039307e-01 3.172340095043182373e-01 -9.916264414787292480e-01 7.459481358528137207e-01 9.994398355484008789e-01 -9.913687705993652344e-01 -3.538523912429809570e-01 5.424727201461791992e-01 1.786448508501052856e-01 1.222139969468116760e-01 -1.254422813653945923e-01 -7.729035615921020508e-02 1.798765510320663452e-01 -3.924455642700195312e-01 9.449383616447448730e-01 1.190787255764007568e-01 9.974477887153625488e-01 4.717155992984771729e-01 -9.128382205963134766e-01 2.138334661722183228e-01 6.809378266334533691e-01 4.344676136970520020e-01 2.318035662174224854e-01 7.201538085937500000e-01 -9.877750873565673828e-01 6.890829205513000488e-01 -9.979869723320007324e-01 -3.201922178268432617e-01 3.512901067733764648e-01 -9.531129002571105957e-01 -9.471288323402404785e-01 5.081194639205932617e-01 -4.081559479236602783e-01 1.787306666374206543e-01 -9.685513973236083984e-01 -9.977896213531494141e-01 1.469889879226684570e-01 -8.740175366401672363e-01 -6.569822430610656738e-01 -9.909387826919555664e-01 5.575476884841918945e-01 -6.024457216262817383e-01 2.660915553569793701e-01 8.167194128036499023e-01 -2.243894487619400024e-01 5.905827879905700684e-02 -4.016624987125396729e-01 5.370051264762878418e-01 9.994975924491882324e-01 5.761664509773254395e-01 -2.292479276657104492e-01 3.957715630531311035e-01 9.885088205337524414e-01 -9.452943801879882812e-01 3.154994249343872070e-01 -9.975527524948120117e-01 4.343654513359069824e-01 9.988886713981628418e-01 9.905937910079956055e-01 8.808296918869018555e-01 9.998497962951660156e-01 -9.996984004974365234e-01 -1.780900210142135620e-01 6.081044673919677734e-01 -7.619494795799255371e-01 8.865075111389160156e-01 -1.440463215112686157e-01 4.604968130588531494e-01 -9.691284298896789551e-01 -4.105284810066223145e-01 2.787494957447052002e-01 -9.979610443115234375e-01 9.972167015075683594e-01 1.721219718456268311e-01 6.569986697286367416e-03 6.838290095329284668e-01 5.904915928840637207e-01 5.756478309631347656e-01 -8.201053738594055176e-01 -9.959014654159545898e-01 -6.648025512695312500e-01 -8.857291191816329956e-03 -3.895779252052307129e-01 -4.315816462039947510e-01 -9.999983310699462891e-01 -5.795537829399108887e-01 -7.780838608741760254e-01 4.589359164237976074e-01 -3.895664513111114502e-01 1.159013435244560242e-02 4.705367982387542725e-01 6.367933005094528198e-02 9.986335039138793945e-01 -9.695431590080261230e-01 -7.815148681402206421e-02 3.991249799728393555e-01 -8.625845611095428467e-02 2.029539197683334351e-01 -2.486961632966995239e-01 3.224144279956817627e-01 8.484041690826416016e-01 4.072103798389434814e-01 -2.984749078750610352e-01 -6.533774137496948242e-01 -5.881307125091552734e-01
2.744943201541900635e-01 8.579086661338806152e-01 -7.048916071653366089e-02 1.758903414011001587e-01 -2.974614500999450684e-01 -8.226050138473510742e-01 9.927944540977478027e-01 -9.866465926170349121e-01 -8.159369230270385742e-02 -6.915867924690246582e-01 1.027807891368865967e-01 -4.581992924213409424e-01 -3.061001002788543701e-01 -5.015843510627746582e-01 -3.470470011234283447e-01 -2.041377276182174683e-01 -2.119467556476593018e-01 4.401118755340576172e-01 -4.640691280364990234e-01 -9.691593050956726074e-02 3.156366646289825439e-01 2.156240865588188171e-02 9.404856562614440918e-01 -6.820810586214065552e-02 9.900412559509277344e-01 9.536679387092590332e-01 1.616974174976348877e-02 -1.789025962352752686e-01 -2.055142223834991455e-01 7.821881175041198730e-01 6.113336086273193359e-01 1.638969779014587402e-01 -3.651155829429626465e-01 1.244443207979202271e-01 7.973483204841613770e-01 -3.467555716633796692e-02 -2.946074306964874268e-01 -1.353318244218826294e-01 2.671720385551452637e-01 -3.454986810684204102e-01 -6.977228075265884399e-02 2.462853789329528809e-01 4.676743149757385254e-01 -9.882854819297790527e-01 -7.668763399124145508e-02 8.982018232345581055e-01 -9.816035628318786621e-01 -1.082700565457344055e-01 5.161371231079101562e-01 3.001044094562530518e-01 7.326316237449645996e-01 2.974779903888702393e-01 9.548639655113220215e-01 -2.359819412231445312e-01 -3.857291340827941895e-01 1.881253570318222046e-01 3.376788496971130371e-01 4.431999027729034424e-01 -9.962012767791748047e-01 -6.086108684539794922e-01 -4.150007963180541992e-01 2.638732194900512695e-01 9.289991855621337891e-01 6.091519072651863098e-02 -5.112853646278381348e-02 -9.349200725555419922e-01 8.656625747680664062e-01 -1.257933080196380615e-01 -8.614604920148849487e-02 9.919364452362060547e-01 -8.045056462287902832e-02 9.966209530830383301e-01 -8.197093009948730469e-01 -9.404817819595336914e-01 -7.682256698608398438e-01 -1.512858718633651733e-01 5.160043239593505859e-01 -2.966559529304504395e-01 6.149787921458482742e-03 -5.223810672760009766e-02 -9.883499145507812500e-01 -2.968830168247222900e-01 9.872845411300659180e-01 -5.620937943458557129e-01 4.869134426116943359e-01 -9.785094261169433594e-01 5.296250581741333008e-01 3.551352322101593018e-01 -1.858309209346771240e-01 -3.664457201957702637e-01 -6.416742205619812012e-01 -1.740219593048095703e-01 5.480419397354125977e-01 -6.976430416107177734e-01 -7.402395606040954590e-01 9.838278293609619141e-01 9.563897252082824707e-01 -1.192848309874534607e-01 -8.087138533592224121e-01 -5.547776818275451660e-01 -8.955737948417663574e-01 -8.437243103981018066e-01 -6.621945649385452271e-02 -3.025915622711181641e-01 2.383640259504318237e-01 -2.408898025751113892e-01 9.994601011276245117e-01 6.242561340332031250e-01 -6.226053237915039062e-01 6.154895424842834473e-01 -2.411396503448486328e-01 7.662249803543090820e-01 9.085535407066345215e-01 -8.197801709175109863e-01 -8.611692115664482117e-03 2.645423114299774170e-01 -9.502509236335754395e-01 1.499686837196350098e-01 2.521926462650299072e-01 9.745559692382812500e-01 -9.050358533859252930e-01 -4.804162085056304932e-01 -7.671613693237304688e-01 9.953003525733947754e-01 2.550822496414184570e-01 3.216805458068847656e-01 -9.997036457061767578e-01 2.196644991636276245e-02 -3.569052517414093018e-01 -1.229194700717926025e-01 8.298856019973754883e-01 3.385747969150543213e-01 9.921050071716308594e-01 -1.267295926809310913e-01 3.181492388248443604e-01 -9.943858385086059570e-01 9.929659366607666016e-01 -9.429184794425964355e-01 -9.525160193443298340e-01 -9.939673542976379395e-02 9.960334300994873047e-01 1.598324179649353027e-01 -5.851887166500091553e-03 9.895665049552917480e-01 -2.022949308156967163e-01 3.075820505619049072e-01 -9.698992967605590820e-01 3.917847946286201477e-02 8.132238388061523438e-01 -2.332409918308258057e-01 -2.795685529708862305e-01 -1.007114797830581665e-01 9.147286415100097656e-01 -3.734777867794036865e-01 -6.369677931070327759e-02 -3.463155031204223633e-01 -8.464526534080505371e-01 -9.512845277786254883e-01 -4.086122214794158936e-01 -8.118787407875061035e-02 5.167550593614578247e-02 -6.163725256919860840e-02 1.521034836769104004e-01 -1.417076438665390015e-01 9.983392357826232910e-01 -8.060574531555175781e-03 4.897411763668060303e-01 1.048660054802894592e-01 9.891950488090515137e-01 6.518879532814025879e-01 3.673397898674011230e-01 -6.539078950881958008e-01 -8.515459299087524414e-02 -8.067371845245361328e-01 -3.126522898674011230e-02 -2.644148170948028564e-01 -7.916585803031921387e-01 -1.465726792812347412e-01 9.885283708572387695e-01 9.949285984039306641e-01 9.313765168190002441e-01 7.599245756864547729e-02 9.885619282722473145e-01 -8.866370916366577148e-01 4.119747579097747803e-01 -8.143135905265808105e-01 -7.604401111602783203e-01 -1.947137415409088135e-01 6.304944753646850586e-01 7.321426868438720703e-01 7.079486250877380371e-01 -9.883264303207397461e-01 -5.684275031089782715e-01 4.689598921686410904e-03 9.926350116729736328e-01 -2.095478624105453491e-01 -9.799988865852355957e-01 -7.720305323600769043e-01 -7.496790885925292969e-01 1.299805194139480591e-01 -2.018113434314727783e-02 -6.928604841232299805e-01 1.263382136821746826e-01 3.968925476074218750e-01 1.885043084621429443e-01 -2.451143264770507812e-01 2.003874070942401886e-02 9.847328662872314453e-01 9.873620271682739258e-01 -3.816083371639251709e-01 -9.645432233810424805e-01 -1.563838422298431396e-01 -3.505588322877883911e-02 3.433797657489776611e-01 7.770010232925415039e-01 -3.883509337902069092e-01 6.362586021423339844e-01 1.211269646883010864e-01 6.296995282173156738e-01 -1.267321705818176270e-01 -4.947651922702789307e-01 4.366581737995147705e-01 2.357263118028640747e-01 5.674265027046203613e-01 -8.566001057624816895e-01 4.105370044708251953e-01 -8.868363499641418457e-01 -2.536410391330718994e-01 -9.342647194862365723e-01 9.712508916854858398e-01 3.283695876598358154e-01 4.695199131965637207e-01 -5.662647262215614319e-02 -1.304330676794052124e-01 8.992026448249816895e-01 2.559565305709838867e-01 -7.165835499763488770e-01 6.440337747335433960e-03 -7.402098923921585083e-02 1.235472336411476135e-01 9.518110156059265137e-01 9.993330240249633789e-01 -3.088636398315429688e-01 5.877875685691833496e-01 9.841692447662353516e-01 -1.264537870883941650e-01 9.816032052040100098e-01 7.742451969534158707e-03 -3.204458355903625488e-01 -1.075630336999893188e-01 1.750497221946716309e-01 -1.438595205545425415e-01 -6.329181790351867676e-01 -3.950085863471031189e-02 9.815142750740051270e-01 -5.462376475334167480e-01 6.341416388750076294e-03 -9.896227717399597168e-01 -4.705732464790344238e-01 -1.828988343477249146e-01 -4.923559427261352539e-01 -7.950898408889770508e-01 1.542089283466339111e-01 -6.006445884704589844e-01 -4.106210544705390930e-02 9.774944186210632324e-01 8.779118061065673828e-01 -9.878452420234680176e-01 9.950936585664749146e-02 -2.791214287281036377e-01 9.995011687278747559e-01 8.905975520610809326e-02 -9.698804020881652832e-01 9.892314672470092773e-01 -5.285109281539916992e-01 -9.737968444824218750e-01 8.709282875061035156e-01 4.165667891502380371e-01 6.396625638008117676e-01 1.105224620550870895e-02 -9.345318078994750977e-01 -9.776725172996520996e-01 9.089054465293884277e-01 9.920556545257568359e-01 9.210191369056701660e-01 -1.982550173997879028e-01 3.432606160640716553e-01 -8.683859556913375854e-02 -9.835397601127624512e-01 -9.996200799942016602e-01 -8.837685585021972656e-01 3.021906316280364990e-01 2.756969630718231201e-01 -9.057443141937255859e-01 8.749919533729553223e-01 -9.984192848205566406e-01 -2.391112297773361206e-01 9.018113613128662109e-01 -4.254212379455566406e-01 9.859279990196228027e-01 9.898447394371032715e-01 -9.994311332702636719e-01 1.437972784042358398e-01 9.825664758682250977e-01 9.102149307727813721e-02 5.571742057800292969e-01 2.249736636877059937e-01 9.937027096748352051e-01 7.372286915779113770e-01 -3.194858133792877197e-02 -2.963273227214813232e-01 -2.323311381042003632e-02 2.410331666469573975e-01 9.976684451103210449e-01 8.069829344749450684e-01 -3.282849863171577454e-02 1.069508939981460571e-01 5.809580534696578979e-02 1.102764382958412170e-01 9.984955191612243652e-01 2.012735903263092041e-01 -9.797011613845825195e-01 2.822204679250717163e-02 -3.519009947776794434e-01 3.761576116085052490e-02 7.365736365318298340e-02 -8.249534368515014648e-01 -4.228601753711700439e-01 -5.887998938560485840e-01 6.410345435142517090e-01 9.537428617477416992e-01 -9.958506375551223755e-02 2.097373455762863159e-01 -5.079210400581359863e-01 -1.159079447388648987e-01 -1.041762456297874451e-01 1.875342875719070435e-01 -9.635416865348815918e-01 -8.605387806892395020e-01 4.570723474025726318e-01 9.857645034790039062e-01 -1.419608592987060547e-01 -1.667808890342712402e-01 9.817001819610595703e-01 -9.542375802993774414e-01 9.731910228729248047e-01 3.716104626655578613e-01 9.930298328399658203e-01 2.904303073883056641e-01 6.936718225479125977e-01 5.242078900337219238e-01 -1.713391095399856567e-01 8.757320046424865723e-01 -7.119526714086532593e-02 6.552698612213134766e-01 7.210126612335443497e-03 3.123707473278045654e-01 1.722881793975830078e-01 -2.899164557456970215e-01 -4.917423427104949951e-02 -9.772512316703796387e-01 -7.040439248085021973e-01 -3.306040540337562561e-02 -4.502624869346618652e-01 9.515079855918884277e-02 -9.482539296150207520e-01 -7.111377120018005371e-01 -2.599414288997650146e-01 -4.183804392814636230e-01 2.009361535310745239e-01 -1.423224657773971558e-01 8.023871779441833496e-01 -5.503763556480407715e-01 -7.700990885496139526e-02 2.537558078765869141e-01 -9.963415861129760742e-01 4.188479781150817871e-01 4.235761463642120361e-01 1.444816775619983673e-02 4.647029340267181396e-01 2.262834459543228149e-01 2.332653403282165527e-01 -9.944034814834594727e-01 1.552333310246467590e-02 9.635056257247924805e-01 6.927255988121032715e-01 2.955509126186370850e-01 1.522583216428756714e-01 7.284656763076782227e-01 -9.190225973725318909e-03 -5.272805094718933105e-01 8.380794525146484375e-01 -9.996222853660583496e-01 -2.386911213397979736e-01 -1.594829410314559937e-01 -3.348912894725799561e-01 1.142674013972282410e-01 -3.432089388370513916e-01 9.786012768745422363e-01 -1.784284412860870361e-01 -2.255808934569358826e-02 3.696592152118682861e-01 8.465394973754882812e-01 -1.164981946349143982e-01 6.571557521820068359e-01 -9.961288571357727051e-01 -7.665053009986877441e-01 -3.429410457611083984e-01 2.480765283107757568e-01 -9.727895855903625488e-01 8.194202780723571777e-01 8.983659744262695312e-01 -9.927917718887329102e-01 -4.239389598369598389e-01 -1.529801338911056519e-01 2.271965146064758301e-01 -3.436868265271186829e-02 4.833323061466217041e-01 -8.130604624748229980e-01 -8.766053915023803711e-01 -1.069789007306098938e-01 9.265958666801452637e-01 -1.304362416267395020e-01 9.900848865509033203e-01 -1.445803046226501465e-01 -9.861987829208374023e-01 -1.392309516668319702e-01 -2.650052867829799652e-02 5.985628440976142883e-02 -4.527724161744117737e-02 8.611327037215232849e-03 -9.956468939781188965e-01 6.498217582702636719e-01 -9.900611639022827148e-01 -9.547928571701049805e-01 2.179185748100280762e-01 -9.246031641960144043e-01 -5.059285089373588562e-02 1.305932551622390747e-01 -3.293745517730712891e-01 -8.020340651273727417e-02 -9.956638216972351074e-01 -9.981432557106018066e-01 3.738333582878112793e-01 -9.765766859054565430e-01 -9.719291329383850098e-01 -9.939178824424743652e-01 -1.555117666721343994e-01 -2.943995594978332520e-01 -1.159994080662727356e-01 2.074185162782669067e-01 -1.442688703536987305e-01 3.169024288654327393e-01 5.761995911598205566e-01 2.632880210876464844e-01 9.104672670364379883e-01 5.372783541679382324e-01 3.267838060855865479e-02 1.015176624059677124e-02 9.678977727890014648e-01 -6.087757349014282227e-01 3.180701136589050293e-01 -9.966565370559692383e-01 2.185530066490173340e-01 5.140928030014038086e-01 9.902632236480712891e-01 9.253507256507873535e-01 9.914873242378234863e-01 -9.951313138008117676e-01 -3.711345419287681580e-02 1.465726196765899658e-01 -6.035218015313148499e-02 5.592009425163269043e-01 -4.503453075885772705e-01 1.742912679910659790e-01 -9.490628242492675781e-01 -8.608776926994323730e-01 -1.793785542249679565e-01 -9.959755539894104004e-01 9.896158576011657715e-01 -3.807907998561859131e-01 9.989846497774124146e-02 2.205680459737777710e-01 2.870404720306396484e-01 4.120209515094757080e-01 -9.193129539489746094e-01 -6.395319700241088867e-01 6.001964211463928223e-02 5.995687469840049744e-02 -5.271986126899719238e-02 -1.582303643226623535e-01 -9.999851584434509277e-01 -7.267291545867919922e-01 -9.652031064033508301e-01 1.132584586739540100e-01 -1.870216429233551025e-01 -2.457900345325469971e-02 4.643114805221557617e-01 7.883740067481994629e-01 9.999302625656127930e-01 -9.893186092376708984e-01 1.175697967410087585e-01 -3.572227060794830322e-02 -1.787641644477844238e-01 -1.731270998716354370e-01 -9.677219390869140625e-01 -2.267249375581741333e-01 7.778039574623107910e-01 3.776134252548217773e-01 -9.236805886030197144e-02 -3.547812104225158691e-01 -9.080840349197387695e-01
-9.405192136764526367e-01 9.910801053047180176e-01 -5.676119029521942139e-02 3.110369741916656494e-01 -2.703092694282531738e-01 -9.651153683662414551e-01 9.988464117050170898e-01 -9.928746819496154785e-01 1.729926280677318573e-02 -9.700932502746582031e-01 -5.364266410470008850e-02 -7.615982890129089355e-01 -2.628137469291687012e-01 -9.808943271636962891e-01 -8.287304043769836426e-01 2.535768039524555206e-02 1.235269382596015930e-01 -6.341969221830368042e-02 -6.548522114753723145e-01 3.390161991119384766e-01 5.702980756759643555e-01 1.806337982416152954e-01 8.032654523849487305e-01 -3.400444984436035156e-01 9.988409876823425293e-01 9.379996657371520996e-01 -2.617243230342864990e-01 -1.495510637760162354e-01 1.262701302766799927e-01 7.035833597183227539e-01 8.683626055717468262e-01 -1.265651583671569824e-01 7.102422416210174561e-02 4.926490038633346558e-02 -7.910940647125244141e-01 -4.773865342140197754e-01 -3.892109394073486328e-01 -4.499585628509521484e-01 9.955288767814636230e-01 -3.614302873611450195e-01 -8.985870331525802612e-02 -2.196144759654998779e-01 1.789038628339767456e-01 -9.374780058860778809e-01 9.521745145320892334e-02 9.530169963836669922e-01 -9.959862828254699707e-01 -4.473041892051696777e-01 2.536914944648742676e-01 -5.595828294754028320e-01 9.776424169540405273e-01 7.914716377854347229e-03 6.651006937026977539e-01 1.354083977639675140e-02 -3.448378741741180420e-01 3.658851981163024902e-01 2.315807193517684937e-01 -2.493429183959960938e-01 -9.996624588966369629e-01 -1.425431221723556519e-01 1.119442060589790344e-01 -2.561765536665916443e-02 9.684255719184875488e-01 2.071790844202041626e-01 -1.914666444063186646e-01 -9.485718011856079102e-01 9.576359391212463379e-01 1.967613771557807922e-02 1.885129362344741821e-01 9.889549612998962402e-01 5.035239458084106445e-01 9.999689459800720215e-01 -7.907768487930297852e-01 -9.923546910285949707e-01 -8.112145662307739258e-01 2.079983428120613098e-02 -4.272335767745971680e-02 -8.212223052978515625e-01 -1.165703162550926208e-01 -2.406923770904541016e-01 -8.088405132293701172e-01 -3.271516412496566772e-02 9.678709506988525391e-01 -2.093049734830856323e-01 7.561224699020385742e-01 -9.652329683303833008e-01 1.046013981103897095e-01 1.529369503259658813e-01 -5.088171362876892090e-01 1.447509825229644775e-01 -8.790223002433776855e-01 4.745549708604812622e-02 5.466767549514770508e-01 -8.504153490066528320e-01 -9.060848355293273926e-01 8.086033463478088379e-01 8.252677321434020996e-01 -3.031995296478271484e-01 -9.949316382408142090e-01 1.033715829253196716e-01 -7.718876600265502930e-01 -9.808836579322814941e-01 4.210512638092041016e-01 1.481238901615142822e-01 7.887365669012069702e-02 1.566084027290344238e-01 8.880404233932495117e-01 4.405185282230377197e-01 -1.784706264734268188e-01 9.412262439727783203e-01 1.504843682050704956e-01 5.695391297340393066e-01 -9.264189600944519043e-01 -9.292578697204589844e-01 -2.134808450937271118e-01 3.112520873546600342e-01 -9.335195422172546387e-01 -1.528975218534469604e-01 1.885860860347747803e-01 9.938843846321105957e-01 -8.753292560577392578e-01 -2.704060375690460205e-01 -9.482022523880004883e-01 9.820305109024047852e-01 -4.148851335048675537e-01 -2.807825803756713867e-04 -9.965298771858215332e-01 -3.624880015850067139e-01 -3.611563742160797119e-01 -3.653872013092041016e-02 9.183549880981445312e-01 9.571425914764404297e-01 5.171751976013183594e-01 3.073654770851135254e-01 4.048761129379272461e-01 -9.583522677421569824e-01 8.784389495849609375e-01 -9.710643887519836426e-01 -3.543792366981506348e-01 3.174115419387817383e-01 9.985250830650329590e-01 2.923852801322937012e-01 -1.923861652612686157e-01 9.739723801612854004e-01 1.712777093052864075e-02 -3.928404152393341064e-01 -9.603778123855590820e-01 3.488980233669281006e-02 1.881646923720836639e-02 -2.244582176208496094e-01 -5.916013121604919434e-01 -3.924329280853271484e-01 4.228262603282928467e-01 -5.040564537048339844e-01 2.916575372219085693e-01 -4.206307828426361084e-01 -8.042244315147399902e-01 -3.643428385257720947e-01 5.455380678176879883e-02 4.123292863368988037e-01 -3.392418920993804932e-01 2.198612093925476074e-01 7.302330434322357178e-02 -5.372534394264221191e-01 9.998547434806823730e-01 -3.668994903564453125e-01 -3.098203539848327637e-01 -6.005179882049560547e-01 8.766489028930664062e-01 9.576948881149291992e-01 2.749023139476776123e-01 -8.459709286689758301e-01 -2.054113894701004028e-01 -7.216014266014099121e-01 -9.188754111528396606e-02 2.003987878561019897e-01 3.504700064659118652e-01 6.010167300701141357e-02 9.995066523551940918e-01 9.069188833236694336e-01 9.298462867736816406e-01 3.304613232612609863e-01 9.752959609031677246e-01 -5.429829955101013184e-01 8.713941574096679688e-01 -9.990087747573852539e-01 -9.707944393157958984e-01 8.042647242546081543e-01 4.179727435111999512e-01 1.932031214237213135e-01 -5.653983950614929199e-01 -9.885802865028381348e-01 6.981026530265808105e-01 -1.910949200391769409e-01 9.321722388267517090e-01 -2.243033349514007568e-01 -1.201256886124610901e-01 -9.142443537712097168e-01 -4.819670915603637695e-01 -1.644028276205062866e-01 -1.987456083297729492e-01 -5.449758172035217285e-01 6.590803861618041992e-01 7.676678895950317383e-02 4.905681908130645752e-01 8.785461783409118652e-01 -2.110136002302169800e-01 7.013278603553771973e-01 3.811333477497100830e-01 -2.042426466941833496e-01 -9.344210028648376465e-01 7.974188327789306641e-01 -1.032710671424865723e-01 3.605819642543792725e-01 9.143010377883911133e-01 -4.935189187526702881e-01 3.291013836860656738e-01 9.944068789482116699e-01 7.052308917045593262e-01 -2.283293288201093674e-03 -8.258260488510131836e-01 1.176576986908912659e-01 -8.995695710182189941e-01 5.397970080375671387e-01 2.807087004184722900e-01 8.114938735961914062e-01 -9.826593995094299316e-01 -2.137307822704315186e-01 4.249652922153472900e-01 9.993652105331420898e-01 2.954016625881195068e-01 1.881903707981109619e-01 -2.284245193004608154e-01 3.092102706432342529e-01 9.743071198463439941e-01 3.887864053249359131e-01 -9.484477639198303223e-01 -5.702429637312889099e-02 4.198793768882751465e-01 1.546726375818252563e-01 9.954621195793151855e-01 9.997009634971618652e-01 5.401443317532539368e-02 9.859672784805297852e-01 9.715231060981750488e-01 2.227644622325897217e-01 9.787662029266357422e-01 1.194189116358757019e-01 -2.043062448501586914e-01 -1.460553556680679321e-01 3.765087425708770752e-01 -1.241321414709091187e-01 -1.986216455698013306e-01 3.858904540538787842e-01 9.995542764663696289e-01 -4.288379251956939697e-01 -2.756161689758300781e-01 -9.989957213401794434e-01 -4.083362817764282227e-01 -8.177496194839477539e-01 -5.673316121101379395e-01 -2.517859935760498047e-01 4.819954559206962585e-02 -7.703620195388793945e-01 -2.830405160784721375e-02 9.404522776603698730e-01 9.756618738174438477e-01 -9.983292222023010254e-01 -3.473362624645233154e-01 -4.010086655616760254e-01 9.979373216629028320e-01 -2.574283182621002197e-01 -9.888893365859985352e-01 9.986594915390014648e-01 -4.251215755939483643e-01 -8.987020254135131836e-01 9.712534546852111816e-01 5.191462635993957520e-01 8.306758999824523926e-01 2.643556892871856689e-01 -9.911932945251464844e-01 -9.957267642021179199e-01 3.357554972171783447e-01 9.890116453170776367e-01 9.908951520919799805e-01 -1.442207694053649902e-01 3.002852499485015869e-01 3.437543213367462158e-01 -9.900328516960144043e-01 -9.968571066856384277e-01 -9.276120662689208984e-01 4.774039089679718018e-01 3.524392247200012207e-01 -9.739893674850463867e-01 9.293268918991088867e-01 -8.728762865066528320e-01 -1.883576214313507080e-01 7.907093167304992676e-01 -1.447878330945968628e-01 9.835857748985290527e-01 9.987426400184631348e-01 -9.524717926979064941e-01 -2.051940113306045532e-01 9.752693176269531250e-01 -2.344301939010620117e-01 8.272961974143981934e-01 -1.238180026412010193e-01 9.034795761108398438e-01 -4.050568640232086182e-01 2.126662284135818481e-01 1.248849481344223022e-01 -6.629700660705566406e-01 1.993014961481094360e-01 9.292184710502624512e-01 -2.403876334428787231e-01 -2.635800540447235107e-01 3.072137534618377686e-01 5.711097717285156250e-01 4.215923249721527100e-01 9.964423179626464844e-01 4.023283123970031738e-01 -9.742032885551452637e-01 -1.809369176626205444e-01 9.129335284233093262e-01 2.255917489528656006e-01 -3.109464645385742188e-01 -9.837079048156738281e-01 -2.945760786533355713e-01 -7.686378955841064453e-01 -9.463367462158203125e-01 9.519968628883361816e-01 -1.962017640471458435e-02 6.047672778367996216e-02 8.716945648193359375e-01 4.001930952072143555e-01 4.650516062974929810e-02 -3.211385607719421387e-01 -9.157369732856750488e-01 -9.262054562568664551e-01 1.954179555177688599e-01 9.950121045112609863e-01 -2.273109406232833862e-01 -5.495757460594177246e-01 9.458259344100952148e-01 -9.711374044418334961e-01 8.982135653495788574e-01 3.580173850059509277e-01 9.942018985748291016e-01 1.145002394914627075e-01 8.874217271804809570e-01 6.429445743560791016e-01 -1.101666539907455444e-01 4.752414226531982422e-01 -2.531644403934478760e-01 7.092950940132141113e-01 5.090710148215293884e-02 -3.842183053493499756e-01 -3.599134087562561035e-01 -4.612043499946594238e-01 4.687483888119459152e-03 -8.630149364471435547e-01 -6.432963013648986816e-01 -4.512257575988769531e-01 -4.401901066303253174e-01 -1.782766878604888916e-01 -9.889894127845764160e-01 -6.858396530151367188e-01 2.379996925592422485e-01 3.723714351654052734e-01 4.466962218284606934e-01 -1.405543982982635498e-01 9.646952152252197266e-01 -4.461704492568969727e-01 6.502508372068405151e-02 -1.133206300437450409e-02 -9.969916343688964844e-01 4.481484889984130859e-01 2.504444420337677002e-01 -1.152117475867271423e-01 1.846148371696472168e-01 -7.704445123672485352e-01 1.659604609012603760e-01 -9.978326559066772461e-01 1.765305101871490479e-01 9.580115079879760742e-01 -6.821792721748352051e-01 4.024105370044708252e-01 -1.401573270559310913e-01 9.566408991813659668e-01 -3.017660379409790039e-01 -3.088805377483367920e-01 -8.051353693008422852e-01 -9.992291927337646484e-01 -1.674921214580535889e-01 -4.631826281547546387e-01 -4.846059679985046387e-01 7.900958508253097534e-02 -5.140280723571777344e-01 9.716278314590454102e-01 6.761348992586135864e-02 2.531863749027252197e-01 -8.553153276443481445e-01 7.046731114387512207e-01 -4.529174864292144775e-01 9.549527764320373535e-01 -5.965126156806945801e-01 -7.343768477439880371e-01 -1.307335346937179565e-01 3.005078434944152832e-01 -9.971428513526916504e-01 9.235619902610778809e-01 9.937772750854492188e-01 -9.966264367103576660e-01 1.838565021753311157e-01 6.222268939018249512e-01 3.178500533103942871e-01 1.218295842409133911e-01 -5.036939978599548340e-01 -7.957808375358581543e-01 9.086645841598510742e-01 -4.579063057899475098e-01 9.852119684219360352e-01 1.509178150445222855e-02 9.725926518440246582e-01 4.865786135196685791e-01 -9.988049268722534180e-01 5.440152809023857117e-02 2.590744197368621826e-01 -4.408510774374008179e-02 2.558894753456115723e-01 6.213885545730590820e-01 -8.884533047676086426e-01 7.638497948646545410e-01 -9.981408715248107910e-01 -9.488303661346435547e-01 3.716192245483398438e-01 -7.911438941955566406e-01 -1.340158283710479736e-01 2.093314975500106812e-01 -2.241536676883697510e-01 8.259768784046173096e-02 -9.766547083854675293e-01 -9.982708692550659180e-01 1.175896897912025452e-01 -9.606119394302368164e-01 -3.634949326515197754e-01 -9.988512396812438965e-01 4.665220975875854492e-01 -3.236129283905029297e-01 3.092879056930541992e-01 2.188536822795867920e-01 -3.411703184247016907e-02 2.831575572490692139e-01 9.032757282257080078e-01 1.984324604272842407e-01 9.924944639205932617e-01 3.137231171131134033e-01 -1.153086647391319275e-01 1.013030186295509338e-01 9.511728882789611816e-01 -1.323637515306472778e-01 -1.012937873601913452e-01 -9.939221739768981934e-01 3.548528850078582764e-01 7.270013689994812012e-01 9.980830550193786621e-01 6.033440232276916504e-01 9.966354370117187500e-01 -9.991676807403564453e-01 -2.171892374753952026e-01 4.583173096179962158e-01 -9.921660423278808594e-01 5.877631902694702148e-01 -4.871206581592559814e-01 4.676201045513153076e-01 -9.072531461715698242e-01 -4.567380845546722412e-01 6.118923425674438477e-01 -9.993080496788024902e-01 9.798548221588134766e-01 -4.968438670039176941e-02 4.773887991905212402e-01 5.611254572868347168e-01 4.469583928585052490e-01 4.553630053997039795e-01 -8.517489433288574219e-01 -7.069317102432250977e-01 -6.787402629852294922e-01 -6.092714145779609680e-02 -3.276769518852233887e-01 -1.257533580064773560e-01 -9.999970793724060059e-01 5.593043193221092224e-02 -7.477053403854370117e-01 2.004417330026626587e-01 -5.201746709644794464e-03 3.313591480255126953e-01 5.188527107238769531e-01 -8.789597153663635254e-01 9.998776316642761230e-01 -9.933605194091796875e-01 -1.995538026094436646e-01 3.744017779827117920e-01 -1.972170770168304443e-01 2.580817043781280518e-01 -4.505374431610107422e-01 4.828905761241912842e-01 -1.473422050476074219e-01 1.725501418113708496e-01 -1.234298795461654663e-01 -5.820048451423645020e-01 -8.772338032722473145e-01
-5.368448495864868164e-01 -5.604611039161682129e-01 -9.283676743507385254e-02 2.607741951942443848e-01 -7.169464230537414551e-01 -1.696578115224838257e-01 9.991530776023864746e-01 -9.973129034042358398e-01 -4.019941389560699463e-01 -9.938230514526367188e-01 -8.593847602605819702e-02 -9.944335818290710449e-01 -3.538600802421569824e-01 -9.593597650527954102e-01 -8.790616393089294434e-01 -4.062792658805847168e-02 1.313431262969970703e-01 3.042302727699279785e-01 -7.184628844261169434e-01 -1.155313923954963684e-01 4.990006685256958008e-01 1.329403966665267944e-01 9.717302322387695312e-01 -8.094843029975891113e-01 9.960744380950927734e-01 8.319796919822692871e-01 -3.863575160503387451e-01 -5.610180497169494629e-01 -4.352662339806556702e-02 9.994270205497741699e-01 9.923754930496215820e-01 -1.612934470176696777e-02 5.833597108721733093e-02 -1.374349594116210938e-01 -9.655445814132690430e-01 -5.638960599899291992e-01 -4.378590732812881470e-02 -2.568175792694091797e-01 9.990575909614562988e-01 -6.341572105884552002e-02 2.134808152914047241e-01 -5.718325078487396240e-02 4.834867119789123535e-01 -9.990284442901611328e-01 -1.949638426303863525e-01 9.043495059013366699e-01 -9.993922114372253418e-01 -2.171929180622100830e-01 -6.382260322570800781e-01 -4.833177626132965088e-01 9.796749353408813477e-01 -4.230438172817230225e-02 9.989262819290161133e-01 -2.835695445537567139e-01 8.424263000488281250e-01 4.323275685310363770e-01 -2.140474468469619751e-01 -3.954230844974517822e-01 -9.997997283935546875e-01 9.201947450637817383e-01 3.656388819217681885e-02 3.867666702717542648e-03 9.984833002090454102e-01 -2.388786152005195618e-02 -1.716280169785022736e-02 -9.907410740852355957e-01 9.978239536285400391e-01 9.363455772399902344e-01 1.942651867866516113e-01 8.291255831718444824e-01 7.349562048912048340e-01 9.999848008155822754e-01 -4.805508852005004883e-01 -9.800106883049011230e-01 -8.141312003135681152e-01 -3.644018769264221191e-01 -9.613540023565292358e-02 2.843151688575744629e-01 1.736158728599548340e-01 1.196444556117057800e-01 -9.971514940261840820e-01 8.011815696954727173e-02 9.991096258163452148e-01 -6.105678081512451172e-01 9.994403719902038574e-01 -9.982331991195678711e-01 6.832391768693923950e-02 3.417318761348724365e-01 -3.488658964633941650e-01 3.306065797805786133e-01 -9.991179704666137695e-01 -1.221475079655647278e-01 2.211053669452667236e-01 -2.808104157447814941e-01 -8.132107853889465332e-01 9.907311797142028809e-01 9.877116680145263672e-01 4.526187479496002197e-02 -9.985675811767578125e-01 -3.780851662158966064e-01 -2.976225912570953369e-01 -9.695242643356323242e-01 2.395398169755935669e-01 6.820747256278991699e-02 1.498783472925424576e-02 -7.204046845436096191e-02 5.045235157012939453e-01 5.596314072608947754e-01 -3.361754417419433594e-01 -3.976023793220520020e-01 7.325746119022369385e-02 4.831058979034423828e-01 -9.913114309310913086e-01 -9.997231960296630859e-01 -5.027168989181518555e-01 4.569577574729919434e-01 -9.849683046340942383e-01 9.849489331245422363e-01 2.163285017013549805e-01 9.551722407341003418e-01 -8.526692986488342285e-01 -4.698825776576995850e-01 -9.971299767494201660e-01 9.138252735137939453e-01 -1.910928338766098022e-01 -1.056355834007263184e-01 -9.968561530113220215e-01 3.663162291049957275e-01 -4.040639102458953857e-01 -6.332490444183349609e-01 8.663544654846191406e-01 -4.321772456169128418e-01 9.512850046157836914e-01 1.869494915008544922e-01 3.832131624221801758e-01 -9.969621896743774414e-01 8.798539042472839355e-01 -9.995182156562805176e-01 -7.508392930030822754e-01 1.160172596573829651e-01 9.995015263557434082e-01 2.657060883939266205e-02 -3.545015454292297363e-01 9.853167533874511719e-01 1.185867562890052795e-01 9.427976608276367188e-01 -9.961034059524536133e-01 9.897783398628234863e-01 9.592901468276977539e-01 2.640485577285289764e-02 -3.812073767185211182e-01 -4.676888585090637207e-01 9.361501336097717285e-01 -6.448041796684265137e-01 1.507511734962463379e-01 -3.752698600292205811e-01 -9.963768124580383301e-01 -1.982450187206268311e-01 2.664758861064910889e-01 3.952134847640991211e-01 1.548323631286621094e-01 2.640752494335174561e-01 -4.765259027481079102e-01 -4.671381711959838867e-01 9.999981522560119629e-01 -2.732174098491668701e-01 -2.256299406290054321e-01 -5.946033000946044922e-01 9.957038164138793945e-01 2.113649100065231323e-01 1.543053984642028809e-01 -9.422815442085266113e-01 -9.687850475311279297e-01 -9.992818236351013184e-01 5.486728549003601074e-01 3.043177910149097443e-02 8.236618638038635254e-01 1.380695849657058716e-01 9.914339780807495117e-01 9.928292036056518555e-01 9.720219969749450684e-01 -2.034350037574768066e-01 9.210029840469360352e-01 -9.840915799140930176e-01 8.536140322685241699e-01 -9.100110530853271484e-01 -9.950045943260192871e-01 9.816642999649047852e-01 4.839942455291748047e-01 9.985100030899047852e-01 8.447465300559997559e-01 -9.566419124603271484e-01 9.130964279174804688e-01 -2.504727840423583984e-01 9.758977890014648438e-01 -2.897718548774719238e-01 -2.155304402112960815e-01 -9.997490048408508301e-01 -7.980889081954956055e-01 1.500332653522491455e-01 -6.428311020135879517e-02 -5.626181960105895996e-01 8.836461901664733887e-01 5.113735795021057129e-01 -1.165142133831977844e-01 -1.596665680408477783e-01 3.554195761680603027e-01 9.981680512428283691e-01 9.977553486824035645e-01 -1.446644365787506104e-01 -1.766720563173294067e-01 -9.551926851272583008e-01 3.459566459059715271e-02 6.254407167434692383e-01 9.994892477989196777e-01 7.363706231117248535e-01 9.494519233703613281e-01 9.901732802391052246e-01 9.994868040084838867e-01 7.949626445770263672e-02 -9.822716712951660156e-01 -1.427911967039108276e-01 1.517275422811508179e-01 5.063033103942871094e-01 -9.654285907745361328e-01 -9.201667904853820801e-01 -9.997411370277404785e-01 9.278602898120880127e-02 9.809727072715759277e-01 9.863047599792480469e-01 -3.814417421817779541e-01 3.931742608547210693e-01 1.423478275537490845e-01 2.755962312221527100e-01 9.984204769134521484e-01 4.407580792903900146e-01 8.557992577552795410e-01 -3.253742754459381104e-01 3.534677922725677490e-01 7.799917459487915039e-02 9.472199678421020508e-01 9.999133944511413574e-01 -9.869366288185119629e-01 9.239748120307922363e-01 9.989274740219116211e-01 -8.879648149013519287e-02 9.740095138549804688e-01 1.777140051126480103e-01 -6.206091642379760742e-01 -6.028963997960090637e-02 3.944020867347717285e-01 5.881525576114654541e-02 -9.565081447362899780e-02 2.959822118282318115e-01 9.997231960296630859e-01 -1.744077503681182861e-01 -2.627287060022354126e-02 -9.961816072463989258e-01 -1.192739382386207581e-01 5.642133355140686035e-01 -2.315879166126251221e-01 -9.857440590858459473e-01 2.414929568767547607e-01 -8.635911941528320312e-01 -9.989940375089645386e-02 8.922967314720153809e-01 9.979891777038574219e-01 -9.978697299957275391e-01 -1.118186935782432556e-01 -3.566406965255737305e-01 9.864018559455871582e-01 -1.165893226861953735e-01 -9.985583424568176270e-01 9.999522566795349121e-01 -6.480766534805297852e-01 -9.755701422691345215e-01 9.710205197334289551e-01 -9.307193011045455933e-02 8.443465232849121094e-01 3.225033283233642578e-01 -9.011980891227722168e-01 -9.954584240913391113e-01 9.853799939155578613e-01 9.857894778251647949e-01 5.424926057457923889e-03 -1.059722900390625000e-01 1.047661006450653076e-01 8.354190737009048462e-02 -9.998878240585327148e-01 -9.999536871910095215e-01 -9.943934082984924316e-01 5.379594564437866211e-01 3.223901093006134033e-01 -9.236369132995605469e-01 9.993315339088439941e-01 -9.987128376960754395e-01 -1.167383864521980286e-01 9.904583096504211426e-01 -1.780088394880294800e-01 9.997528791427612305e-01 9.790533781051635742e-01 -9.971506595611572266e-01 -9.762885570526123047e-01 9.974240064620971680e-01 -4.610554873943328857e-01 8.206034898757934570e-01 -3.216905593872070312e-01 9.970006942749023438e-01 5.505536198616027832e-01 1.968593597412109375e-01 2.425046712160110474e-01 -9.895974397659301758e-01 3.725545704364776611e-01 9.836740493774414062e-01 3.839108645915985107e-01 -9.792412817478179932e-02 -4.905702769756317139e-01 4.149019122123718262e-01 4.769257307052612305e-01 9.980950355529785156e-01 1.329329758882522583e-01 -9.475471973419189453e-01 -2.643135488033294678e-01 -8.506749868392944336e-01 -1.507248431444168091e-01 -4.078226387500762939e-01 -9.259025454521179199e-01 8.427188992500305176e-01 -9.995399117469787598e-01 -2.773272097110748291e-01 9.986854791641235352e-01 -2.024518847465515137e-01 1.299522519111633301e-01 1.109719574451446533e-01 1.852577626705169678e-01 2.759386599063873291e-01 5.986633151769638062e-02 -9.084162712097167969e-01 -9.913423657417297363e-01 4.863518476486206055e-01 9.985545277595520020e-01 -2.646248638629913330e-01 -4.179601669311523438e-01 9.878408908843994141e-01 -9.898555278778076172e-01 9.145395755767822266e-01 9.926426410675048828e-01 9.991838335990905762e-01 -3.225345611572265625e-01 9.310413002967834473e-01 5.152387619018554688e-01 8.446397632360458374e-02 -6.122973561286926270e-01 -2.206986546516418457e-01 9.994810819625854492e-01 1.259146332740783691e-01 1.338598430156707764e-01 -2.267257273197174072e-01 -4.417986273765563965e-01 1.022627130150794983e-01 -4.905126690864562988e-01 -9.991739392280578613e-01 -6.333205103874206543e-01 -2.791194319725036621e-01 2.459595352411270142e-01 -9.372066855430603027e-01 -9.994404315948486328e-01 1.358831077814102173e-01 3.161348700523376465e-01 3.848399519920349121e-01 -2.191541939973831177e-01 8.571198582649230957e-01 -2.514231204986572266e-01 6.326012611389160156e-01 -3.032925724983215332e-02 -9.996959567070007324e-01 4.540252387523651123e-01 4.395310878753662109e-01 -3.754952251911163330e-01 -3.419490158557891846e-01 8.371116518974304199e-01 3.180129826068878174e-01 -9.740020632743835449e-01 1.931189745664596558e-01 9.996263980865478516e-01 -6.861543059349060059e-01 5.643137097358703613e-01 2.216697297990322113e-02 9.471043944358825684e-01 -4.049644172191619873e-01 -3.612946569919586182e-01 -5.904369354248046875e-01 -9.998821020126342773e-01 -6.922866404056549072e-02 -2.863356769084930420e-01 -4.457456469535827637e-01 2.112402915954589844e-01 -7.299980521202087402e-01 9.429529905319213867e-01 -2.381134778261184692e-02 1.852931231260299683e-01 8.501365780830383301e-01 9.882910251617431641e-01 -1.857827454805374146e-01 1.931942701339721680e-01 -9.486124515533447266e-01 -9.982037544250488281e-01 -4.621040821075439453e-01 4.825116097927093506e-01 -9.954128265380859375e-01 3.103782534599304199e-01 9.792224764823913574e-01 -9.994568824768066406e-01 2.092540562152862549e-01 4.517920315265655518e-01 5.264334678649902344e-01 3.238680958747863770e-01 7.873550653457641602e-01 9.948297590017318726e-02 -8.554943203926086426e-01 -3.095995485782623291e-01 7.380520105361938477e-01 7.697012275457382202e-02 8.650724887847900391e-01 3.140867948532104492e-01 -9.213896393775939941e-01 -3.322056233882904053e-01 2.406283766031265259e-01 2.755038142204284668e-01 -7.549831271171569824e-02 1.697814464569091797e-01 -9.954366683959960938e-01 9.673051238059997559e-01 -9.999825954437255859e-01 -9.947626590728759766e-01 2.915808260440826416e-01 -8.401815891265869141e-01 -9.939270019531250000e-01 1.151811983436346054e-02 -5.652836561203002930e-01 -4.026116132736206055e-01 -9.993081688880920410e-01 -9.719527363777160645e-01 -1.043901517987251282e-01 -9.590489268302917480e-01 -9.891062974929809570e-01 -9.967285394668579102e-01 3.031306266784667969e-01 -1.919332593679428101e-01 3.437275588512420654e-01 5.953762531280517578e-01 -1.757701337337493896e-01 1.424700915813446045e-01 9.993097782135009766e-01 5.031525492668151855e-01 9.870994687080383301e-01 2.013336569070816040e-01 -3.067542016506195068e-01 3.010742962360382080e-01 9.871364831924438477e-01 -7.050377130508422852e-01 4.251412749290466309e-01 -9.962142109870910645e-01 1.556472331285476685e-01 9.995639920234680176e-01 9.997369050979614258e-01 9.795016050338745117e-01 9.846746325492858887e-01 -9.948152303695678711e-01 -1.298293620347976685e-01 6.146429777145385742e-01 -3.652897775173187256e-01 9.819979071617126465e-01 1.634741723537445068e-01 4.587410390377044678e-01 -9.993221759796142578e-01 -9.492904543876647949e-01 3.017120361328125000e-01 -7.873169779777526855e-01 9.733123183250427246e-01 1.513151973485946655e-01 2.530402243137359619e-01 1.081350520253181458e-01 9.508264809846878052e-02 -1.035020500421524048e-01 -9.921984672546386719e-01 -9.896011352539062500e-01 -5.716900825500488281e-01 3.467106223106384277e-01 -4.379834532737731934e-01 -1.546243019402027130e-02 -9.999964237213134766e-01 -7.434858679771423340e-01 5.942531824111938477e-01 3.341584503650665283e-01 -3.361122608184814453e-01 2.517333030700683594e-01 4.869995415210723877e-01 -9.289970397949218750e-01 9.999687075614929199e-01 -9.932983517646789551e-01 4.868770763278007507e-02 -1.032140627503395081e-01 -3.738411664962768555e-01 -4.577511548995971680e-02 -9.960196018218994141e-01 -1.647957414388656616e-01 8.526462912559509277e-01 1.445045173168182373e-01 2.568407356739044189e-02 -1.458628326654434204e-01 1.547425240278244019e-01
-7.969095110893249512e-01 -7.016626000404357910e-02 1.309552788734436035e-01 3.322938084602355957e-02 -5.229947566986083984e-01 8.369765281677246094e-01 9.983191490173339844e-01 -9.909359812736511230e-01 -1.825416833162307739e-01 -9.985813498497009277e-01 1.156650111079216003e-01 -9.962783455848693848e-01 -9.701570868492126465e-01 -9.301173090934753418e-01 -4.223444163799285889e-01 5.788356438279151917e-02 -9.766412526369094849e-02 -6.267297267913818359e-02 -4.592544734477996826e-01 -3.157665729522705078e-01 -4.209604486823081970e-02 -9.534992277622222900e-02 9.401692748069763184e-01 4.917156398296356201e-01 9.986810684204101562e-01 9.917538166046142578e-01 -1.366270631551742554e-01 -1.618342250585556030e-01 -1.937742680311203003e-01 3.493950366973876953e-01 9.975987076759338379e-01 -1.003315076231956482e-01 -9.546129032969474792e-03 -4.851096868515014648e-02 -6.445708274841308594e-01 -1.405493170022964478e-01 -4.732883572578430176e-01 -5.765369161963462830e-02 9.996613264083862305e-01 4.931856878101825714e-03 5.232515931129455566e-01 -5.253491401672363281e-01 -8.536548912525177002e-02 -9.984751343727111816e-01 2.615322358906269073e-02 7.419452071189880371e-02 -9.945411682128906250e-01 -8.976503461599349976e-02 9.212052226066589355e-01 -3.584012091159820557e-01 5.886274576187133789e-01 1.107267215847969055e-01 9.997085332870483398e-01 2.511895298957824707e-01 -3.421007394790649414e-01 -2.102576047182083130e-01 2.844359874725341797e-01 2.562561631202697754e-01 -9.984835386276245117e-01 -6.347488760948181152e-01 -3.182736337184906006e-01 1.750288903713226318e-01 9.475048780441284180e-01 -1.976060494780540466e-02 -7.194343209266662598e-02 -9.989446401596069336e-01 9.996719360351562500e-01 3.562271893024444580e-01 1.756043136119842529e-01 9.987640976905822754e-01 9.967350959777832031e-01 9.998808503150939941e-01 -9.633775949478149414e-01 7.527894526720046997e-02 -9.713165760040283203e-01 -5.834167599678039551e-01 1.643905192613601685e-01 2.903760969638824463e-01 -2.240887731313705444e-01 3.535475209355354309e-02 -9.879667162895202637e-01 2.493866831064224243e-01 9.627811312675476074e-01 -3.295586705207824707e-01 8.377017974853515625e-01 -9.281607270240783691e-01 7.206649333238601685e-02 4.192602336406707764e-01 1.369440704584121704e-01 2.316260039806365967e-01 -9.293535947799682617e-01 2.600037455558776855e-01 3.007016181945800781e-01 -9.820128679275512695e-01 -9.772925376892089844e-01 9.834625124931335449e-01 9.112930893898010254e-01 4.209606349468231201e-02 -9.999853372573852539e-01 -3.297395706176757812e-01 -9.478633403778076172e-01 -9.463612437248229980e-01 -9.218270778656005859e-01 -2.965872585773468018e-01 2.373088896274566650e-01 1.799383014440536499e-01 9.745228290557861328e-01 3.510654866695404053e-01 -3.985790014266967773e-01 -9.852552413940429688e-01 2.209818214178085327e-01 9.593194723129272461e-02 -7.289156317710876465e-01 -9.525688886642456055e-01 -2.049365341663360596e-01 1.847797930240631104e-01 -9.909011721611022949e-01 -3.036114573478698730e-02 3.531194925308227539e-01 9.637695550918579102e-01 -8.146931529045104980e-01 1.642797738313674927e-01 -9.990309476852416992e-01 -9.664344191551208496e-01 7.671449333429336548e-02 1.177943944931030273e-01 -9.985381960868835449e-01 -3.193578124046325684e-02 -2.772601246833801270e-01 1.383777707815170288e-01 9.888734221458435059e-01 6.764433979988098145e-01 7.606422901153564453e-01 1.582113802433013916e-01 2.117623575031757355e-02 -2.978312969207763672e-01 9.904275536537170410e-01 -9.827110171318054199e-01 -8.341458439826965332e-01 5.607920289039611816e-01 9.940548539161682129e-01 6.021740436553955078e-01 -9.007033705711364746e-02 9.926638007164001465e-01 3.046779148280620575e-02 7.177628278732299805e-01 -9.904037117958068848e-01 9.611594080924987793e-01 -6.217647194862365723e-01 -2.504281401634216309e-01 -3.043245077133178711e-01 -1.629739850759506226e-01 7.716453671455383301e-01 -2.146986126899719238e-01 1.622466742992401123e-02 -3.446092903614044189e-01 -1.162396594882011414e-01 -7.793044447898864746e-01 3.664678335189819336e-01 4.031645357608795166e-01 -2.283384948968887329e-01 -2.371733039617538452e-01 -5.736220255494117737e-02 2.072457224130630493e-02 9.999884366989135742e-01 9.951172769069671631e-02 2.527990043163299561e-01 -4.973036646842956543e-01 9.251121282577514648e-01 9.930213689804077148e-01 1.234108209609985352e-01 -7.068004012107849121e-01 -9.226768016815185547e-01 -3.795794546604156494e-01 -4.360226169228553772e-02 7.214789092540740967e-02 8.651969432830810547e-01 1.917816996574401855e-01 9.989591240882873535e-01 9.711360931396484375e-01 9.751022458076477051e-01 -1.183006167411804199e-01 9.933592677116394043e-01 3.112587630748748779e-01 8.502901792526245117e-01 -9.838660359382629395e-01 -9.985412955284118652e-01 -8.028584718704223633e-01 2.839035987854003906e-01 7.665500044822692871e-01 8.862357735633850098e-01 -9.711656570434570312e-01 9.941631555557250977e-01 4.998879134654998779e-02 9.504019618034362793e-01 -2.670249342918395996e-01 -5.631789565086364746e-01 -9.515085220336914062e-01 -9.554784297943115234e-01 -2.291444838047027588e-01 1.674064993858337402e-01 -3.533232510089874268e-01 -5.684615373611450195e-01 -9.649659693241119385e-02 1.630395054817199707e-01 6.950834393501281738e-01 2.817100286483764648e-01 9.952557086944580078e-01 9.781587719917297363e-01 -8.270730823278427124e-02 -9.026480913162231445e-01 7.270382642745971680e-01 -1.243244856595993042e-01 6.364155411720275879e-01 9.483706951141357422e-01 -8.096781373023986816e-01 -1.589183658361434937e-01 8.695436716079711914e-01 4.876605868339538574e-01 -3.012818694114685059e-01 -7.828458547592163086e-01 6.230155229568481445e-01 -5.029966831207275391e-01 -3.272349536418914795e-01 -9.838266372680664062e-01 -8.380656838417053223e-01 -9.982271790504455566e-01 1.170149520039558411e-01 7.846826910972595215e-01 9.722298383712768555e-01 -5.571108777076005936e-03 -8.998399972915649414e-02 -9.854933619499206543e-02 5.821574106812477112e-02 9.987779259681701660e-01 3.803793489933013916e-01 -9.189170002937316895e-01 -2.933517694473266602e-01 2.979467511177062988e-01 -2.888320386409759521e-01 8.535248637199401855e-01 9.995585083961486816e-01 -6.400944590568542480e-01 9.964234232902526855e-01 8.903619647026062012e-01 4.249381646513938904e-02 9.961091876029968262e-01 1.884816586971282959e-01 -2.078322321176528931e-01 -4.691213369369506836e-02 3.168798238039016724e-02 1.132261976599693298e-01 -3.881567418575286865e-01 1.164950951933860779e-01 9.999338984489440918e-01 2.440595328807830811e-01 -1.971124112606048584e-01 -5.400211215019226074e-01 -8.545504808425903320e-01 7.298558950424194336e-01 -1.420218050479888916e-01 -5.901187658309936523e-01 2.039810419082641602e-01 -6.657051444053649902e-01 -2.051245719194412231e-01 7.291212677955627441e-01 9.997105002403259277e-01 -9.886051416397094727e-01 1.415669769048690796e-01 1.922065615653991699e-01 9.997444748878479004e-01 -1.492530107498168945e-01 -9.306722283363342285e-01 9.999216794967651367e-01 -5.799390673637390137e-01 -5.831888914108276367e-01 9.963063597679138184e-01 8.078327029943466187e-02 2.063151597976684570e-01 1.855341345071792603e-01 -9.345245957374572754e-01 -9.918593168258666992e-01 8.824207186698913574e-01 9.996318221092224121e-01 9.798516631126403809e-01 -8.657145500183105469e-02 2.288338392972946167e-01 -6.877772510051727295e-02 -9.994981884956359863e-01 -9.997885823249816895e-01 -9.906100630760192871e-01 1.202479451894760132e-01 2.586447894573211670e-01 7.444370985031127930e-01 9.325759410858154297e-01 -9.970256686210632324e-01 -4.769358634948730469e-01 9.938619136810302734e-01 4.122084006667137146e-02 9.978187680244445801e-01 9.990211129188537598e-01 -9.974113106727600098e-01 -1.057112812995910645e-01 9.993385076522827148e-01 -4.452810883522033691e-01 -1.755712926387786865e-01 2.444604877382516861e-03 9.976660609245300293e-01 4.472456276416778564e-01 4.865666106343269348e-02 2.217919826507568359e-01 -9.985198378562927246e-01 1.823324561119079590e-01 9.671750068664550781e-01 -2.042776495218276978e-01 4.807595908641815186e-02 -2.368317544460296631e-02 3.400701284408569336e-01 3.083405196666717529e-01 9.524177908897399902e-01 -2.530529536306858063e-02 -9.794926047325134277e-01 1.287487000226974487e-01 -5.563941001892089844e-01 -1.911229044198989868e-01 -1.840561181306838989e-01 -8.826736807823181152e-01 3.012425005435943604e-01 -8.411474823951721191e-01 6.239002346992492676e-01 9.774605631828308105e-01 -2.589843869209289551e-01 5.198755487799644470e-02 9.899014830589294434e-01 3.861453831195831299e-01 -1.647429889999330044e-03 -1.815884374082088470e-02 -9.792719483375549316e-01 -3.886949419975280762e-01 4.541054368019104004e-01 9.969965219497680664e-01 3.087132871150970459e-01 -1.269965916872024536e-01 -3.934605419635772705e-01 -9.740461707115173340e-01 7.789881229400634766e-01 6.461127996444702148e-01 9.831529855728149414e-01 2.601411007344722748e-02 6.579610705375671387e-01 2.344035506248474121e-01 -2.015490531921386719e-01 -3.457618877291679382e-02 -2.719060182571411133e-01 3.701683878898620605e-01 4.203196987509727478e-02 -6.855256557464599609e-01 -1.193112805485725403e-01 -1.095385849475860596e-02 -2.279746681451797485e-01 -8.863192200660705566e-01 -2.705363333225250244e-01 -2.139415889978408813e-01 4.628284648060798645e-02 9.048759192228317261e-02 -8.267649412155151367e-01 -2.925207018852233887e-01 8.619444370269775391e-01 -9.388159215450286865e-02 1.252435296773910522e-01 -1.923909187316894531e-01 9.618818759918212891e-01 2.454180866479873657e-01 5.865468382835388184e-01 7.520774006843566895e-01 -9.998884201049804688e-01 1.401761025190353394e-01 -1.818695068359375000e-01 3.687770366668701172e-01 2.913419902324676514e-01 7.429714202880859375e-01 -1.873423159122467041e-01 -9.994934797286987305e-01 2.342081367969512939e-01 9.905576109886169434e-01 -9.555688500404357910e-01 2.733776271343231201e-01 -1.148007437586784363e-01 -1.118723973631858826e-01 -4.943596720695495605e-01 -4.013401269912719727e-01 2.807942330837249756e-01 -9.997622966766357422e-01 -2.814918458461761475e-01 -2.258651405572891235e-01 9.025356732308864594e-03 -2.205974459648132324e-01 -5.391814112663269043e-01 8.259109258651733398e-01 -3.472382426261901855e-01 4.225510954856872559e-01 -6.272432804107666016e-01 -7.091687619686126709e-02 -2.640258967876434326e-01 9.867406487464904785e-01 2.611114978790283203e-01 -1.535781919956207275e-01 -3.030948154628276825e-02 2.993437945842742920e-01 -7.642764598131179810e-02 8.999243378639221191e-01 9.193680882453918457e-01 -9.970051050186157227e-01 6.353652477264404297e-02 -2.228192239999771118e-01 2.889117300510406494e-01 5.093966424465179443e-02 4.797707498073577881e-01 -7.147254943847656250e-01 -7.846639156341552734e-01 -1.595087647438049316e-01 9.829919934272766113e-01 1.031038761138916016e-01 -6.908426284790039062e-01 5.177595019340515137e-01 -9.991712570190429688e-01 2.897498756647109985e-02 5.928248167037963867e-02 -5.099971219897270203e-02 1.062814444303512573e-01 -2.897538542747497559e-01 -2.748919725418090820e-01 9.997318387031555176e-01 -9.999371170997619629e-01 -9.582837820053100586e-01 1.187622174620628357e-01 -3.243341743946075439e-01 -7.793422937393188477e-01 -8.387749642133712769e-02 -4.900104179978370667e-02 -1.648677885532379150e-01 -9.996954798698425293e-01 -7.344828248023986816e-01 3.141394257545471191e-01 -9.904987812042236328e-01 -9.897500872611999512e-01 -6.888200640678405762e-01 -2.600657567381858826e-02 -2.141948193311691284e-01 2.111852169036865234e-01 4.436579048633575439e-01 -5.910049006342887878e-02 2.177864760160446167e-01 9.963110089302062988e-01 1.631565988063812256e-01 2.005424164235591888e-02 2.227194458246231079e-01 1.176763027906417847e-01 -1.894938349723815918e-01 9.687159657478332520e-01 4.819690585136413574e-01 6.616407632827758789e-02 -9.968072175979614258e-01 2.965416759252548218e-02 8.265370130538940430e-01 9.997822642326354980e-01 9.320048689842224121e-01 -1.381893269717693329e-02 -9.997848868370056152e-01 -2.386088967323303223e-01 4.827904403209686279e-01 -9.855598211288452148e-01 5.952329635620117188e-01 -2.412766218185424805e-01 2.430576831102371216e-01 -9.935579299926757812e-01 -6.529434919357299805e-01 4.967916905879974365e-01 -9.068106412887573242e-01 -2.294587790966033936e-01 -7.817577570676803589e-02 3.506522178649902344e-01 1.142488196492195129e-01 1.644992381334304810e-01 1.643948704004287720e-01 -9.722136259078979492e-01 -7.891301512718200684e-01 8.407469838857650757e-02 -4.262356758117675781e-01 2.720123827457427979e-01 1.383699662983417511e-02 -9.999977350234985352e-01 2.094184756278991699e-01 -1.053938418626785278e-01 1.141229942440986633e-01 9.099879302084445953e-03 1.278093922883272171e-02 2.920215427875518799e-01 -9.991851449012756348e-01 9.999682307243347168e-01 -9.886890649795532227e-02 1.350574493408203125e-01 3.082516193389892578e-01 -2.696278393268585205e-01 2.333379834890365601e-01 -9.807024002075195312e-01 9.782100319862365723e-01 -8.970133662223815918e-01 2.760298550128936768e-02 2.902410328388214111e-01 1.115425676107406616e-01 -9.351236224174499512e-01
5.319338440895080566e-01 7.210004329681396484e-01 7.137077394872903824e-03 1.566475331783294678e-01 -2.159720361232757568e-01 5.029955506324768066e-01 9.938678145408630371e-01 -9.959998130798339844e-01 -1.824414134025573730e-01 -8.547854423522949219e-01 -1.313093006610870361e-01 -9.916180968284606934e-01 -9.178192615509033203e-01 -9.710018634796142578e-01 1.172595378011465073e-02 2.509636878967285156e-01 -1.474147886037826538e-01 1.509895771741867065e-01 -5.462719202041625977e-01 -3.625721856951713562e-02 2.303624600172042847e-01 8.939907699823379517e-02 9.788851737976074219e-01 7.347766757011413574e-01 9.988254904747009277e-01 9.977375864982604980e-01 -2.602278292179107666e-01 -2.161454111337661743e-01 -1.661046594381332397e-01 -9.622885584831237793e-01 9.961919188499450684e-01 6.944985687732696533e-02 2.208891361951828003e-01 -9.145322442054748535e-02 -9.684014916419982910e-01 1.600315421819686890e-02 -8.562931418418884277e-02 -2.410217821598052979e-01 9.997178912162780762e-01 -1.504750549793243408e-01 1.599550694227218628e-01 -4.008207917213439941e-01 2.463069371879100800e-02 -9.994329214096069336e-01 2.697716057300567627e-01 -7.291639447212219238e-01 -9.969285130500793457e-01 -9.507022798061370850e-02 -8.325002193450927734e-01 -2.163439840078353882e-01 1.791534870862960815e-01 6.167341396212577820e-02 9.442026615142822266e-01 -2.408005595207214355e-01 -8.564764857292175293e-01 1.129276454448699951e-01 4.201299846172332764e-01 -2.272928506135940552e-01 -9.895064234733581543e-01 -9.131861925125122070e-01 -1.472641527652740479e-01 -2.218037843704223633e-01 9.509983658790588379e-01 2.177615761756896973e-01 3.427541255950927734e-01 -2.454372495412826538e-01 9.932389855384826660e-01 -7.067146301269531250e-01 2.511559426784515381e-01 9.999136924743652344e-01 8.184666633605957031e-01 9.999961256980895996e-01 -9.653294086456298828e-01 -9.430033564567565918e-01 -9.489941000938415527e-01 -1.212372630834579468e-01 1.651791483163833618e-01 6.066861748695373535e-01 -1.794181950390338898e-02 -2.781110703945159912e-01 -9.985582232475280762e-01 -1.823136061429977417e-01 8.825125694274902344e-01 -1.696920394897460938e-01 -7.638573646545410156e-01 -9.994871616363525391e-01 5.950808525085449219e-02 2.235344797372817993e-02 5.393574386835098267e-02 2.068185014650225639e-03 2.587736248970031738e-01 2.008356153964996338e-02 2.867365479469299316e-01 -9.989296197891235352e-01 -2.257665544748306274e-01 9.940736293792724609e-01 4.823843836784362793e-01 -9.090462327003479004e-02 -9.999669790267944336e-01 -3.203270435333251953e-01 -5.814122781157493591e-02 -9.222531914710998535e-01 -7.794361710548400879e-01 -2.944299578666687012e-01 3.270170390605926514e-01 3.007733225822448730e-01 9.522427320480346680e-01 3.760117292404174805e-01 -4.101099073886871338e-01 -2.492922395467758179e-01 -9.658152237534523010e-03 2.078998684883117676e-01 8.373841047286987305e-01 -2.690838649868965149e-02 -4.288496673107147217e-01 4.435732662677764893e-01 -9.861171841621398926e-01 -7.116612195968627930e-01 1.777469664812088013e-01 6.885503530502319336e-01 -9.443691968917846680e-01 1.805432587862014771e-01 -9.506095647811889648e-01 -9.177711009979248047e-01 -2.775484621524810791e-01 2.192308604717254639e-01 -9.995213150978088379e-01 -2.134113758802413940e-01 -3.486409485340118408e-01 -1.474989056587219238e-01 9.976646304130554199e-01 1.100613176822662354e-01 5.398851633071899414e-01 9.312388487160205841e-03 3.216236233711242676e-01 -9.886900782585144043e-01 9.610409140586853027e-01 -8.399341106414794922e-01 -9.965910315513610840e-01 1.424993574619293213e-01 7.021906375885009766e-01 2.740444839000701904e-01 -2.925976514816284180e-01 9.859497547149658203e-01 1.838071197271347046e-01 8.819873929023742676e-01 -9.831219315528869629e-01 -1.822228878736495972e-01 -9.767978191375732422e-01 -9.682063758373260498e-02 -1.770147979259490967e-01 -6.138628721237182617e-01 -6.161694601178169250e-02 -4.761285185813903809e-01 4.011000692844390869e-01 -4.415022134780883789e-01 9.668533802032470703e-01 -9.771999120712280273e-01 2.453630864620208740e-01 3.404015600681304932e-01 -3.694957494735717773e-01 4.475464820861816406e-01 1.115835681557655334e-01 -4.993709325790405273e-01 9.999638199806213379e-01 -1.769897490739822388e-01 -3.004990220069885254e-01 -5.045248270034790039e-01 7.198169827461242676e-01 9.893763661384582520e-01 1.921949982643127441e-01 -6.593925356864929199e-01 -9.990563988685607910e-01 9.629960656166076660e-01 -2.678931653499603271e-01 2.917043268680572510e-01 -8.155332207679748535e-01 -4.193702712655067444e-02 9.944012761116027832e-01 5.414488315582275391e-01 9.447210431098937988e-01 1.033184304833412170e-02 9.806083440780639648e-01 8.518489003181457520e-01 9.819204211235046387e-01 -7.877941131591796875e-01 -9.896377325057983398e-01 -1.386247426271438599e-01 2.481752783060073853e-01 3.682262897491455078e-01 8.693817257881164551e-01 -9.474998712539672852e-01 9.924439191818237305e-01 -4.294160008430480957e-01 9.560185670852661133e-01 -1.530503332614898682e-01 -2.336199432611465454e-01 5.346059054136276245e-02 6.389585882425308228e-02 -1.163079217076301575e-02 -1.273178458213806152e-01 -3.751102685928344727e-01 -3.454391658306121826e-01 4.891724288463592529e-01 1.378375291824340820e-01 9.428132176399230957e-01 -1.381866633892059326e-01 9.996396303176879883e-01 9.941915273666381836e-01 3.370877355337142944e-02 -9.965277314186096191e-01 9.513302445411682129e-01 -3.251946764066815376e-03 2.141782641410827637e-01 3.454721868038177490e-01 -8.920823931694030762e-01 -9.810041189193725586e-01 2.509534657001495361e-01 -9.508900046348571777e-01 5.547472834587097168e-02 2.247220277786254883e-01 1.118069961667060852e-01 -9.813897013664245605e-01 3.271148800849914551e-01 -9.919250011444091797e-01 3.827848136425018311e-01 -8.662240505218505859e-01 1.901738047599792480e-01 -9.239680767059326172e-01 9.124845862388610840e-01 -3.770509734749794006e-02 2.908259332180023193e-01 -1.120506748557090759e-01 4.878841713070869446e-02 8.410475850105285645e-01 1.007522791624069214e-01 -8.477638363838195801e-01 3.497657133266329765e-03 2.033104449510574341e-01 -2.372572720050811768e-01 3.651800453662872314e-01 9.836558699607849121e-01 6.894206404685974121e-01 9.974181652069091797e-01 -3.685345128178596497e-02 6.081324815750122070e-01 9.995791912078857422e-01 -3.889297693967819214e-02 3.828625380992889404e-01 -4.679717868566513062e-02 3.003445267677307129e-01 -3.718084096908569336e-01 -3.966090735048055649e-03 2.907924652099609375e-01 9.984740018844604492e-01 -9.410728514194488525e-02 -5.000367760658264160e-01 -1.417569369077682495e-01 -7.155020833015441895e-01 -4.298609793186187744e-01 -4.810792803764343262e-01 -9.725773334503173828e-01 4.386017024517059326e-01 9.807867407798767090e-01 -1.753788590431213379e-01 9.632845520973205566e-01 9.646964073181152344e-01 -9.995318651199340820e-01 -4.266608655452728271e-01 2.330718785524368286e-01 9.994225502014160156e-01 1.632046848535537720e-01 -9.963889718055725098e-01 9.996276497840881348e-01 -2.446303814649581909e-01 -9.024071097373962402e-01 9.994907379150390625e-01 -7.557494682259857655e-04 9.167675971984863281e-01 -3.256018161773681641e-01 -7.485885620117187500e-01 -9.738081693649291992e-01 5.351850986480712891e-01 9.972487688064575195e-01 9.138048291206359863e-01 -7.544314861297607422e-02 2.988491654396057129e-01 1.921263188123703003e-01 -8.937112689018249512e-01 -9.999309182167053223e-01 -9.945669770240783691e-01 3.604876101016998291e-01 7.066279053688049316e-01 -1.780132651329040527e-01 1.947295814752578735e-01 -9.479414224624633789e-01 -5.433628559112548828e-01 9.767653346061706543e-01 -1.929180026054382324e-01 9.206336736679077148e-01 9.999369978904724121e-01 -9.997156858444213867e-01 7.841436862945556641e-01 9.954180717468261719e-01 -2.652105987071990967e-01 4.037803038954734802e-02 6.229022145271301270e-02 9.880604147911071777e-01 -4.542081952095031738e-01 5.794160068035125732e-02 1.621056199073791504e-01 -7.832157015800476074e-01 3.041249215602874756e-01 9.994678497314453125e-01 -7.924680113792419434e-01 -1.385832726955413818e-01 -1.242605447769165039e-01 4.592573046684265137e-01 5.187700390815734863e-01 9.816032052040100098e-01 5.422792956233024597e-02 -9.537216424942016602e-01 -1.495922058820724487e-01 -9.926891326904296875e-01 -3.015938401222229004e-01 -2.501761019229888916e-01 -9.974619746208190918e-01 -7.366894483566284180e-01 7.897433042526245117e-01 6.641773581504821777e-01 8.605059385299682617e-01 -1.536270976066589355e-01 6.049125269055366516e-02 9.318199157714843750e-01 2.066026926040649414e-01 -1.125775873661041260e-01 1.388972401618957520e-01 -8.913446068763732910e-01 5.900493264198303223e-01 5.295447111129760742e-01 9.994693994522094727e-01 9.765370935201644897e-02 -3.737928569316864014e-01 8.792093992233276367e-01 -9.788361787796020508e-01 9.834745526313781738e-01 -6.021742224693298340e-01 9.340821504592895508e-01 -6.943875551223754883e-02 5.413419008255004883e-01 2.004183083772659302e-01 -1.375405490398406982e-01 9.037038087844848633e-01 -2.540507614612579346e-01 -9.447076916694641113e-01 -2.816369533538818359e-01 -8.913345932960510254e-01 -5.321817398071289062e-01 -3.643053770065307617e-02 -2.376408576965332031e-01 -9.070054292678833008e-01 9.602358937263488770e-01 -1.570706367492675781e-01 4.759988747537136078e-03 1.974476128816604614e-01 -5.438426733016967773e-01 9.679015278816223145e-01 8.072317242622375488e-01 5.168870091438293457e-02 4.502230584621429443e-01 -2.483101189136505127e-01 8.987497687339782715e-01 -2.650196552276611328e-01 3.375603556632995605e-01 9.636597037315368652e-01 -9.994665980339050293e-01 2.731728851795196533e-01 -3.049068152904510498e-01 -2.295964360237121582e-01 3.442026674747467041e-01 3.294228762388229370e-02 2.919566631317138672e-01 -9.997439980506896973e-01 3.244382143020629883e-01 4.337207674980163574e-01 -8.948874473571777344e-01 6.280043721199035645e-01 -3.393061757087707520e-01 -8.109694719314575195e-01 -1.745125949382781982e-01 -8.289057016372680664e-02 6.090949177742004395e-01 -9.997717738151550293e-01 -5.117416754364967346e-02 -1.338694593869149685e-03 -3.814114928245544434e-01 2.337821573019027710e-01 -7.061785459518432617e-01 -6.432532668113708496e-01 1.061117574572563171e-01 4.207499623298645020e-01 -9.926996827125549316e-01 -8.418705463409423828e-01 -3.850183188915252686e-01 5.177587866783142090e-01 -8.317033648490905762e-01 9.751853346824645996e-01 -7.624210417270660400e-02 3.534083068370819092e-01 -9.374148845672607422e-01 9.474824070930480957e-01 8.739322423934936523e-01 -7.693939208984375000e-01 -2.972109019756317139e-01 -9.127141237258911133e-01 4.856113493442535400e-01 3.086924552917480469e-01 1.915335506200790405e-01 -9.680165052413940430e-01 -9.991897940635681152e-01 -2.592862844467163086e-01 9.997429847717285156e-01 -1.681105643510818481e-01 5.466773509979248047e-01 3.739824295043945312e-01 -9.995095729827880859e-01 -5.638584122061729431e-02 1.905719041824340820e-01 2.294159084558486938e-01 1.481412500143051147e-01 1.172841712832450867e-01 -9.899682402610778809e-01 9.813452959060668945e-01 -9.998918771743774414e-01 -8.682844638824462891e-01 2.116071134805679321e-01 -1.707671880722045898e-01 8.580933809280395508e-01 -2.908652424812316895e-01 -7.650422304868698120e-02 -8.641940355300903320e-02 -9.995925426483154297e-01 -9.980797171592712402e-01 8.679381757974624634e-02 -9.999583363533020020e-01 -9.625491499900817871e-01 -2.131829708814620972e-01 4.518107324838638306e-02 -3.392225801944732666e-01 2.140754759311676025e-01 2.124722748994827271e-01 2.894608080387115479e-01 4.381459951400756836e-01 9.794085025787353516e-01 2.185086719691753387e-02 -1.932475529611110687e-02 1.967986375093460083e-01 -2.409949153661727905e-01 -5.434428527951240540e-02 9.690686464309692383e-01 8.591705560684204102e-01 1.807735711336135864e-01 -9.958342909812927246e-01 5.669899582862854004e-01 -8.171947002410888672e-01 9.997308850288391113e-01 9.191942214965820312e-01 -1.927836686372756958e-01 -9.995517730712890625e-01 -5.858140587806701660e-01 5.460820198059082031e-01 -9.176122546195983887e-01 -3.925870656967163086e-01 -9.266114234924316406e-02 3.942323923110961914e-01 -9.915331006050109863e-01 -4.961774647235870361e-01 5.771371722221374512e-01 -9.927114248275756836e-01 9.593693017959594727e-01 -8.735466748476028442e-02 2.717642784118652344e-01 3.784529268741607666e-01 1.080646067857742310e-01 3.706551790237426758e-01 -9.762442111968994141e-01 7.262626290321350098e-01 -5.297838449478149414e-01 -2.496552765369415283e-01 -3.491329252719879150e-01 2.759797871112823486e-02 -9.996391534805297852e-01 -6.279063820838928223e-01 -9.536547064781188965e-01 4.589860737323760986e-01 2.273222953081130981e-01 3.950084745883941650e-01 4.112772345542907715e-01 -9.912595748901367188e-01 9.999727010726928711e-01 -9.884521961212158203e-01 3.600461781024932861e-01 -2.844234108924865723e-01 -1.274530142545700073e-01 2.426396906375885010e-01 -9.916074872016906738e-01 9.764474034309387207e-01 -9.307101964950561523e-01 7.683445513248443604e-02 1.352666914463043213e-01 -2.806694991886615753e-02 -9.901639819145202637e-01
-6.816252470016479492e-01 -6.321378350257873535e-01 2.273484505712985992e-02 3.444994986057281494e-01 -5.408253073692321777e-01 -5.661937594413757324e-01 9.962860345840454102e-01 -9.780623316764831543e-01 1.468726247549057007e-01 -8.845157027244567871e-01 -2.273548841476440430e-01 -9.531294107437133789e-01 -2.831019163131713867e-01 -9.025660753250122070e-01 -9.255436062812805176e-01 4.724946990609169006e-02 3.482092544436454773e-02 1.506017148494720459e-01 -6.689825057983398438e-01 -8.325818926095962524e-02 3.542459607124328613e-01 -3.032106757164001465e-01 8.338697552680969238e-01 -4.564013481140136719e-01 9.991349577903747559e-01 9.982666373252868652e-01 -3.384907543659210205e-02 -9.780542552471160889e-02 7.837081700563430786e-02 9.854618310928344727e-01 9.830338954925537109e-01 1.414305903017520905e-02 9.029763191938400269e-02 -8.336130529642105103e-02 -1.344380527734756470e-01 -1.849832385778427124e-01 -1.238260194659233093e-01 -1.044128239154815674e-01 9.976025819778442383e-01 -3.012931942939758301e-01 2.303050160408020020e-01 1.841865032911300659e-01 4.060090184211730957e-01 -9.970331788063049316e-01 6.216600909829139709e-02 9.346700310707092285e-01 -9.945682287216186523e-01 -4.484190046787261963e-01 9.529748558998107910e-02 -1.182563304901123047e-01 -2.424307763576507568e-01 -6.821363419294357300e-02 9.894189834594726562e-01 -2.870940268039703369e-01 5.366343855857849121e-01 4.104038178920745850e-01 3.280405104160308838e-01 -9.439568221569061279e-02 -9.995650053024291992e-01 8.963974118232727051e-01 -1.003709062933921814e-01 -7.429229468107223511e-02 8.142748475074768066e-01 1.764168292284011841e-01 3.999109193682670593e-02 -9.197321534156799316e-01 9.943277239799499512e-01 5.302962064743041992e-01 -2.698347568511962891e-01 9.992672801017761230e-01 9.555869102478027344e-01 9.999828338623046875e-01 -7.982890009880065918e-01 -7.577474117279052734e-01 -1.513735298067331314e-02 -2.387803792953491211e-01 7.521760649979114532e-03 -3.955017328262329102e-01 -1.853667758405208588e-02 -1.770687662065029144e-02 -9.930369257926940918e-01 -1.954810470342636108e-01 9.993434548377990723e-01 -6.709978580474853516e-01 9.784932136535644531e-01 -9.963593482971191406e-01 2.216631919145584106e-01 2.233091890811920166e-01 -5.588966012001037598e-01 1.846213452517986298e-02 -9.660872220993041992e-01 -3.697199225425720215e-01 1.008179858326911926e-01 -6.248760819435119629e-01 -4.482488036155700684e-01 9.840838909149169922e-01 9.413936734199523926e-01 -2.090170085430145264e-01 -9.999762177467346191e-01 -9.197631478309631348e-02 -3.007545769214630127e-01 -8.931083083152770996e-01 -2.736522257328033447e-01 -2.754311263561248779e-01 3.537729149684309959e-03 -3.205156028270721436e-01 9.523831009864807129e-01 6.421581506729125977e-01 -2.002946436405181885e-01 1.467763036489486694e-01 1.993783116340637207e-01 8.109310269355773926e-01 -9.815982580184936523e-01 -9.785951972007751465e-01 -3.009313941001892090e-01 3.532034158706665039e-01 -9.753909111022949219e-01 6.500559449195861816e-01 2.756379842758178711e-01 9.649662375450134277e-01 -8.235021233558654785e-01 -1.673678457736968994e-01 -9.760763049125671387e-01 9.805359840393066406e-01 -1.164313480257987976e-01 5.156796425580978394e-02 -9.995290637016296387e-01 1.840381622314453125e-01 -5.422897934913635254e-01 -4.424415826797485352e-01 3.663533926010131836e-01 7.335510849952697754e-01 6.963698267936706543e-01 2.527174353599548340e-01 5.877789258956909180e-01 -6.286416053771972656e-01 5.115088224411010742e-01 -9.855431914329528809e-01 -9.551745653152465820e-01 9.524334967136383057e-02 9.737275242805480957e-01 2.405273765325546265e-01 -4.739624857902526855e-01 9.926401972770690918e-01 4.352465867996215820e-01 6.243594884872436523e-01 -9.879370331764221191e-01 7.556726336479187012e-01 5.471044182777404785e-01 1.289256960153579712e-01 -1.791052669286727905e-01 -2.312281727790832520e-01 6.817882061004638672e-01 -2.785700857639312744e-01 5.310252904891967773e-01 -4.642095863819122314e-01 -9.601318240165710449e-01 -6.396840214729309082e-01 -1.270720511674880981e-01 4.315489828586578369e-01 1.280639767646789551e-01 5.642350316047668457e-01 -8.403914421796798706e-02 -2.998009324073791504e-01 9.999934434890747070e-01 -5.290692448616027832e-01 -2.186104804277420044e-01 -5.089706182479858398e-01 9.874175190925598145e-01 5.082721114158630371e-01 4.929255843162536621e-01 -9.277786016464233398e-01 -9.990391135215759277e-01 -9.800935387611389160e-01 5.892582535743713379e-01 2.966371774673461914e-01 8.624362349510192871e-01 1.410931162536144257e-02 9.952408075332641602e-01 9.802526831626892090e-01 5.720350742340087891e-01 -9.447859227657318115e-02 9.818786382675170898e-01 -9.592164754867553711e-01 7.624646425247192383e-01 -9.791714549064636230e-01 -9.223408102989196777e-01 9.968519806861877441e-01 5.601641535758972168e-01 8.825286030769348145e-01 7.678593993186950684e-01 -9.925436377525329590e-01 9.978133440017700195e-01 -2.548151016235351562e-01 9.657565355300903320e-01 -2.323208004236221313e-02 -5.248730182647705078e-01 -9.887130856513977051e-01 -9.155329465866088867e-01 1.309401988983154297e-01 -4.519331455230712891e-01 -4.604460597038269043e-01 9.193829298019409180e-01 3.749142289161682129e-01 8.642248064279556274e-02 -7.443651556968688965e-01 -3.525408804416656494e-01 9.999208450317382812e-01 9.935522079467773438e-01 -1.282406598329544067e-01 4.043672978878021240e-02 -7.265148162841796875e-01 9.787882119417190552e-02 4.149733483791351318e-01 9.763415455818176270e-01 -3.391813933849334717e-01 5.171067714691162109e-01 9.477266073226928711e-01 9.872996211051940918e-01 -2.759447395801544189e-01 -2.858129143714904785e-01 1.037785187363624573e-01 -8.885375261306762695e-01 4.700467288494110107e-01 -9.964727759361267090e-01 5.816015601158142090e-01 -9.889155030250549316e-01 -4.525847733020782471e-01 9.592440128326416016e-01 9.719640016555786133e-01 -1.609349250793457031e-01 3.763874173164367676e-01 -1.180629283189773560e-01 1.480791121721267700e-01 9.543520808219909668e-01 -7.248607277870178223e-02 1.324198395013809204e-01 -5.266627669334411621e-01 2.519896924495697021e-01 -1.238234341144561768e-01 9.661847949028015137e-01 9.997867345809936523e-01 -9.507768154144287109e-01 9.263194799423217773e-01 9.929023385047912598e-01 -1.466526417061686516e-03 9.997725486755371094e-01 -3.609111532568931580e-02 -8.994116783142089844e-01 -8.453997969627380371e-02 3.835498094558715820e-01 -1.907090544700622559e-01 -6.564576923847198486e-02 3.350018560886383057e-01 9.989818334579467773e-01 -4.421128928661346436e-01 1.822444498538970947e-01 -9.560041427612304688e-01 -7.769987732172012329e-02 -1.564866453409194946e-01 -2.276040315628051758e-01 -7.781605124473571777e-01 2.664846181869506836e-01 -4.192087054252624512e-01 3.414770960807800293e-01 9.098758101463317871e-01 9.165607690811157227e-01 -9.998928308486938477e-01 -1.436417102813720703e-01 -1.414229571819305420e-01 9.993155598640441895e-01 -4.885921478271484375e-01 -6.777492761611938477e-01 9.986981153488159180e-01 -3.060285449028015137e-01 -9.287878274917602539e-01 9.411584734916687012e-01 3.458799421787261963e-01 1.784326881170272827e-01 1.403254121541976929e-01 -9.751352667808532715e-01 1.866693794727325439e-01 8.529946208000183105e-01 9.353049993515014648e-01 9.116356372833251953e-01 2.009403407573699951e-01 5.133571028709411621e-01 1.691738814115524292e-01 -9.954591989517211914e-01 -9.999464750289916992e-01 -9.998260736465454102e-01 2.159654945135116577e-01 2.460622936487197876e-01 8.009289503097534180e-01 9.636120200157165527e-01 -9.530234932899475098e-01 -1.331340223550796509e-01 9.826768636703491211e-01 -1.210050731897354126e-01 9.601745605468750000e-01 8.714845180511474609e-01 -9.988473653793334961e-01 -6.540709733963012695e-01 9.890768527984619141e-01 -2.762984931468963623e-01 7.856827378273010254e-01 -7.959835231304168701e-02 9.981438517570495605e-01 -1.351867765188217163e-01 1.738130152225494385e-01 3.241554647684097290e-02 -9.481049776077270508e-01 1.978879421949386597e-01 9.961571097373962402e-01 -3.408103883266448975e-01 5.697064101696014404e-02 1.311810500919818878e-02 4.823213517665863037e-01 5.477858185768127441e-01 9.988403320312500000e-01 5.042081475257873535e-01 -9.905463457107543945e-01 -1.720714867115020752e-01 -9.966821670532226562e-01 2.144395112991333008e-01 -4.999174177646636963e-01 -9.565885066986083984e-01 2.979818284511566162e-01 -9.854215979576110840e-01 2.362999320030212402e-01 6.169564127922058105e-01 -5.408333986997604370e-02 1.683116555213928223e-01 5.402595996856689453e-01 -1.483628451824188232e-01 2.614721059799194336e-01 1.265380084514617920e-01 3.380756974220275879e-01 -8.282170295715332031e-01 5.087895691394805908e-02 9.666039347648620605e-01 -3.149666190147399902e-01 -4.306186139583587646e-01 9.908462166786193848e-01 -4.796562492847442627e-01 7.923917174339294434e-01 9.369072318077087402e-01 9.947100281715393066e-01 -9.878417104482650757e-02 9.420089721679687500e-01 1.494123190641403198e-01 3.927548974752426147e-02 -4.107563197612762451e-01 -5.329440832138061523e-01 9.870945215225219727e-01 -1.168545112013816833e-01 5.800064802169799805e-01 3.756250813603401184e-02 -3.692083656787872314e-01 1.457246765494346619e-02 -6.794966459274291992e-01 -9.815632104873657227e-01 -1.087384372949600220e-01 -3.659133240580558777e-02 4.842368662357330322e-01 -9.121598005294799805e-01 -9.857747554779052734e-01 -5.461122374981641769e-03 3.542673587799072266e-01 4.960660338401794434e-01 -3.068121075630187988e-01 7.779686450958251953e-01 -4.696094989776611328e-01 2.596550583839416504e-01 4.656499028205871582e-01 -9.999686479568481445e-01 3.418613076210021973e-01 3.224636316299438477e-01 -2.224790304899215698e-01 5.310968682169914246e-02 -3.636358538642525673e-03 3.015028536319732666e-01 -9.849804639816284180e-01 -3.178770840167999268e-02 9.767243266105651855e-01 -4.446484148502349854e-03 6.720556020736694336e-01 1.629047542810440063e-01 5.882369279861450195e-01 -6.013754606246948242e-01 -8.941044658422470093e-02 -7.242102026939392090e-01 -9.999878406524658203e-01 -2.997554540634155273e-01 -2.683125436305999756e-02 -2.558184862136840820e-01 -2.741918265819549561e-01 -4.615551233291625977e-01 8.703494071960449219e-01 6.499015539884567261e-02 -4.912422224879264832e-02 -8.100740313529968262e-01 9.461027383804321289e-01 9.134106338024139404e-02 8.435190916061401367e-01 -7.324364781379699707e-01 -9.629770517349243164e-01 -2.898209393024444580e-01 -4.838188178837299347e-03 -9.664315581321716309e-01 1.637998223304748535e-01 9.772679805755615234e-01 -9.946094751358032227e-01 3.766981512308120728e-02 -8.931311964988708496e-01 2.046044021844863892e-01 2.801015079021453857e-01 6.657186150550842285e-01 -7.432595491409301758e-01 -8.143379092216491699e-01 -4.502037465572357178e-01 8.812164664268493652e-01 -5.768146514892578125e-01 9.679191112518310547e-01 1.849744096398353577e-02 -9.402068257331848145e-01 -2.900033891201019287e-01 1.138871908187866211e-01 6.849230732768774033e-03 -1.819379627704620361e-01 3.077311813831329346e-01 -9.891942143440246582e-01 9.324586987495422363e-01 -9.999708533287048340e-01 -9.941434860229492188e-01 3.509352207183837891e-01 -9.310349822044372559e-01 -9.336490631103515625e-01 6.771567463874816895e-02 -3.746332526206970215e-01 -6.403299048542976379e-03 -9.967471957206726074e-01 -9.886606335639953613e-01 4.645265340805053711e-01 -9.941042661666870117e-01 -9.397413730621337891e-01 -9.615792036056518555e-01 3.959726989269256592e-01 -3.155093491077423096e-01 1.073420569300651550e-01 3.479094505310058594e-01 -3.945212960243225098e-01 2.922629192471504211e-02 9.934064745903015137e-01 1.401839852333068848e-01 6.393974423408508301e-01 3.626483082771301270e-01 2.018476426601409912e-01 2.201442271471023560e-01 9.936109185218811035e-01 6.249504685401916504e-01 2.892446815967559814e-01 -9.865637421607971191e-01 -6.013499572873115540e-02 9.819230437278747559e-01 9.993163943290710449e-01 8.493296504020690918e-01 8.817753791809082031e-01 -9.999433159828186035e-01 -2.390519231557846069e-01 4.018250405788421631e-01 -9.864182472229003906e-01 9.555991291999816895e-01 -1.761495023965835571e-01 2.705402374267578125e-01 -9.653232693672180176e-01 -9.383825659751892090e-01 3.606281876564025879e-01 -9.840371012687683105e-01 9.801996946334838867e-01 -2.598932087421417236e-01 4.173951148986816406e-01 2.555806338787078857e-01 3.483919054269790649e-02 3.651635721325874329e-03 -9.943746924400329590e-01 -8.660975098609924316e-01 -1.528252512216567993e-01 2.620769441127777100e-01 -1.309046447277069092e-01 -1.641653329133987427e-01 -9.999840259552001953e-01 -9.451280534267425537e-02 5.289703011512756348e-01 -5.021932125091552734e-01 -1.526994854211807251e-01 1.390125900506973267e-01 7.587537169456481934e-02 -7.338814735412597656e-01 9.997472763061523438e-01 -9.999078512191772461e-01 5.059897303581237793e-01 -2.062623798847198486e-01 -1.205698102712631226e-01 -1.315847635269165039e-01 -8.791305422782897949e-01 9.309697151184082031e-01 9.541062116622924805e-01 2.216316573321819305e-02 1.214102134108543396e-01 -2.485475540161132812e-01 -8.236438035964965820e-01
-5.278086066246032715e-01 9.929774403572082520e-01 2.281760722398757935e-01 -5.155640468001365662e-02 -3.361941874027252197e-01 -8.975747823715209961e-01 9.984055757522583008e-01 -9.992945790290832520e-01 1.853435672819614410e-02 -9.674897193908691406e-01 1.490276455879211426e-01 -8.674370050430297852e-01 6.111071109771728516e-01 -9.853963255882263184e-01 -3.772197067737579346e-01 3.127200156450271606e-02 1.603409647941589355e-01 9.323030710220336914e-02 -7.058666944503784180e-01 -4.090809263288974762e-03 3.203248679637908936e-01 1.796085238456726074e-01 8.956507444381713867e-01 -6.080251336097717285e-01 9.945116043090820312e-01 9.656705260276794434e-01 -2.019594609737396240e-01 -3.644368946552276611e-01 -1.587275713682174683e-01 9.795870780944824219e-01 8.849893212318420410e-01 -6.539992243051528931e-02 1.767397075891494751e-01 3.525079786777496338e-01 -9.125373959541320801e-01 -3.783693015575408936e-01 -3.383075296878814697e-01 -1.363363116979598999e-01 9.815328717231750488e-01 1.651208251714706421e-01 2.098181545734405518e-01 -3.380964398384094238e-01 5.737145990133285522e-02 -9.794476628303527832e-01 -3.741304948925971985e-02 9.469859004020690918e-01 -9.934858679771423340e-01 7.228527963161468506e-02 5.346421599388122559e-01 -5.168021917343139648e-01 8.584696054458618164e-01 2.683282196521759033e-01 9.882326722145080566e-01 9.477902948856353760e-02 4.557843804359436035e-01 3.276678323745727539e-01 1.116318032145500183e-01 1.946654170751571655e-01 -9.891477227210998535e-01 -9.235026836395263672e-01 1.134850233793258667e-01 7.292529195547103882e-02 9.843688607215881348e-01 1.503570824861526489e-01 -1.358920931816101074e-01 -6.986401081085205078e-01 9.973472952842712402e-01 9.932316839694976807e-02 1.166593879461288452e-01 9.862395524978637695e-01 8.893854022026062012e-01 9.999791383743286133e-01 -8.911361098289489746e-01 -9.811824560165405273e-01 -8.875868320465087891e-01 -5.308381915092468262e-01 3.045791685581207275e-01 -9.149680733680725098e-01 -2.997039556503295898e-01 -3.157977759838104248e-01 -7.538267970085144043e-01 1.863579452037811279e-01 8.800286054611206055e-01 -4.482222720980644226e-02 9.641488790512084961e-01 -9.187337160110473633e-01 -2.127606421709060669e-01 4.694172441959381104e-01 -5.222761034965515137e-01 -5.521959392353892326e-04 -9.582197666168212891e-01 3.201608657836914062e-01 5.209040641784667969e-01 -9.306215047836303711e-01 -8.246569633483886719e-01 7.970687150955200195e-01 9.735337495803833008e-01 1.341086626052856445e-02 -9.969020485877990723e-01 1.693293452262878418e-01 -9.008218646049499512e-01 -8.662102222442626953e-01 -2.759015262126922607e-01 4.326979070901870728e-02 1.581344455480575562e-01 1.069127544760704041e-01 9.406705498695373535e-01 3.010583817958831787e-01 -3.889244794845581055e-01 -8.850912749767303467e-02 1.389075368642807007e-01 5.677948594093322754e-01 -6.643562316894531250e-01 -9.820215106010437012e-01 -1.197824254631996155e-01 3.613217473030090332e-01 -9.439842104911804199e-01 -5.607373714447021484e-01 -1.289804130792617798e-01 9.557762742042541504e-01 -7.903006076812744141e-01 -1.325337588787078857e-01 -9.972862601280212402e-01 1.865656077861785889e-01 -2.325655668973922729e-01 -2.804024703800678253e-02 -9.499830603599548340e-01 1.986291073262691498e-02 -2.112076282501220703e-01 -1.455680876970291138e-01 9.073054194450378418e-01 3.735527396202087402e-01 1.901396661996841431e-01 2.158474922180175781e-01 1.108528301119804382e-01 -9.809467196464538574e-02 9.779193997383117676e-01 -9.914512038230895996e-01 -9.043728709220886230e-01 1.599889248609542847e-01 9.990655779838562012e-01 3.262912034988403320e-01 -1.432713568210601807e-01 9.683973193168640137e-01 4.929265081882476807e-01 -7.031101733446121216e-02 -9.229425191879272461e-01 6.470277905464172363e-01 3.929130434989929199e-01 -3.558135405182838440e-02 -1.822552978992462158e-01 -9.217928163707256317e-03 -2.629138529300689697e-01 -3.662626445293426514e-01 1.902528852224349976e-01 -4.347566068172454834e-01 -9.774308204650878906e-01 -1.950638741254806519e-01 -9.918832220137119293e-04 4.358184933662414551e-01 -3.745937645435333252e-01 -3.791562095284461975e-02 3.155538737773895264e-01 -4.963121842592954636e-03 9.997233748435974121e-01 -2.624747529625892639e-02 1.093736570328474045e-02 -6.288167238235473633e-01 9.827561378479003906e-01 8.991592526435852051e-01 -6.990262307226657867e-03 -7.119207382202148438e-01 -4.137929975986480713e-01 -9.808400869369506836e-01 -2.928874492645263672e-01 -1.177354808896780014e-02 3.870339095592498779e-01 -1.920259930193424225e-02 9.999125599861145020e-01 8.818562030792236328e-01 8.810366392135620117e-01 4.631878435611724854e-02 9.852682948112487793e-01 -6.831515431404113770e-01 9.635725021362304688e-01 -9.995193481445312500e-01 -9.922862648963928223e-01 -5.259139537811279297e-01 3.218866288661956787e-01 7.901116013526916504e-01 4.467330873012542725e-01 -9.595481753349304199e-01 3.793458342552185059e-01 -1.310768425464630127e-01 9.770964384078979492e-01 -2.309412062168121338e-01 -3.121319711208343506e-01 -9.814676642417907715e-01 -4.066831469535827637e-01 -1.714973896741867065e-01 -1.756923831999301910e-02 -6.180575489997863770e-01 1.654081344604492188e-01 4.461970552802085876e-02 4.388733506202697754e-01 7.905318737030029297e-01 3.278778791427612305e-01 4.895204305648803711e-01 1.687605679035186768e-01 -3.067498505115509033e-01 -9.825424551963806152e-01 -3.611360490322113037e-01 2.845293581485748291e-01 3.647556304931640625e-01 9.573324322700500488e-01 3.481874987483024597e-02 9.350613951683044434e-01 9.928734302520751953e-01 9.709236025810241699e-01 -1.186820417642593384e-01 -7.675573229789733887e-01 3.837220370769500732e-01 -8.005082011222839355e-01 2.655155770480632782e-02 -2.294820398092269897e-01 -7.367779612541198730e-01 -9.956330657005310059e-01 -5.746501088142395020e-01 -3.962127864360809326e-02 9.837062358856201172e-01 2.435877323150634766e-01 -1.046146452426910400e-01 -2.346401959657669067e-01 2.120356112718582153e-01 9.972479343414306641e-01 2.519328892230987549e-01 -9.640287756919860840e-01 -1.664249897003173828e-01 2.271594107151031494e-01 1.642683744430541992e-01 9.806387424468994141e-01 9.996697306632995605e-01 -7.428771853446960449e-01 9.989742636680603027e-01 9.704340696334838867e-01 -8.469408378005027771e-03 9.003749489784240723e-01 2.545465826988220215e-01 -1.280273497104644775e-01 -3.947804272174835205e-01 2.590769827365875244e-01 3.058744370937347412e-01 -4.085363149642944336e-01 2.347999811172485352e-01 9.999302625656127930e-01 1.684011369943618774e-01 1.977268755435943604e-01 -9.272066354751586914e-01 -7.326113581657409668e-01 2.774097323417663574e-01 -1.859986335039138794e-01 1.518570929765701294e-01 2.016728073358535767e-01 -9.409459233283996582e-01 -1.482473462820053101e-01 8.556440472602844238e-01 9.983026385307312012e-01 -9.704164862632751465e-01 -2.570943236351013184e-01 -1.389740109443664551e-01 9.994025230407714844e-01 -7.455755770206451416e-02 -9.911180138587951660e-01 9.989411830902099609e-01 -6.569018363952636719e-01 -8.427506685256958008e-01 9.148289561271667480e-01 5.560358762741088867e-01 8.883916735649108887e-01 3.435472249984741211e-01 -7.789764404296875000e-01 -9.983174204826354980e-01 8.109581470489501953e-01 9.919419884681701660e-01 8.683100342750549316e-01 -1.880667507648468018e-01 -6.706912815570831299e-02 -6.822459399700164795e-02 -9.983425736427307129e-01 -9.904103875160217285e-01 -5.132275819778442383e-01 3.256713449954986572e-01 1.997965574264526367e-01 -7.060496211051940918e-01 9.360491633415222168e-01 -6.547471284866333008e-01 -2.310238033533096313e-01 9.599068164825439453e-01 -1.738201528787612915e-01 9.979426264762878418e-01 9.997134804725646973e-01 -8.208288550376892090e-01 -7.147567868232727051e-01 9.923884868621826172e-01 -4.759818613529205322e-01 4.534600377082824707e-01 -1.300933398306369781e-02 9.737853407859802246e-01 7.893270850181579590e-01 4.697117954492568970e-02 2.807497084140777588e-01 -9.736270904541015625e-01 3.058132827281951904e-01 9.326984882354736328e-01 -2.990925908088684082e-01 -2.555181086063385010e-01 -2.738485932350158691e-01 3.274262249469757080e-01 2.240998446941375732e-01 9.947012662887573242e-01 2.083637267351150513e-01 -7.873815298080444336e-01 5.177016928791999817e-02 9.683859944343566895e-01 -2.440868318080902100e-01 2.038607895374298096e-01 -9.744708538055419922e-01 -4.554795026779174805e-01 -9.766443371772766113e-01 -8.170204758644104004e-01 9.938467741012573242e-01 -1.653120666742324829e-01 3.348761498928070068e-01 5.606884956359863281e-01 1.834707856178283691e-01 -2.619730830192565918e-01 -1.604771474376320839e-03 -9.174744486808776855e-01 -9.633014798164367676e-01 5.175158977508544922e-01 9.928392767906188965e-01 5.223388224840164185e-02 -4.469925761222839355e-01 3.660019040107727051e-01 -9.899597167968750000e-01 9.151461720466613770e-01 8.185874223709106445e-01 9.988399147987365723e-01 -1.332727372646331787e-01 7.665835022926330566e-01 1.942460089921951294e-01 9.879149496555328369e-02 -6.496296525001525879e-01 -2.952744066715240479e-01 9.763944149017333984e-01 -2.840007469058036804e-02 4.458281993865966797e-01 -4.127462208271026611e-01 -4.359205365180969238e-01 -3.141035735607147217e-01 -9.425415396690368652e-01 -9.682937264442443848e-01 -3.346623778343200684e-01 5.295388773083686829e-02 2.235049158334732056e-01 -9.634996652603149414e-01 -9.730966687202453613e-01 4.942533075809478760e-01 2.474420368671417236e-01 4.003036320209503174e-01 -3.180382251739501953e-01 8.574355244636535645e-01 -2.802550792694091797e-01 3.038570284843444824e-01 -6.683349013328552246e-01 -9.896621704101562500e-01 1.605215668678283691e-01 2.314307391643524170e-01 -3.486921265721321106e-02 4.000392556190490723e-01 -1.363141387701034546e-01 -3.233817815780639648e-01 -9.979095458984375000e-01 1.414730995893478394e-01 9.755572676658630371e-01 -8.660142421722412109e-01 2.174495756626129150e-01 -3.495554625988006592e-01 9.800426959991455078e-01 -1.462088823318481445e-01 -1.394614484161138535e-02 1.193141657859086990e-02 -9.993419051170349121e-01 -2.674715518951416016e-01 -4.648471623659133911e-02 -3.033576905727386475e-01 -4.006551206111907959e-01 -5.258025527000427246e-01 9.377285838127136230e-01 9.034316055476665497e-03 6.481292843818664551e-02 7.741869892925024033e-03 9.420214295387268066e-01 -2.686573863029479980e-01 9.149984121322631836e-01 7.885684967041015625e-01 -9.715727567672729492e-01 -1.977135539054870605e-01 3.722118139266967773e-01 -9.961492419242858887e-01 8.958967924118041992e-01 9.269055128097534180e-01 -9.955061674118041992e-01 1.305255293846130371e-01 9.424092173576354980e-01 3.055652976036071777e-01 1.188086196780204773e-01 2.342251837253570557e-01 -7.343255281448364258e-01 -1.584238708019256592e-01 -1.726849675178527832e-01 9.500383138656616211e-01 4.744856059551239014e-01 3.951188921928405762e-01 3.959955871105194092e-01 -9.933765530586242676e-01 3.124773502349853516e-04 1.965938657522201538e-01 2.055961042642593384e-01 1.430966556072235107e-01 1.818145811557769775e-02 8.455690741539001465e-02 9.895823001861572266e-01 -9.999264478683471680e-01 -7.653573155403137207e-01 -1.660700701177120209e-02 2.785519659519195557e-01 -8.626385927200317383e-01 7.102585583925247192e-02 -5.893892049789428711e-01 -3.284804522991180420e-01 -9.995175600051879883e-01 -9.582768082618713379e-01 4.065428674221038818e-01 -8.471299409866333008e-01 -8.051831722259521484e-01 -9.971538186073303223e-01 5.790125727653503418e-01 -2.838166058063507080e-01 1.997748315334320068e-01 -2.702469527721405029e-01 4.412495344877243042e-02 4.687711969017982483e-02 8.845686316490173340e-01 2.667321860790252686e-01 7.441130280494689941e-01 4.424073994159698486e-01 1.620415002107620239e-01 -8.530972898006439209e-02 7.707457542419433594e-01 6.366438865661621094e-01 -4.393165931105613708e-02 -9.924495816230773926e-01 3.470604717731475830e-01 9.659257531166076660e-01 9.995914697647094727e-01 8.887960910797119141e-01 7.631182670593261719e-01 -9.982076883316040039e-01 1.838807463645935059e-01 6.445898413658142090e-01 -6.694699525833129883e-01 8.525325655937194824e-01 -1.507103890180587769e-01 -2.448975741863250732e-01 -8.968979716300964355e-01 -5.201340317726135254e-01 6.313645839691162109e-01 -9.893727302551269531e-01 -1.528756320476531982e-01 1.260845363140106201e-01 4.112053513526916504e-01 2.859272658824920654e-01 3.373080790042877197e-01 3.641889095306396484e-01 -6.768195629119873047e-01 -4.289149045944213867e-01 -3.440222144126892090e-01 -2.519842982292175293e-01 -3.624984323978424072e-01 1.380083113908767700e-01 -1.000000000000000000e+00 9.486582875251770020e-01 -9.475751519203186035e-01 3.283221423625946045e-01 -1.390287280082702637e-01 6.342345476150512695e-02 1.711356639862060547e-01 -9.947139620780944824e-01 9.999471902847290039e-01 -4.314332604408264160e-01 1.388200819492340088e-01 3.507049977779388428e-01 -2.726007103919982910e-01 9.060161560773849487e-02 -8.569214940071105957e-01 5.012030005455017090e-01 -4.161694645881652832e-01 1.652688980102539062e-01 2.004942446947097778e-01 -2.782418131828308105e-01 -9.513951539993286133e-01
2.532512545585632324e-01 3.606798052787780762e-01 -2.640225291252136230e-01 4.779431968927383423e-02 -2.721321880817413330e-01 -7.104437351226806641e-01 9.998005032539367676e-01 -9.992206692695617676e-01 -5.853613615036010742e-01 -9.843088388442993164e-01 -4.704022780060768127e-02 -9.793105125427246094e-01 8.987833857536315918e-01 -9.967130422592163086e-01 -7.655093669891357422e-01 -2.363208681344985962e-01 -6.696980446577072144e-02 2.179031223058700562e-01 -6.619256734848022461e-01 1.486768573522567749e-01 4.141979813575744629e-01 1.985867172479629517e-01 9.557731151580810547e-01 -9.839815497398376465e-01 9.969473481178283691e-01 4.186594188213348389e-01 -1.514207869768142700e-01 -1.451652795076370239e-01 1.805707663297653198e-01 9.998693466186523438e-01 9.665048122406005859e-01 -6.783192604780197144e-02 1.146953478455543518e-01 1.534932553768157959e-01 -9.398755431175231934e-01 -2.203244566917419434e-01 1.297741103917360306e-02 -1.858730614185333252e-01 9.988484978675842285e-01 -1.567340046167373657e-01 1.443941053003072739e-02 6.267789006233215332e-02 4.206437170505523682e-01 -9.924844503402709961e-01 -1.123140826821327209e-01 9.969025850296020508e-01 -9.955560564994812012e-01 -3.092013597488403320e-01 -5.048129558563232422e-01 -1.313472539186477661e-01 6.800318360328674316e-01 -1.561286747455596924e-01 9.953763484954833984e-01 -2.193168997764587402e-01 4.062702357769012451e-01 1.036547124385833740e-01 9.924832731485366821e-02 -6.196510791778564453e-01 -9.996693134307861328e-01 8.898720741271972656e-01 -1.513376832008361816e-01 -1.138306707143783569e-01 8.758773803710937500e-01 2.794584631919860840e-01 1.233042702078819275e-01 -9.681989550590515137e-01 9.972496032714843750e-01 9.241325259208679199e-01 1.172852143645286560e-01 9.293333888053894043e-01 5.245070457458496094e-01 9.997993707656860352e-01 -2.442137897014617920e-01 -9.916838407516479492e-01 -6.741614341735839844e-01 -1.168528944253921509e-02 4.993252456188201904e-02 2.899521775543689728e-02 1.344328671693801880e-01 -1.128046885132789612e-01 -9.913545846939086914e-01 -2.875250875949859619e-01 9.988840222358703613e-01 -8.087612390518188477e-01 9.995107054710388184e-01 -2.230750471353530884e-01 1.074910834431648254e-01 4.050565958023071289e-01 -2.518955767154693604e-01 2.558509819209575653e-02 -9.979711771011352539e-01 4.197689518332481384e-02 1.352182868868112564e-02 -9.943851828575134277e-01 4.768301546573638916e-01 9.392415285110473633e-01 9.690262675285339355e-01 2.922754585742950439e-01 -9.853201508522033691e-01 -3.675686940550804138e-02 -9.530480504035949707e-01 -9.842162728309631348e-01 9.334203004837036133e-01 1.600726991891860962e-01 7.779711484909057617e-02 1.746291667222976685e-01 9.455613493919372559e-01 3.875022232532501221e-01 -3.056194782257080078e-01 -8.866159617900848389e-02 -5.240134596824645996e-01 4.407660067081451416e-01 -9.911888837814331055e-01 -9.994497895240783691e-01 1.035585179924964905e-01 5.730692148208618164e-01 -9.199670553207397461e-01 9.892833232879638672e-01 -1.586600542068481445e-01 8.653952479362487793e-01 -9.243692755699157715e-01 -1.400758475065231323e-01 -9.895814657211303711e-01 9.920924305915832520e-01 -2.448584735393524170e-01 -1.459839493036270142e-01 -8.798066377639770508e-01 -2.284868210554122925e-01 -3.776414096355438232e-01 -5.215396285057067871e-01 9.946472048759460449e-01 -1.013504788279533386e-01 2.930072546005249023e-01 -7.170769572257995605e-02 4.569953680038452148e-01 -8.374140262603759766e-01 5.237475037574768066e-01 -9.989060759544372559e-01 -7.115977406501770020e-01 3.725942922756075859e-03 9.939730167388916016e-01 2.382501214742660522e-01 -2.555318772792816162e-01 9.875684976577758789e-01 -4.944425821304321289e-01 1.613496690988540649e-01 -9.983298778533935547e-01 9.554473757743835449e-01 9.906237721443176270e-01 -2.580338120460510254e-01 -6.112175583839416504e-01 -2.103511393070220947e-01 9.666574597358703613e-01 -5.538296699523925781e-01 -7.827844470739364624e-02 2.777893543243408203e-01 -9.996337294578552246e-01 6.252485513687133789e-01 -1.204461678862571716e-01 4.747918546199798584e-01 -2.233888804912567139e-01 4.352482408285140991e-02 -3.173577189445495605e-01 -6.125319004058837891e-01 9.999703168869018555e-01 -1.550752669572830200e-01 -5.395469665527343750e-01 -6.605504155158996582e-01 9.713016748428344727e-01 3.727537989616394043e-01 3.108707815408706665e-02 -9.253411293029785156e-01 -9.964655041694641113e-01 -9.998701214790344238e-01 4.469918310642242432e-01 2.112769186496734619e-01 5.540169477462768555e-01 3.395016491413116455e-01 9.837483763694763184e-01 9.775108695030212402e-01 9.946340918540954590e-01 -6.929659843444824219e-02 9.978231191635131836e-01 -9.958316683769226074e-01 9.159764051437377930e-01 -9.956645369529724121e-01 -9.450578093528747559e-01 9.734086990356445312e-01 4.191455543041229248e-01 8.762242794036865234e-01 9.264940023422241211e-01 -9.291934967041015625e-01 4.441531300544738770e-01 -2.066064625978469849e-01 9.668088555335998535e-01 -3.159316182136535645e-01 -2.129950188100337982e-02 -9.997016191482543945e-01 -9.792604446411132812e-01 4.011347293853759766e-01 1.008567810058593750e-01 -3.875221610069274902e-01 7.851468920707702637e-01 1.940688043832778931e-01 -3.550937026739120483e-02 -9.395212531089782715e-01 1.255731582641601562e-01 7.902321219444274902e-01 9.897502064704895020e-01 1.232230812311172485e-01 6.685857176780700684e-01 -8.468964695930480957e-01 -2.255359850823879242e-02 4.192700088024139404e-01 9.989527463912963867e-01 9.315053224563598633e-01 9.907210469245910645e-01 6.367062926292419434e-01 9.998260736465454102e-01 1.346210688352584839e-01 -9.167335629463195801e-01 6.855602562427520752e-02 -2.245127856731414795e-01 4.797571003437042236e-01 -8.415926694869995117e-01 -4.253103733062744141e-01 -9.991735816001892090e-01 -4.026392102241516113e-01 8.407603502273559570e-01 9.803009629249572754e-01 3.197719156742095947e-01 2.976454794406890869e-01 -3.938253223896026611e-01 4.162286818027496338e-01 9.940090179443359375e-01 1.542027592658996582e-01 9.234292507171630859e-01 -1.593521088361740112e-01 1.089858040213584900e-01 1.734689921140670776e-01 8.318713903427124023e-01 9.997604489326477051e-01 -9.873289465904235840e-01 7.545915246009826660e-01 9.996744394302368164e-01 -5.086545273661613464e-02 9.526960253715515137e-01 1.683494150638580322e-01 -5.171073079109191895e-01 -1.163573563098907471e-01 4.660564959049224854e-01 -4.146229475736618042e-02 -6.003786921501159668e-01 7.123159617185592651e-02 9.980676174163818359e-01 -3.857733309268951416e-01 -2.048184275627136230e-01 -9.914917945861816406e-01 -1.668889224529266357e-01 8.699482679367065430e-01 -5.138570666313171387e-01 -8.360452651977539062e-01 3.642896115779876709e-01 -9.476483464241027832e-01 3.011130094528198242e-01 9.241231083869934082e-01 9.722276926040649414e-01 -9.633858203887939453e-01 1.127377599477767944e-01 -4.014702737331390381e-01 8.689846396446228027e-01 -2.340904623270034790e-02 -9.255189895629882812e-01 9.998286962509155273e-01 -3.201822638511657715e-01 -9.819846749305725098e-01 9.816749095916748047e-01 2.495667040348052979e-01 2.005841732025146484e-01 -4.393874108791351318e-02 -9.974912405014038086e-01 -9.699952602386474609e-01 9.855391979217529297e-01 9.827793240547180176e-01 8.822937011718750000e-01 -7.788074016571044922e-02 3.217450082302093506e-01 6.763510406017303467e-02 -9.991379976272583008e-01 -9.999794960021972656e-01 -9.949863553047180176e-01 6.513888835906982422e-01 2.607426345348358154e-01 -9.974820017814636230e-01 9.982347488403320312e-01 -9.993570446968078613e-01 -8.283960819244384766e-02 9.864081740379333496e-01 -2.554647326469421387e-01 9.681594967842102051e-01 8.150247931480407715e-01 -9.694072604179382324e-01 -9.324041008949279785e-01 9.550797343254089355e-01 -3.426782190799713135e-01 6.187766790390014648e-01 -4.150875285267829895e-02 9.904352426528930664e-01 8.436992764472961426e-01 5.450690388679504395e-01 1.179516240954399109e-01 -9.845290780067443848e-01 1.850907355546951294e-01 8.892642855644226074e-01 3.172821998596191406e-01 2.252686768770217896e-01 -1.403690874576568604e-01 3.547444343566894531e-01 3.483710587024688721e-01 9.914931058883666992e-01 1.646416187286376953e-01 -9.423578381538391113e-01 -3.117145001888275146e-01 7.301372885704040527e-01 -2.748230397701263428e-01 -2.666920609772205353e-02 -7.049574851989746094e-01 8.723689913749694824e-01 -9.997373819351196289e-01 -7.854237556457519531e-01 9.987732768058776855e-01 7.445953786373138428e-02 7.820921391248703003e-02 -7.637246847152709961e-01 7.023014128208160400e-02 1.074044182896614075e-01 1.154161617159843445e-01 -9.807388782501220703e-01 -9.983960986137390137e-01 3.005974888801574707e-01 9.981968402862548828e-01 -1.636784672737121582e-01 -4.354388415813446045e-01 9.232528805732727051e-01 -9.090038537979125977e-01 7.117826938629150391e-01 9.854388236999511719e-01 9.967670440673828125e-01 2.815393507480621338e-01 9.282304048538208008e-01 4.428536295890808105e-01 3.881821781396865845e-02 9.028398245573043823e-02 -1.717194318771362305e-01 9.998711943626403809e-01 -3.066303730010986328e-01 9.628944396972656250e-01 -1.502605229616165161e-01 -1.461981981992721558e-01 1.789561212062835693e-01 -4.307971000671386719e-01 -9.997816085815429688e-01 -1.400981694459915161e-01 -1.804671585559844971e-01 -5.186872184276580811e-02 -9.101015925407409668e-01 -9.998739957809448242e-01 5.278143882751464844e-01 1.271367073059082031e-01 1.877596527338027954e-01 4.727393761277198792e-02 9.878684282302856445e-01 -3.440783023834228516e-01 3.102902770042419434e-01 -7.648706436157226562e-01 -9.996333122253417969e-01 2.218292057514190674e-01 2.667620480060577393e-01 1.991668641567230225e-01 1.634746789932250977e-01 4.012590646743774414e-01 2.647743225097656250e-01 -9.631049036979675293e-01 2.035037875175476074e-01 9.973975419998168945e-01 9.868896007537841797e-01 4.929643273353576660e-01 -1.740271300077438354e-01 9.696782231330871582e-01 -3.588542342185974121e-01 -5.058659911155700684e-01 -7.082247138023376465e-01 -9.999235868453979492e-01 -4.157682657241821289e-01 -2.140920013189315796e-01 -5.099915266036987305e-01 3.012973964214324951e-01 -4.214335680007934570e-01 9.862344264984130859e-01 -1.928144367411732674e-03 2.260559201240539551e-01 7.785419821739196777e-01 9.991095066070556641e-01 -4.314327538013458252e-01 -2.415762245655059814e-01 -9.940795302391052246e-01 -9.997599124908447266e-01 -1.624702103435993195e-02 1.465975791215896606e-01 -9.936788678169250488e-01 -3.664318323135375977e-01 9.977170228958129883e-01 -9.756590723991394043e-01 -2.167015820741653442e-01 9.048213958740234375e-01 2.435152381658554077e-01 1.110558211803436279e-01 6.503103375434875488e-01 -1.780802151188254356e-03 6.547554135322570801e-01 -2.568110525608062744e-01 8.517221808433532715e-01 -6.345926970243453979e-02 9.467447400093078613e-01 5.910759568214416504e-01 -9.265286922454833984e-01 7.545197010040283203e-02 6.073265075683593750e-01 3.846919536590576172e-01 -4.432631433010101318e-01 1.762929558753967285e-01 -9.994264245033264160e-01 9.751942753791809082e-01 -9.998358488082885742e-01 -9.655072093009948730e-01 4.730872213840484619e-01 -9.543358087539672852e-01 -9.938859343528747559e-01 -1.160383000969886780e-01 -1.277790218591690063e-01 2.528856694698333740e-01 -9.896725416183471680e-01 -9.924751520156860352e-01 -6.260424852371215820e-02 -6.608777046203613281e-01 -6.417748928070068359e-01 -9.970425963401794434e-01 4.589817225933074951e-01 -3.379936516284942627e-01 9.760501235723495483e-02 5.050073266029357910e-01 7.644557207822799683e-02 8.356660604476928711e-02 7.606410980224609375e-01 1.979039758443832397e-01 9.963175654411315918e-01 5.006936192512512207e-01 8.905109763145446777e-02 -3.317104885354638100e-03 9.872183799743652344e-01 -9.617446660995483398e-01 2.071623802185058594e-01 -9.271478056907653809e-01 1.339962482452392578e-01 9.996551275253295898e-01 9.990845918655395508e-01 9.631973505020141602e-01 9.967139959335327148e-01 -9.955718517303466797e-01 -1.078102514147758484e-01 2.681790292263031006e-01 2.094679325819015503e-01 9.813628792762756348e-01 2.843519859015941620e-02 4.415935277938842773e-01 -9.848032593727111816e-01 2.621780037879943848e-01 -6.473889201879501343e-02 -9.606263041496276855e-01 9.956943988800048828e-01 -8.172747492790222168e-02 -9.485276043415069580e-02 3.019132018089294434e-01 2.345078736543655396e-01 3.556583523750305176e-01 4.245513677597045898e-02 -9.774539470672607422e-01 -4.539861083030700684e-01 1.199358329176902771e-01 -4.055094420909881592e-01 2.240968942642211914e-01 -9.999980330467224121e-01 6.197239160537719727e-01 9.400743991136550903e-02 3.630645275115966797e-01 -2.887293994426727295e-01 1.723943203687667847e-01 4.087348282337188721e-01 -7.032555341720581055e-02 9.996444582939147949e-01 -8.901399970054626465e-01 2.744112610816955566e-01 -7.086523622274398804e-02 -5.741999149322509766e-01 1.507992893457412720e-01 -8.434818387031555176e-01 -4.747698307037353516e-01 9.853537082672119141e-01 2.682290077209472656e-01 -4.230874404311180115e-02 -5.010901093482971191e-01 -3.265209030359983444e-03
-8.339026570320129395e-01 9.774661064147949219e-01 3.807560354471206665e-02 9.066915139555931091e-03 -1.089179590344429016e-01 -2.216922789812088013e-01 9.898366928100585938e-01 -9.944347739219665527e-01 2.043956220149993896e-01 -8.421103954315185547e-01 2.062911689281463623e-01 -9.614086151123046875e-01 -6.822757720947265625e-01 -9.341188073158264160e-01 -3.800302147865295410e-01 3.735240101814270020e-01 3.163955211639404297e-01 -1.349631994962692261e-01 -5.853217244148254395e-01 -2.317311912775039673e-01 1.353938430547714233e-01 5.548198223114013672e-01 9.470673203468322754e-01 1.931543052196502686e-01 9.989590644836425781e-01 9.955990910530090332e-01 -3.789288997650146484e-01 -4.578707814216613770e-01 -3.306620419025421143e-01 -3.459150791168212891e-01 9.694592356681823730e-01 1.628467291593551636e-01 1.313414275646209717e-01 5.980433523654937744e-02 -9.588046669960021973e-01 -2.030108571052551270e-01 -6.650896668434143066e-01 -5.009146407246589661e-02 9.699919223785400391e-01 -3.334518969058990479e-01 2.993352413177490234e-01 -4.880498349666595459e-01 1.119791343808174133e-01 -9.947925806045532227e-01 3.851993381977081299e-01 -2.963703572750091553e-01 -9.683777093887329102e-01 4.143315926194190979e-02 9.804257750511169434e-01 -4.196972548961639404e-01 3.896375000476837158e-01 1.593739390373229980e-01 9.476395249366760254e-01 7.554329186677932739e-02 -2.869004905223846436e-01 3.811514973640441895e-01 -4.446663334965705872e-02 -1.187498867511749268e-01 -9.993125200271606445e-01 -9.188966751098632812e-01 -1.675453037023544312e-01 -1.591793894767761230e-01 9.276579618453979492e-01 1.713832169771194458e-01 -6.159672047942876816e-03 -9.968746900558471680e-01 9.536062479019165039e-01 -4.273937046527862549e-01 2.145834863185882568e-01 9.875717759132385254e-01 9.936867356300354004e-01 9.999902248382568359e-01 -9.728702902793884277e-01 -9.834208488464355469e-01 -9.994034767150878906e-01 -4.816827476024627686e-01 -1.562739014625549316e-01 2.623828947544097900e-01 -5.284694209694862366e-02 -4.228909611701965332e-01 -8.413742184638977051e-01 1.813194602727890015e-01 9.187330603599548340e-01 3.124739527702331543e-01 5.430016517639160156e-01 -9.872626066207885742e-01 1.253122389316558838e-01 5.161111354827880859e-01 -2.193818986415863037e-01 3.922308981418609619e-01 -8.375855684280395508e-01 -1.991533339023590088e-01 4.988947510719299316e-01 -9.920556545257568359e-01 -9.975371360778808594e-01 9.252749681472778320e-01 6.635842919349670410e-01 -1.023454871028661728e-02 -9.999848008155822754e-01 -1.428405940532684326e-01 -6.535571217536926270e-01 -9.432109594345092773e-01 -8.721952438354492188e-01 1.443347781896591187e-01 -3.750514984130859375e-01 2.594078183174133301e-01 3.935919106006622314e-01 1.611371785402297974e-01 -2.086277455091476440e-01 7.387541532516479492e-01 4.631577432155609131e-01 7.446451187133789062e-01 -8.449128866195678711e-01 -8.853185176849365234e-01 -2.946868538856506348e-01 1.009446233510971069e-01 -9.885298609733581543e-01 -1.306561827659606934e-01 8.840712159872055054e-02 9.473013281822204590e-01 -2.636773884296417236e-01 -4.307339712977409363e-02 -9.694603085517883301e-01 -4.376257061958312988e-01 -2.608273029327392578e-01 1.147596910595893860e-01 -9.931806921958923340e-01 9.832878410816192627e-02 -7.132147997617721558e-02 -1.648179292678833008e-01 9.958142638206481934e-01 7.695187330245971680e-01 5.031280592083930969e-02 3.699063062667846680e-01 3.536447882652282715e-01 3.295363783836364746e-01 7.907928824424743652e-01 -9.784042239189147949e-01 2.006889283657073975e-01 1.899800598621368408e-01 9.983645081520080566e-01 -9.567323327064514160e-02 -2.410892844200134277e-01 7.879211306571960449e-01 3.489390015602111816e-01 7.466892600059509277e-01 -9.478965401649475098e-01 4.245475530624389648e-01 -8.226579427719116211e-01 1.253992877900600433e-02 1.229228265583515167e-02 -3.129749596118927002e-01 -6.978942751884460449e-01 -1.792295128107070923e-01 1.305097192525863647e-01 -4.241195917129516602e-01 1.244101673364639282e-01 3.084810376167297363e-01 -1.199672892689704895e-01 2.963659465312957764e-01 -1.974263638257980347e-01 3.362041711807250977e-01 -1.130368858575820923e-01 -2.294480800628662109e-01 9.999542832374572754e-01 2.469172701239585876e-02 2.598508000373840332e-01 -2.611820697784423828e-01 -7.036051154136657715e-01 9.136508703231811523e-01 -1.611185818910598755e-01 -9.095979928970336914e-01 -8.680008053779602051e-01 2.206151634454727173e-01 -2.883673086762428284e-02 5.974197760224342346e-02 -3.539135158061981201e-01 -4.543148726224899292e-02 9.994208216667175293e-01 9.977349042892456055e-01 6.182883977890014648e-01 5.336067453026771545e-02 9.997759461402893066e-01 4.836532175540924072e-01 9.961767792701721191e-01 -9.998573660850524902e-01 -9.619963169097900391e-01 4.244299232959747314e-02 9.478042274713516235e-02 7.584914565086364746e-01 5.450565814971923828e-01 -9.908471107482910156e-01 -6.432229280471801758e-01 1.237017735838890076e-01 9.930845499038696289e-01 2.005397081375122070e-01 9.134147167205810547e-01 -8.836919665336608887e-01 -9.810100793838500977e-01 -4.334367066621780396e-02 -1.528928428888320923e-01 -2.251525372266769409e-01 -2.700304985046386719e-01 3.672574162483215332e-01 1.313308179378509521e-01 8.792530298233032227e-01 2.188985496759414673e-01 9.996719956398010254e-01 8.256989121437072754e-01 -3.611637055873870850e-01 -9.814255237579345703e-01 9.930639863014221191e-01 -6.034548953175544739e-02 4.336305558681488037e-01 8.998343348503112793e-01 -9.946725368499755859e-01 -5.869894623756408691e-01 8.074036836624145508e-01 -1.092774718999862671e-01 1.021116748452186584e-01 -1.890389993786811829e-02 3.758006095886230469e-01 -9.927734136581420898e-01 4.670287948101758957e-03 -9.684119820594787598e-01 7.988014221191406250e-01 -9.750453829765319824e-01 3.265451788902282715e-01 7.590879797935485840e-01 9.397803544998168945e-01 2.295684218406677246e-01 -1.382239162921905518e-01 -4.326389729976654053e-01 2.166243456304073334e-02 9.640996456146240234e-01 5.201058983802795410e-01 -9.980145692825317383e-01 -1.775214970111846924e-01 1.593973785638809204e-01 -1.994212567806243896e-01 7.149447798728942871e-01 9.999657869338989258e-01 -1.720902174711227417e-01 9.828020930290222168e-01 6.310608386993408203e-01 2.552811205387115479e-01 6.065953969955444336e-01 1.082018166780471802e-01 4.912366271018981934e-01 -2.268694937229156494e-01 4.551829099655151367e-01 4.878107458353042603e-02 -4.071896374225616455e-01 -1.018463075160980225e-01 9.991519451141357422e-01 7.169596850872039795e-02 -1.860424727201461792e-01 -8.521087169647216797e-01 -8.207383751869201660e-01 4.454707801342010498e-01 -1.850590705871582031e-01 -7.607055306434631348e-01 1.788362562656402588e-01 -5.583837628364562988e-01 -1.920274943113327026e-01 9.895621538162231445e-01 9.919833540916442871e-01 -9.843161702156066895e-01 -4.337602853775024414e-01 -1.498500853776931763e-01 9.994307160377502441e-01 -2.304918617010116577e-01 -9.740747213363647461e-01 9.997909069061279297e-01 -1.408762931823730469e-01 -4.185701906681060791e-01 9.991170763969421387e-01 2.556566596031188965e-01 4.147543907165527344e-01 5.170533061027526855e-01 -9.792777895927429199e-01 -9.683704972267150879e-01 -7.344929128885269165e-02 9.979882240295410156e-01 9.992994070053100586e-01 -1.623183786869049072e-01 8.945914916694164276e-03 -8.039696514606475830e-02 -9.946801662445068359e-01 -9.999480247497558594e-01 -9.989171028137207031e-01 1.174494400620460510e-01 5.430004000663757324e-01 9.285935163497924805e-01 7.514469623565673828e-01 -9.152785688638687134e-02 -1.174915879964828491e-01 9.528508782386779785e-01 2.859200239181518555e-01 9.903085827827453613e-01 9.981387257575988770e-01 -9.012819528579711914e-01 2.101857066154479980e-01 9.497785568237304688e-01 -1.857824921607971191e-01 -2.305717617273330688e-01 -3.882040083408355713e-01 9.996278285980224609e-01 -7.869509458541870117e-01 2.704937458038330078e-01 3.896627128124237061e-01 -9.131725430488586426e-01 3.789857029914855957e-01 9.680843353271484375e-01 -8.703925609588623047e-01 -2.053019553422927856e-01 -2.915422916412353516e-01 4.512111544609069824e-01 -7.519284635782241821e-02 9.861983656883239746e-01 1.962419301271438599e-01 -9.976858496665954590e-01 -1.826843023300170898e-01 -9.450121521949768066e-01 -2.172628417611122131e-02 -2.234876006841659546e-01 -9.984933733940124512e-01 -2.354837208986282349e-01 -4.486568272113800049e-01 8.365287780761718750e-01 9.814803600311279297e-01 5.085394382476806641e-01 -1.208521872758865356e-01 9.953116774559020996e-01 4.449304342269897461e-01 -1.826940625905990601e-01 -1.590617895126342773e-01 -3.347353339195251465e-01 -1.248756200075149536e-01 5.662097334861755371e-01 9.986878037452697754e-01 -7.668551802635192871e-02 -2.729234695434570312e-01 3.854942023754119873e-01 -6.306307911872863770e-01 8.123304247856140137e-01 3.811475038528442383e-01 9.965341687202453613e-01 -4.745451211929321289e-01 6.047486066818237305e-01 2.214215993881225586e-01 2.032720297574996948e-02 8.319911956787109375e-01 -4.067473411560058594e-01 -1.641672104597091675e-01 -1.129483506083488464e-01 -9.234957098960876465e-01 -2.823592126369476318e-01 -2.795981168746948242e-01 6.866762787103652954e-02 -8.746976256370544434e-01 3.575743436813354492e-01 -2.336306273937225342e-01 -1.797631531953811646e-01 2.855232656002044678e-01 -8.745055794715881348e-01 3.421773314476013184e-01 4.424151182174682617e-01 3.062686622142791748e-01 4.830220341682434082e-01 -1.325058192014694214e-01 9.951351284980773926e-01 -3.242625594139099121e-01 6.034902930259704590e-01 8.680505156517028809e-01 -9.991249442100524902e-01 4.656584858894348145e-01 3.505432307720184326e-01 -4.047376811504364014e-01 2.504372894763946533e-01 -5.034182071685791016e-01 -5.610544681549072266e-01 -9.966904520988464355e-01 1.387587562203407288e-02 9.561461210250854492e-01 -9.704420566558837891e-01 2.470748722553253174e-01 -4.935171008110046387e-01 4.579939246177673340e-01 -2.740799784660339355e-01 1.783059686422348022e-01 2.761993706226348877e-01 -9.999528527259826660e-01 -5.600657463073730469e-01 -1.338156610727310181e-01 -2.553581297397613525e-01 -2.061458677053451538e-01 -4.082310497760772705e-01 -8.421370387077331543e-01 2.435971349477767944e-01 3.579806983470916748e-01 -9.928354024887084961e-01 1.452157199382781982e-01 -1.714918166399002075e-01 8.056610822677612305e-01 -7.828519344329833984e-01 2.700575292110443115e-01 -4.653183743357658386e-02 1.582088470458984375e-01 -9.900859594345092773e-01 9.426144957542419434e-01 9.495577812194824219e-01 -9.970040917396545410e-01 5.042397379875183105e-01 -1.180609874427318573e-02 3.546362221240997314e-01 2.649464011192321777e-01 -3.169392347335815430e-01 -8.849099874496459961e-01 -9.965403079986572266e-01 -5.876435711979866028e-02 9.997756481170654297e-01 3.063699305057525635e-01 3.192344009876251221e-01 2.934971749782562256e-01 -9.997378587722778320e-01 2.724897265434265137e-01 1.669058352708816528e-01 2.011761367321014404e-01 8.039229363203048706e-02 4.832372069358825684e-01 -8.481059670448303223e-01 9.989355206489562988e-01 -9.999260902404785156e-01 -9.555963873863220215e-01 1.710942089557647705e-01 -6.969810128211975098e-01 -3.212603926658630371e-01 -1.271367520093917847e-01 -7.568319886922836304e-02 -8.711962960660457611e-03 -9.992058873176574707e-01 -9.011833071708679199e-01 2.749620676040649414e-01 -9.995590448379516602e-01 -6.829627752304077148e-01 -8.383653163909912109e-01 2.250980734825134277e-01 -1.662223339080810547e-01 -7.379402965307235718e-02 -1.771817803382873535e-01 3.892074227333068848e-01 -1.473321318626403809e-01 9.819204211235046387e-01 5.482233762741088867e-01 6.536388397216796875e-01 3.304059505462646484e-01 1.770688444375991821e-01 -1.321663260459899902e-01 7.057713866233825684e-01 9.974126219749450684e-01 1.555791310966014862e-02 -9.822505116462707520e-01 2.402899712324142456e-01 4.833236336708068848e-01 9.998573660850524902e-01 4.862192571163177490e-01 5.013360381126403809e-01 -9.998035430908203125e-01 -2.622095644474029541e-01 5.428248047828674316e-01 -7.900201082229614258e-01 7.366660833358764648e-01 1.853934824466705322e-01 1.890237033367156982e-01 -9.806256890296936035e-01 -7.806760072708129883e-01 6.347336173057556152e-01 -9.651091098785400391e-01 9.364078044891357422e-01 -2.032618373632431030e-01 5.584771633148193359e-01 3.512685894966125488e-01 1.355703026056289673e-01 2.153782099485397339e-01 -9.749338626861572266e-01 -3.601076900959014893e-01 -2.717032432556152344e-01 6.107677519321441650e-02 6.645748764276504517e-02 8.164211362600326538e-02 -9.999996423721313477e-01 -8.962827920913696289e-01 -7.233249545097351074e-01 1.441401690244674683e-01 2.600412070751190186e-01 2.735943496227264404e-01 8.588332682847976685e-02 -9.701641798019409180e-01 9.999871253967285156e-01 -9.894422888755798340e-01 4.760656505823135376e-02 5.827880650758743286e-02 -1.777697354555130005e-01 -1.170683205127716064e-01 -9.101150631904602051e-01 7.587212324142456055e-01 -1.937242448329925537e-01 -1.059357300400733948e-01 4.231517389416694641e-02 -4.550880938768386841e-02 -8.949164748191833496e-01
9.875093102455139160e-01 7.986099123954772949e-01 6.126092374324798584e-02 1.872614324092864990e-01 2.323359996080398560e-02 8.022992014884948730e-01 8.576648235321044922e-01 -9.987517595291137695e-01 1.072366982698440552e-01 -7.742911577224731445e-01 -1.672011464834213257e-01 -8.996796607971191406e-01 -7.063694596290588379e-01 -9.995265603065490723e-01 -4.964452087879180908e-01 3.632923662662506104e-01 -1.163594424724578857e-02 3.603717386722564697e-01 -5.608213543891906738e-01 -1.413845736533403397e-02 5.614495277404785156e-02 -7.382150739431381226e-03 -8.297440595924854279e-03 9.510945677757263184e-01 9.997028708457946777e-01 9.967341423034667969e-01 -1.977162212133407593e-01 -4.369186758995056152e-01 7.529355585575103760e-02 -9.420791268348693848e-01 9.945129156112670898e-01 -1.144939512014389038e-01 4.250105917453765869e-01 2.951633930206298828e-01 -9.962876439094543457e-01 -5.598692968487739563e-02 -4.340686202049255371e-01 2.635027281939983368e-02 9.986547827720642090e-01 2.070599794387817383e-01 3.023612499237060547e-01 -4.193468689918518066e-01 -2.438917607069015503e-01 -9.994643926620483398e-01 2.504403591156005859e-01 2.854750454425811768e-01 -9.925306439399719238e-01 1.399439275264739990e-01 -1.144713610410690308e-01 -2.840586304664611816e-01 -1.598807573318481445e-01 2.488259077072143555e-01 9.932994842529296875e-01 1.405096352100372314e-01 -7.792174816131591797e-01 4.238176643848419189e-01 2.504763007164001465e-01 2.039193361997604370e-02 -9.794701337814331055e-01 -9.295954704284667969e-01 -3.910078108310699463e-02 -1.219832003116607666e-01 9.982199668884277344e-01 7.506925612688064575e-02 1.207610592246055603e-01 2.963353991508483887e-01 9.996999502182006836e-01 -7.773559689521789551e-01 1.885313987731933594e-01 9.992436170578002930e-01 8.689031600952148438e-01 9.999951124191284180e-01 -9.794018268585205078e-01 -3.449705243110656738e-01 -8.637607693672180176e-01 -4.960190355777740479e-01 6.535955518484115601e-02 1.874960027635097504e-02 -8.604580536484718323e-03 3.924509510397911072e-02 -9.903203845024108887e-01 2.943308949470520020e-01 9.795680642127990723e-01 -2.239244431257247925e-01 -6.132948994636535645e-01 -9.989694952964782715e-01 -2.046490907669067383e-01 2.475844025611877441e-01 -2.536787986755371094e-01 8.030854165554046631e-02 3.245328962802886963e-01 4.289065897464752197e-01 2.182744294404983521e-01 -9.961183667182922363e-01 -4.215652123093605042e-02 9.759591817855834961e-01 6.586524248123168945e-01 -1.163190826773643494e-01 -9.999482631683349609e-01 3.249893784523010254e-01 -7.901353836059570312e-01 -4.003396034240722656e-01 -9.478868842124938965e-01 -1.425811834633350372e-02 -2.029471993446350098e-01 1.054908111691474915e-01 9.525068402290344238e-01 2.450165450572967529e-01 -1.431822925806045532e-01 -9.442888498306274414e-01 3.313388228416442871e-01 -1.091805696487426758e-01 9.855169057846069336e-01 1.367272809147834778e-02 -1.939180344343185425e-01 3.102169036865234375e-01 -9.860343933105468750e-01 -9.561124444007873535e-01 -2.925689332187175751e-02 8.243265151977539062e-01 -8.667815327644348145e-01 1.539649963378906250e-01 -9.716021418571472168e-01 -9.141600728034973145e-01 -1.083317622542381287e-01 -8.968828618526458740e-02 -9.964678883552551270e-01 6.014589592814445496e-02 -2.285943925380706787e-01 1.424034088850021362e-01 9.935113787651062012e-01 -9.500917792320251465e-01 2.720053493976593018e-01 4.709203168749809265e-02 6.654443591833114624e-02 -3.762110769748687744e-01 9.158247113227844238e-01 -7.856666445732116699e-01 -9.988372921943664551e-01 -1.958247721195220947e-01 9.941164851188659668e-01 1.902536898851394653e-01 -2.303023487329483032e-01 9.994543194770812988e-01 4.261903762817382812e-01 9.457181692123413086e-01 -8.771907687187194824e-01 9.444527029991149902e-01 -9.716349840164184570e-01 -1.486978977918624878e-01 4.150906950235366821e-02 -1.966948658227920532e-01 -7.069035768508911133e-01 4.598868265748023987e-02 3.275072276592254639e-01 -1.105020344257354736e-01 9.574170112609863281e-01 -5.158921480178833008e-01 -2.957436814904212952e-02 3.416875004768371582e-01 -2.251408398151397705e-01 2.782019078731536865e-01 -1.317572444677352905e-01 -5.155684892088174820e-03 9.999741315841674805e-01 -9.187648445367813110e-02 9.592697024345397949e-02 -5.866882205009460449e-01 9.654166102409362793e-01 9.938818216323852539e-01 -9.084624052047729492e-02 -7.041808962821960449e-01 -9.895852208137512207e-01 9.544965624809265137e-01 -6.019073128700256348e-01 -8.440084755420684814e-02 -6.653522849082946777e-01 -8.292661607265472412e-02 9.978530406951904297e-01 9.091020226478576660e-01 4.817452430725097656e-01 1.182420924305915833e-01 9.772543311119079590e-01 7.505326867103576660e-01 9.867834448814392090e-01 -9.963580965995788574e-01 -9.707772135734558105e-01 7.636914849281311035e-01 1.167978420853614807e-01 9.952069520950317383e-01 9.044892787933349609e-01 -9.130570888519287109e-01 9.803452491760253906e-01 -3.272436857223510742e-01 9.761024713516235352e-01 -1.660635620355606079e-01 -1.112288460135459900e-01 9.320186078548431396e-02 3.180181086063385010e-01 -2.682899832725524902e-01 -3.055004477500915527e-01 -5.381571054458618164e-01 -9.243306517601013184e-01 2.033161967992782593e-01 1.911262422800064087e-01 9.383821487426757812e-01 3.915431722998619080e-02 9.965869784355163574e-01 9.854581952095031738e-01 1.268941015005111694e-01 -9.920040965080261230e-01 1.909138113260269165e-01 2.760888338088989258e-01 1.965743303298950195e-01 7.687601447105407715e-02 -5.699709653854370117e-01 -8.404119610786437988e-01 9.936085939407348633e-01 -9.281864166259765625e-01 6.693617999553680420e-02 8.821561932563781738e-01 1.043679937720298767e-01 -9.448858499526977539e-01 9.980125725269317627e-02 -9.686925411224365234e-01 -8.884843587875366211e-01 -8.349266052246093750e-01 -2.205680161714553833e-01 2.594169676303863525e-01 -5.198014155030250549e-02 -7.988795638084411621e-02 2.373806387186050415e-01 -3.406574726104736328e-01 -7.154686748981475830e-02 8.167646527290344238e-01 -1.138241291046142578e-01 -8.194940686225891113e-01 4.802446439862251282e-02 -8.348626643419265747e-02 2.686193585395812988e-01 7.031009197235107422e-01 9.982088804244995117e-01 7.770856022834777832e-01 9.975973367691040039e-01 -1.951345652341842651e-01 2.663860023021697998e-01 9.999527335166931152e-01 -1.477915644645690918e-01 6.979461908340454102e-01 -4.467416405677795410e-01 1.794982850551605225e-01 -2.602531388401985168e-02 7.614661008119583130e-02 1.137901619076728821e-01 9.998919963836669922e-01 8.535833656787872314e-02 -1.306242793798446655e-01 4.863313734531402588e-01 -9.024546742439270020e-01 -3.571213781833648682e-02 -2.877496778964996338e-01 -9.611838459968566895e-01 1.967668086290359497e-01 -7.759842276573181152e-02 -3.157817721366882324e-01 8.933652043342590332e-01 9.955855607986450195e-01 -9.972623586654663086e-01 -4.637162387371063232e-01 -4.720772802829742432e-02 9.993186593055725098e-01 3.025096096098423004e-02 -9.063228368759155273e-01 9.999220967292785645e-01 -3.357204496860504150e-01 1.463974267244338989e-01 9.883642196655273438e-01 1.158978119492530823e-01 9.803795814514160156e-01 3.253728449344635010e-01 6.923395395278930664e-01 -9.979339241981506348e-01 -6.385834887623786926e-03 9.995093941688537598e-01 1.148406136780977249e-02 2.409127056598663330e-01 9.455980360507965088e-02 8.785531669855117798e-02 -9.750075936317443848e-01 -9.983540177345275879e-01 -9.887019991874694824e-01 8.798343688249588013e-02 5.302290916442871094e-01 8.716945648193359375e-01 1.488105505704879761e-01 -7.157052159309387207e-01 2.641912698745727539e-01 9.617241621017456055e-01 -1.731623411178588867e-01 9.631302356719970703e-01 9.997749924659729004e-01 -9.863242506980895996e-01 9.013748764991760254e-01 9.962212443351745605e-01 -3.405546844005584717e-01 -2.726433575153350830e-01 -1.230423897504806519e-01 9.898961782455444336e-01 7.755139470100402832e-01 8.078141137957572937e-03 2.716230750083923340e-01 -9.954818487167358398e-01 2.073705643415451050e-01 9.994516372680664062e-01 -9.058903455734252930e-01 -2.923022210597991943e-01 -9.283459931612014771e-02 3.583207726478576660e-01 1.160654872655868530e-01 9.997330307960510254e-01 1.445469707250595093e-01 -9.106603264808654785e-01 2.795671224594116211e-01 -9.854757189750671387e-01 -2.092433571815490723e-01 -2.339176386594772339e-01 -9.591898322105407715e-01 -8.053414225578308105e-01 6.991556882858276367e-01 2.261535972356796265e-01 9.681802392005920410e-01 -6.400808691978454590e-02 -2.973513677716255188e-02 9.152173399925231934e-01 5.747350677847862244e-02 -6.634235382080078125e-02 8.604019135236740112e-02 -9.803289175033569336e-01 6.272161006927490234e-01 4.763040244579315186e-01 9.993036985397338867e-01 1.095981374382972717e-01 -4.683861434459686279e-01 9.633732438087463379e-01 -9.850353002548217773e-01 9.830628037452697754e-01 -6.762856841087341309e-01 9.928880929946899414e-01 -1.022386923432350159e-01 1.463377028703689575e-01 -3.924407660961151123e-01 2.007076889276504517e-01 6.094985008239746094e-01 -2.076832801103591919e-01 -9.214527606964111328e-01 -3.484553098678588867e-01 -7.796590328216552734e-01 -3.845656216144561768e-01 8.169087022542953491e-02 -2.741059064865112305e-01 -9.346004724502563477e-01 9.507953524589538574e-01 -2.071145363152027130e-02 2.952732890844345093e-02 5.326412916183471680e-01 -9.192721247673034668e-01 9.466835260391235352e-01 7.457004189491271973e-01 2.951741814613342285e-01 5.192133188247680664e-01 -2.432751506567001343e-01 6.416087746620178223e-01 -2.887209653854370117e-01 6.117678284645080566e-01 9.551070928573608398e-01 -9.980123043060302734e-01 1.379336863756179810e-01 8.740426599979400635e-02 5.878489464521408081e-02 4.322456717491149902e-01 6.269934177398681641e-01 -8.561182767152786255e-02 -9.987683296203613281e-01 -6.725326925516128540e-02 8.538796901702880859e-01 -9.894747138023376465e-01 4.644602239131927490e-01 -2.907627522945404053e-01 -7.693218588829040527e-01 -3.904227316379547119e-01 1.654450595378875732e-01 7.990139126777648926e-01 -9.994164705276489258e-01 -1.306550204753875732e-01 2.924547763541340828e-03 -9.631519764661788940e-02 -2.320173978805541992e-01 -6.408691406250000000e-01 -8.813480287790298462e-02 4.042928293347358704e-02 3.048414587974548340e-01 -9.802063703536987305e-01 -8.769374489784240723e-01 -1.182848289608955383e-01 9.289853572845458984e-01 -7.127884626388549805e-01 9.549819231033325195e-01 4.464417323470115662e-02 2.647129893302917480e-01 -9.936937093734741211e-01 7.924809455871582031e-01 8.616752624511718750e-01 -9.796690940856933594e-01 4.884488135576248169e-02 -8.484050035476684570e-01 1.596886515617370605e-01 5.007789134979248047e-01 -4.762946963310241699e-01 -9.303763508796691895e-01 -9.999538660049438477e-01 1.261819154024124146e-01 9.958012104034423828e-01 1.727773547172546387e-01 6.027160882949829102e-01 3.169630467891693115e-01 -9.996219277381896973e-01 1.175282299518585205e-01 2.050972580909729004e-01 6.716209650039672852e-02 3.508709743618965149e-02 -1.047957986593246460e-01 -8.441871404647827148e-01 9.913992285728454590e-01 -9.992018938064575195e-01 -8.453614115715026855e-01 1.353623718023300171e-01 8.115047812461853027e-01 8.202847242355346680e-01 -1.554189026355743408e-01 -2.994084060192108154e-01 -1.200696676969528198e-01 -9.999127984046936035e-01 -9.322193861007690430e-01 4.726645946502685547e-01 -9.985857009887695312e-01 -9.858493208885192871e-01 -1.533817648887634277e-01 1.343642771244049072e-01 -3.495478332042694092e-01 -5.496016144752502441e-02 -9.323727339506149292e-02 2.149956375360488892e-01 2.199875861406326294e-01 9.990482926368713379e-01 1.032490879297256470e-01 -9.213976860046386719e-01 -3.021010896191000938e-03 7.331042736768722534e-02 -1.675015240907669067e-01 1.606380641460418701e-01 9.905742406845092773e-01 -1.247677728533744812e-01 -9.857732057571411133e-01 4.026878774166107178e-01 -6.634284257888793945e-01 9.998573660850524902e-01 5.809038281440734863e-01 -8.793094158172607422e-01 -9.984050989151000977e-01 -2.907720208168029785e-01 6.460435986518859863e-01 -4.720881283283233643e-01 -5.641302466392517090e-01 1.081334352493286133e-01 3.788731992244720459e-03 -9.756004810333251953e-01 -9.931417703628540039e-01 4.684685468673706055e-01 -7.519561648368835449e-01 6.976850032806396484e-01 6.598962098360061646e-02 9.999941289424896240e-02 2.617628276348114014e-01 -2.895947694778442383e-01 2.542575299739837646e-01 -9.742320775985717773e-01 5.144081115722656250e-01 -2.467188090085983276e-01 -1.463781744241714478e-01 -1.505508869886398315e-01 -2.234502136707305908e-01 -9.999883770942687988e-01 5.774725079536437988e-01 -8.622474074363708496e-01 -1.095929518342018127e-01 1.701074838638305664e-01 1.938426345586776733e-01 1.650178730487823486e-01 -9.985900521278381348e-01 9.999425411224365234e-01 -9.481025338172912598e-01 3.417271971702575684e-01 1.191975269466638565e-02 -1.509851962327957153e-01 1.594177782535552979e-01 -9.659984707832336426e-01 9.848407506942749023e-01 -9.721765518188476562e-01 -3.632953166961669922e-01 3.383128046989440918e-01 2.545331716537475586e-01 -9.968835711479187012e-01
-4.178018271923065186e-01 9.003196358680725098e-01 2.243788540363311768e-01 -2.897384576499462128e-02 -6.046658381819725037e-02 1.001753285527229309e-01 9.143840670585632324e-01 -9.995532631874084473e-01 -3.249440193176269531e-01 -9.493889808654785156e-01 2.465699464082717896e-01 -9.836401343345642090e-01 -3.194009959697723389e-01 -9.933778643608093262e-01 -1.760100126266479492e-01 -2.445672750473022461e-01 -3.023620545864105225e-01 1.320898830890655518e-01 -5.224799513816833496e-01 -6.327059119939804077e-02 3.232884109020233154e-01 2.949913740158081055e-01 9.251307249069213867e-01 1.799121350049972534e-01 9.980480074882507324e-01 9.980443120002746582e-01 -2.304213047027587891e-01 -3.921701312065124512e-01 -2.810026705265045166e-01 9.286913275718688965e-01 9.735761284828186035e-01 6.192929670214653015e-02 -1.618948429822921753e-01 1.116474121809005737e-01 -9.918916225433349609e-01 2.499835640192031860e-01 -5.758662819862365723e-01 1.874520927667617798e-01 9.882181286811828613e-01 1.823181807994842529e-01 3.067445158958435059e-01 -4.373443126678466797e-02 3.542099893093109131e-01 -9.988000392913818359e-01 1.280122101306915283e-01 9.262802004814147949e-01 -9.359536170959472656e-01 1.558169275522232056e-01 8.199147582054138184e-01 -2.302161306142807007e-01 9.303714632987976074e-01 1.505512893199920654e-01 9.992299079895019531e-01 1.392536908388137817e-01 -4.858205467462539673e-02 -1.332245171070098877e-01 9.082514047622680664e-02 1.804897785186767578e-01 -9.923713207244873047e-01 -9.511428475379943848e-01 -2.890871465206146240e-01 8.716589212417602539e-02 9.459750652313232422e-01 1.753734052181243896e-01 2.610249519348144531e-01 -9.956598281860351562e-01 9.876871109008789062e-01 8.482710272073745728e-02 1.803351789712905884e-01 9.896515011787414551e-01 9.902958273887634277e-01 9.999742507934570312e-01 -8.742700219154357910e-01 -8.646619915962219238e-01 -9.912390112876892090e-01 -6.268253326416015625e-01 2.150194644927978516e-01 -5.722753405570983887e-01 -4.471540451049804688e-02 1.352474689483642578e-01 -9.963002204895019531e-01 -1.462701857089996338e-01 9.982001781463623047e-01 1.315993517637252808e-01 9.510068297386169434e-01 -6.157337427139282227e-01 9.044687449932098389e-02 2.983631789684295654e-01 6.225938349962234497e-02 5.868610367178916931e-02 -9.751746654510498047e-01 1.857203096151351929e-01 3.798688948154449463e-01 -9.993042945861816406e-01 -9.832443594932556152e-01 9.908692836761474609e-01 9.483455419540405273e-01 8.787855505943298340e-02 -9.997892379760742188e-01 1.501412838697433472e-01 -9.327108263969421387e-01 -7.457929253578186035e-01 -4.834050238132476807e-01 1.540332138538360596e-01 2.943039238452911377e-01 -1.578063070774078369e-01 9.980744123458862305e-01 4.475883394479751587e-02 -4.446405172348022461e-01 -9.600029587745666504e-01 5.432852357625961304e-02 3.642050921916961670e-02 4.198729097843170166e-01 -9.814838171005249023e-01 2.270006090402603149e-01 -5.125146731734275818e-02 -9.572051167488098145e-01 2.222519069910049438e-01 -6.708388775587081909e-02 9.858107566833496094e-01 -4.720236957073211670e-01 9.162340313196182251e-02 -9.945784211158752441e-01 4.430487453937530518e-01 2.432564459741115570e-02 -2.832934558391571045e-01 -9.809295535087585449e-01 -1.903001070022583008e-01 -2.098869383335113525e-01 -1.306615173816680908e-01 9.570627808570861816e-01 3.502169549465179443e-01 8.549622893333435059e-01 -1.573815196752548218e-01 3.092749714851379395e-01 -3.807270526885986328e-01 9.811889529228210449e-01 -9.913676381111145020e-01 -9.021064043045043945e-01 1.624427586793899536e-01 9.996415972709655762e-01 1.180866062641143799e-01 1.679040193557739258e-01 9.841291904449462891e-01 9.809575974941253662e-03 7.809255719184875488e-01 -9.027785062789916992e-01 9.849225878715515137e-01 -1.659619361162185669e-01 -9.027136862277984619e-02 -2.101380228996276855e-01 2.708315253257751465e-01 4.218914508819580078e-01 -3.966631889343261719e-01 -5.420985445380210876e-02 4.169648140668869019e-02 -8.310500979423522949e-01 -3.018807470798492432e-01 2.375108897686004639e-01 2.267720252275466919e-01 -4.105436801910400391e-01 -4.947537779808044434e-01 -1.998775303363800049e-01 -1.662328094244003296e-01 9.999815821647644043e-01 4.031249880790710449e-01 1.867921501398086548e-01 -2.872260510921478271e-01 9.707264304161071777e-01 9.047264456748962402e-01 1.669098734855651855e-01 -7.834060788154602051e-01 -8.761290907859802246e-01 -9.162538051605224609e-01 7.647570967674255371e-02 -2.774128913879394531e-01 9.123963117599487305e-01 2.776069641113281250e-01 9.992250204086303711e-01 9.992488026618957520e-01 8.808201551437377930e-01 -1.380929350852966309e-01 9.995033740997314453e-01 -1.095011234283447266e-01 9.767090082168579102e-01 -9.971817135810852051e-01 -9.621001482009887695e-01 7.243034988641738892e-02 4.723855555057525635e-01 9.716540575027465820e-01 9.401305913925170898e-01 -9.683859944343566895e-01 7.133689522743225098e-01 -1.826924085617065430e-01 9.886103868484497070e-01 -2.523583769798278809e-01 -4.139281511306762695e-01 -9.845293760299682617e-01 -9.370076656341552734e-01 1.213295534253120422e-01 -1.249270364642143250e-01 7.615717500448226929e-02 -8.453763127326965332e-01 -1.441310159862041473e-02 1.953923255205154419e-01 7.309660911560058594e-01 3.658784925937652588e-01 9.808929562568664551e-01 8.868148326873779297e-01 1.598346680402755737e-01 -4.813888669013977051e-01 5.878085643053054810e-02 1.554089635610580444e-01 3.922775387763977051e-01 9.674550890922546387e-01 -9.502050280570983887e-01 5.147215723991394043e-01 7.444387674331665039e-01 9.325382709503173828e-01 1.473038196563720703e-01 -7.961490154266357422e-01 5.270684361457824707e-01 -6.148627400398254395e-01 1.620895601809024811e-02 -9.663306474685668945e-01 -7.107210755348205566e-01 -9.959244132041931152e-01 -5.789064168930053711e-01 -7.392754554748535156e-01 9.097860455513000488e-01 2.349687516689300537e-01 1.085150912404060364e-01 -3.883101642131805420e-01 1.731039285659790039e-01 9.951190352439880371e-01 3.657085895538330078e-01 -8.736296892166137695e-01 4.551078379154205322e-01 3.101481795310974121e-01 1.016649305820465088e-01 7.409662604331970215e-01 9.992545843124389648e-01 -7.805018424987792969e-01 9.906973838806152344e-01 8.748721480369567871e-01 -2.536279335618019104e-02 9.286370873451232910e-01 -8.649022132158279419e-02 8.281996846199035645e-01 -1.744619198143482208e-02 1.701210439205169678e-01 2.699277698993682861e-01 -3.006427884101867676e-01 2.198660224676132202e-01 9.994849562644958496e-01 3.111628592014312744e-01 -5.700970813632011414e-02 -9.196077585220336914e-01 -8.958106040954589844e-01 9.429932832717895508e-01 -4.591732844710350037e-02 -8.825309872627258301e-01 2.781698107719421387e-01 -8.979526162147521973e-01 -2.598029971122741699e-01 9.878300428390502930e-01 9.979458451271057129e-01 -9.317416548728942871e-01 3.981973528861999512e-01 -1.502407342195510864e-01 9.997485876083374023e-01 -1.467629224061965942e-01 -6.806389689445495605e-01 9.998974204063415527e-01 -4.595107138156890869e-01 -3.840150833129882812e-01 9.892166256904602051e-01 1.978310942649841309e-01 2.064972370862960815e-01 4.480666816234588623e-01 -6.825055480003356934e-01 -9.893415570259094238e-01 8.828376531600952148e-01 9.981006383895874023e-01 8.809629678726196289e-01 -2.884776890277862549e-01 1.918169111013412476e-02 -2.588926255702972412e-01 -9.988263249397277832e-01 -9.992535114288330078e-01 -9.781517982482910156e-01 4.392167627811431885e-01 2.999656200408935547e-01 5.994021296501159668e-01 9.672465324401855469e-01 -8.541737794876098633e-01 -2.657385766506195068e-01 9.933667778968811035e-01 -1.105923205614089966e-01 9.990926384925842285e-01 9.963808059692382812e-01 -9.622023105621337891e-01 -2.905712127685546875e-01 9.911728501319885254e-01 -4.931586682796478271e-01 2.869233302772045135e-02 9.963072836399078369e-02 9.981628060340881348e-01 8.392993211746215820e-01 1.848503649234771729e-01 3.192418813705444336e-01 -9.867408275604248047e-01 7.378440350294113159e-02 9.943215250968933105e-01 7.763019204139709473e-01 -1.078113690018653870e-01 -2.982211709022521973e-01 -8.079519867897033691e-02 1.530200839042663574e-01 9.976482391357421875e-01 -1.487157344818115234e-01 -2.194123119115829468e-01 -9.167679399251937866e-02 4.609822332859039307e-01 -5.101457238197326660e-01 9.236712008714675903e-02 -9.298666119575500488e-01 3.592069149017333984e-01 -9.711594581604003906e-01 8.244097828865051270e-01 9.965893626213073730e-01 -1.786177754402160645e-01 3.414192497730255127e-01 7.292682528495788574e-01 2.196271717548370361e-01 -2.487576156854629517e-01 4.168508350849151611e-01 -8.753572106361389160e-01 -7.723557949066162109e-01 4.264881908893585205e-01 9.993320107460021973e-01 -1.795990914106369019e-01 -1.035436466336250305e-01 -1.914145350456237793e-01 -9.608591198921203613e-01 6.753392815589904785e-01 7.840276360511779785e-01 9.992287755012512207e-01 -7.357139140367507935e-02 6.872988343238830566e-01 2.241883128881454468e-01 -1.789636909961700439e-01 -6.725064516067504883e-01 -1.355880647897720337e-01 9.315656423568725586e-01 1.491205841302871704e-01 1.491991281509399414e-01 -2.090682834386825562e-01 -2.455371171236038208e-01 -1.144904047250747681e-01 -9.774796962738037109e-01 -9.106957316398620605e-01 -3.133646398782730103e-02 2.554982900619506836e-01 2.272087782621383667e-01 -8.984575867652893066e-01 -9.113396406173706055e-01 4.215302169322967529e-01 2.522404491901397705e-01 4.255856573581695557e-01 -2.601813971996307373e-01 9.524000287055969238e-01 -3.795037865638732910e-01 5.381144881248474121e-01 1.434018313884735107e-01 -9.996222257614135742e-01 1.172617226839065552e-01 7.495232671499252319e-02 1.426988095045089722e-02 5.156233310699462891e-01 8.174135684967041016e-01 -1.626898348331451416e-01 -9.982256293296813965e-01 3.891476243734359741e-02 9.948980212211608887e-01 -9.732964038848876953e-01 5.923555418848991394e-02 -1.137491241097450256e-01 5.152218937873840332e-01 -2.945975661277770996e-01 -2.936182618141174316e-01 9.401491880416870117e-01 -9.995822906494140625e-01 -4.055082499980926514e-01 -3.485171496868133545e-01 -1.255510896444320679e-01 -9.642709791660308838e-02 -3.703929483890533447e-01 9.380609393119812012e-01 -1.173623129725456238e-01 -2.564091086387634277e-01 -4.308417141437530518e-01 6.955139636993408203e-01 -2.992813587188720703e-01 8.683803081512451172e-01 3.647182583808898926e-01 -8.375952839851379395e-01 1.025533452630043030e-01 3.004201948642730713e-01 -9.400655031204223633e-01 3.463854491710662842e-01 7.610434293746948242e-01 -9.964755773544311523e-01 7.395742088556289673e-02 3.886285722255706787e-01 3.123103380203247070e-01 9.107973426580429077e-02 1.029001548886299133e-01 3.357248380780220032e-02 -9.299931526184082031e-01 -3.198929503560066223e-02 7.371620535850524902e-01 4.465499818325042725e-01 9.415807723999023438e-01 3.369981050491333008e-01 -9.930452108383178711e-01 -1.377711594104766846e-01 2.496289648115634918e-02 3.479669988155364990e-01 -4.204334020614624023e-01 -9.440923482179641724e-02 -3.968350887298583984e-01 9.975966811180114746e-01 -9.999917149543762207e-01 -9.560243487358093262e-01 2.933225333690643311e-01 -5.466104745864868164e-01 -8.658345341682434082e-01 -1.075884103775024414e-01 -3.655431866645812988e-01 -9.331937879323959351e-02 -9.993026852607727051e-01 -8.770887851715087891e-01 1.602381914854049683e-01 -9.701972007751464844e-01 -9.922140836715698242e-01 -9.392882585525512695e-01 3.622659146785736084e-01 -3.323662877082824707e-01 -1.439695507287979126e-01 5.383329093456268311e-02 3.679185509681701660e-01 4.554393291473388672e-01 9.882182478904724121e-01 5.350285172462463379e-01 -4.159043729305267334e-01 3.240121304988861084e-01 3.745919466018676758e-01 -9.008073061704635620e-02 9.530711770057678223e-01 6.742986440658569336e-01 4.342239350080490112e-02 -9.878268241882324219e-01 -5.385057628154754639e-02 9.634289741516113281e-01 9.996981620788574219e-01 9.403512477874755859e-01 6.089903116226196289e-01 -9.999037384986877441e-01 -2.861368656158447266e-01 5.533388257026672363e-01 5.648298263549804688e-01 7.351236939430236816e-01 -1.154751405119895935e-01 1.063478365540504456e-02 -9.746614694595336914e-01 -7.187519073486328125e-01 1.140001565217971802e-01 -9.335848689079284668e-01 9.190267324447631836e-01 -1.850460618734359741e-01 1.401440352201461792e-01 2.940072305500507355e-02 8.493001013994216919e-02 1.723528653383255005e-01 -8.875388503074645996e-01 -9.272271394729614258e-01 -2.283711433410644531e-01 -4.453801512718200684e-01 -2.549196481704711914e-01 1.276418119668960571e-01 -9.999993443489074707e-01 1.930905133485794067e-01 -8.033702373504638672e-01 3.247435688972473145e-01 -2.669732570648193359e-01 -4.122532904148101807e-01 4.930309057235717773e-01 -9.840431809425354004e-01 9.999770522117614746e-01 -1.550328284502029419e-01 3.105015754699707031e-01 2.484634220600128174e-01 -4.853253066539764404e-01 5.921731889247894287e-02 -9.711625576019287109e-01 8.041816353797912598e-01 -4.242977499961853027e-01 2.040789276361465454e-01 3.452711403369903564e-01 -9.529121965169906616e-02 -8.487077951431274414e-01
6.022199988365173340e-01 8.218083977699279785e-01 -2.591319680213928223e-01 -1.087642740458250046e-02 3.295873999595642090e-01 -6.073861718177795410e-01 9.963687062263488770e-01 -9.958827495574951172e-01 1.553888320922851562e-01 -9.930389523506164551e-01 -2.231492698192596436e-01 -2.254312485456466675e-01 -9.855905175209045410e-01 -5.996465682983398438e-01 5.233561396598815918e-01 -3.788165003061294556e-02 9.930943697690963745e-02 -2.479350715875625610e-01 -5.797479152679443359e-01 -3.491997122764587402e-01 3.308095335960388184e-01 1.398331224918365479e-01 9.974631071090698242e-01 9.981092810630798340e-01 9.829028248786926270e-01 9.869059920310974121e-01 -3.369517028331756592e-01 -5.902240276336669922e-01 1.975006312131881714e-01 -9.993429183959960938e-01 9.912548065185546875e-01 -2.079746127128601074e-01 -1.486878693103790283e-01 2.199119627475738525e-01 -9.704747200012207031e-01 -4.601950347423553467e-01 -2.681352794170379639e-01 -1.417673379182815552e-01 9.901112914085388184e-01 -2.150655686855316162e-01 2.856978587806224823e-02 -4.729940593242645264e-01 8.954054862260818481e-02 -9.997672438621520996e-01 -3.337728977203369141e-01 -7.941703200340270996e-01 -5.183415487408638000e-02 1.265335232019424438e-01 5.838532447814941406e-01 -3.439832031726837158e-01 2.234911322593688965e-01 4.040012955665588379e-01 9.906363487243652344e-01 -1.244993954896926880e-01 -9.634027481079101562e-01 -4.099084995687007904e-03 -5.152533296495676041e-03 -1.051929667592048645e-01 -9.997629523277282715e-01 -9.281880855560302734e-01 -6.325165033340454102e-01 3.149645328521728516e-01 9.973597526550292969e-01 4.566982686519622803e-01 1.634343415498733521e-01 -9.924250841140747070e-01 9.883639216423034668e-01 -9.184085130691528320e-01 3.243677318096160889e-01 9.764418005943298340e-01 8.295938968658447266e-01 9.907099604606628418e-01 -9.851715564727783203e-01 -9.739432334899902344e-01 -9.790629148483276367e-01 -3.101626038551330566e-01 1.896868795156478882e-01 -5.516033768653869629e-01 1.728762090206146240e-01 -1.649840176105499268e-01 -9.968453049659729004e-01 1.632976830005645752e-01 9.758089780807495117e-01 2.688089907169342041e-01 -9.919511079788208008e-01 -9.988275766372680664e-01 2.945674657821655273e-01 3.167243897914886475e-01 2.756943106651306152e-01 5.039007663726806641e-01 7.920660376548767090e-01 2.258618175983428955e-01 6.143838167190551758e-01 -9.936621189117431641e-01 -9.850718379020690918e-01 9.815940856933593750e-01 9.926649332046508789e-01 -2.678411304950714111e-01 -9.993769526481628418e-01 -2.695582807064056396e-01 -8.706570267677307129e-01 -9.790329337120056152e-01 -5.086899399757385254e-01 -2.519884705543518066e-01 8.644000440835952759e-02 -1.073043793439865112e-01 9.962972998619079590e-01 2.643621265888214111e-01 -2.202412486076354980e-01 3.792347013950347900e-02 -1.064810231328010559e-01 -2.463245689868927002e-01 1.684050112962722778e-01 8.654437661170959473e-01 3.048018924891948700e-02 -3.596821054816246033e-02 -9.981908798217773438e-01 -6.474068760871887207e-01 1.268572062253952026e-01 7.786955833435058594e-01 2.953854501247406006e-01 -2.212169617414474487e-01 -6.231358647346496582e-01 2.780461609363555908e-01 2.704922854900360107e-01 -4.568043053150177002e-01 -9.998467564582824707e-01 3.561654090881347656e-01 -3.770528137683868408e-01 -4.137820303440093994e-01 9.664857387542724609e-01 9.603201597929000854e-02 9.840924143791198730e-01 -1.714091561734676361e-02 3.832393586635589600e-01 -9.757590293884277344e-01 9.962648749351501465e-01 -1.707478612661361694e-01 -9.643912315368652344e-01 1.092631295323371887e-01 9.988847970962524414e-01 1.992284208536148071e-01 5.348426103591918945e-02 9.996205568313598633e-01 -1.711979955434799194e-01 3.559494316577911377e-01 -9.043263196945190430e-01 9.777272939682006836e-01 -9.894544482231140137e-01 -3.341972827911376953e-01 -4.882304668426513672e-01 1.414977312088012695e-01 9.780264496803283691e-01 -1.944366991519927979e-01 7.270378619432449341e-02 -2.386387288570404053e-01 9.970217347145080566e-01 3.774183988571166992e-01 3.534791469573974609e-01 3.677981793880462646e-01 -5.795254930853843689e-02 -2.211230993270874023e-01 3.061698973178863525e-01 -2.273262441158294678e-01 9.999321103096008301e-01 -2.056181877851486206e-01 2.848064601421356201e-01 -1.798736155033111572e-01 9.852473735809326172e-01 6.545425057411193848e-01 1.181989684700965881e-01 -9.424789547920227051e-01 -9.961822032928466797e-01 9.990743994712829590e-01 -4.333459436893463135e-01 -1.298242509365081787e-01 -8.004329800605773926e-01 -3.189111649990081787e-01 5.695415139198303223e-01 9.969410300254821777e-01 9.932976365089416504e-01 -3.666484951972961426e-01 9.995886087417602539e-01 9.661300778388977051e-01 5.660470724105834961e-01 -8.759648203849792480e-01 -9.562588334083557129e-01 -9.814521074295043945e-01 2.722119092941284180e-01 9.950440526008605957e-01 9.946981072425842285e-01 -9.994694590568542480e-01 -3.285259902477264404e-01 -7.672573626041412354e-02 9.227933287620544434e-01 2.609340548515319824e-01 -9.954662322998046875e-01 9.716550707817077637e-01 -3.020585775375366211e-01 8.572478778660297394e-03 3.681816533207893372e-02 -3.209170997142791748e-01 -9.970534443855285645e-01 4.624116420745849609e-01 -1.450432538986206055e-01 9.858419299125671387e-01 2.564208805561065674e-01 9.999852776527404785e-01 9.763185381889343262e-01 -4.551216661930084229e-01 -9.901143908500671387e-01 9.967324137687683105e-01 -1.283924728631973267e-01 5.010717511177062988e-01 -6.305143833160400391e-01 7.713426947593688965e-01 -9.905785322189331055e-01 -5.970325469970703125e-01 -9.991042613983154297e-01 1.045866683125495911e-01 -3.261870741844177246e-01 7.975462824106216431e-02 -8.909000754356384277e-01 1.944089680910110474e-01 -9.950130581855773926e-01 -1.442975699901580811e-01 -3.493913216516375542e-03 2.581679262220859528e-02 8.529435396194458008e-01 9.962599277496337891e-01 1.381477564573287964e-01 2.955244183540344238e-01 -1.285712867975234985e-01 3.024131655693054199e-01 3.870727419853210449e-01 5.778744220733642578e-01 -3.394403457641601562e-01 -3.014194965362548828e-01 3.821312189102172852e-01 -1.597783416509628296e-01 -5.478997156023979187e-02 9.995388388633728027e-01 9.593401551246643066e-01 7.821606993675231934e-01 -5.957721471786499023e-01 2.176578640937805176e-01 9.706716537475585938e-01 5.982134491205215454e-02 8.558120131492614746e-01 2.651848495006561279e-01 3.703190088272094727e-01 -2.337079048156738281e-01 -4.494229853153228760e-01 1.924499869346618652e-01 9.938934445381164551e-01 -3.784827888011932373e-03 -1.575886160135269165e-01 -9.380210638046264648e-01 -9.384985566139221191e-01 -1.699177920818328857e-02 -2.012996524572372437e-01 -9.829005002975463867e-01 1.238014400005340576e-01 -7.422821521759033203e-01 -5.395484715700149536e-02 9.679012894630432129e-01 9.460614919662475586e-01 -9.863457083702087402e-01 1.297518312931060791e-01 7.164146751165390015e-02 9.993465542793273926e-01 4.526484012603759766e-02 -9.988213181495666504e-01 9.999396800994873047e-01 -6.910272836685180664e-01 -8.616276979446411133e-01 9.984430670738220215e-01 9.835490956902503967e-03 8.961046934127807617e-01 2.978183925151824951e-01 -9.798504710197448730e-01 -9.735583662986755371e-01 -8.919255137443542480e-01 9.997106194496154785e-01 9.982668161392211914e-01 -1.615076959133148193e-01 3.385231494903564453e-01 -1.097884029150009155e-01 -8.580328226089477539e-01 -9.990967512130737305e-01 -9.980112314224243164e-01 2.047892101109027863e-02 3.458187282085418701e-01 8.183256387710571289e-01 -3.659364879131317139e-01 -9.996439814567565918e-01 -4.474567174911499023e-01 6.660614013671875000e-01 2.707485854625701904e-02 9.952216744422912598e-01 9.991399645805358887e-01 -9.998866319656372070e-01 9.441648125648498535e-01 9.953022003173828125e-01 -4.646700024604797363e-01 3.673943877220153809e-01 -3.010248243808746338e-01 8.490844964981079102e-01 4.097077548503875732e-01 4.394900985062122345e-03 1.159608960151672363e-01 -1.839822232723236084e-01 1.729439198970794678e-01 9.986172318458557129e-01 9.554782509803771973e-01 -2.646741867065429688e-01 -3.441899716854095459e-01 1.485328972339630127e-01 4.217064380645751953e-02 9.997516274452209473e-01 -3.530072420835494995e-02 -9.979734420776367188e-01 7.659136503934860229e-02 -9.824734330177307129e-01 -1.416050344705581665e-01 -3.695275187492370605e-01 -9.543669223785400391e-01 -5.991695523262023926e-01 9.973703622817993164e-01 4.814987778663635254e-01 9.989129900932312012e-01 1.868801116943359375e-01 2.088228464126586914e-01 9.979164004325866699e-01 5.065754055976867676e-01 9.326947480440139771e-02 2.720315158367156982e-01 9.127403795719146729e-02 9.215111732482910156e-01 5.941179394721984863e-01 9.861736893653869629e-01 1.252088546752929688e-01 -3.815674781799316406e-01 8.552125692367553711e-01 -9.777697324752807617e-01 9.749332666397094727e-01 -8.956664800643920898e-01 9.939808845520019531e-01 7.507584244012832642e-02 9.337882995605468750e-01 4.550239145755767822e-01 -3.324806690216064453e-01 9.997217059135437012e-01 -1.552121341228485107e-01 -9.992070794105529785e-01 2.116215080022811890e-01 -9.961161613464355469e-01 -1.966974139213562012e-01 -2.450981438159942627e-01 2.991424798965454102e-01 4.124740064144134521e-01 9.992677569389343262e-01 1.778156757354736328e-01 -8.145608752965927124e-02 2.193607985973358154e-01 -9.887974858283996582e-01 9.993419051170349121e-01 9.332552552223205566e-01 -1.214983314275741577e-01 1.538537591695785522e-01 1.560802012681961060e-01 2.528360188007354736e-01 -5.771813988685607910e-01 3.736883699893951416e-01 9.991821646690368652e-01 -9.993589520454406738e-01 4.620992541313171387e-01 -6.040612235665321350e-02 -1.668904572725296021e-01 1.009437069296836853e-01 7.752352356910705566e-01 -2.540018558502197266e-01 -9.969733953475952148e-01 -2.160366438329219818e-02 6.764927506446838379e-01 7.620202302932739258e-01 -9.823907911777496338e-02 -2.369578778743743896e-01 -9.585498571395874023e-01 -3.633560538291931152e-01 -2.741706967353820801e-01 -8.799858689308166504e-01 -9.987023472785949707e-01 -2.485392242670059204e-01 -1.482094824314117432e-02 4.394210129976272583e-02 1.257126480340957642e-01 -4.390967786312103271e-01 9.749308228492736816e-01 -2.771198451519012451e-01 7.312538474798202515e-02 -9.081379771232604980e-01 -9.919037222862243652e-01 -3.864723742008209229e-01 9.054412841796875000e-01 -9.991018772125244141e-01 9.980813264846801758e-01 -1.873271912336349487e-01 3.367937505245208740e-01 -9.986861944198608398e-01 9.746156334877014160e-01 9.498411417007446289e-01 -9.993991255760192871e-01 2.183629721403121948e-01 -9.567366242408752441e-01 4.594967663288116455e-01 1.161034330725669861e-01 -9.954701066017150879e-01 -9.953670501708984375e-01 -9.967238903045654297e-01 -4.515685737133026123e-01 9.882049560546875000e-01 3.521848320960998535e-01 8.721819519996643066e-01 4.229036867618560791e-01 -9.914470911026000977e-01 2.227984517812728882e-01 8.043187856674194336e-02 -3.947661817073822021e-02 -2.808658778667449951e-01 3.147322237491607666e-01 -9.998914599418640137e-01 7.208468914031982422e-01 -9.983227252960205078e-01 -9.982249736785888672e-01 3.652611076831817627e-01 -5.561834573745727539e-01 9.935576319694519043e-01 -1.345984190702438354e-01 -1.966206133365631104e-01 -2.825189232826232910e-01 -9.956514835357666016e-01 -9.876532554626464844e-01 2.401314824819564819e-01 -9.953634738922119141e-01 -9.974101185798645020e-01 -9.920413494110107422e-01 2.336795032024383545e-01 1.819287687540054321e-01 3.742188587784767151e-02 2.685239315032958984e-01 2.657069861888885498e-01 -2.151209264993667603e-01 9.737603068351745605e-01 5.693711638450622559e-01 9.416378736495971680e-01 4.118781089782714844e-01 2.105682790279388428e-01 2.576455846428871155e-02 9.921891093254089355e-01 -5.509647130966186523e-01 4.261822998523712158e-01 -9.988027811050415039e-01 -2.604791224002838135e-01 -9.961623549461364746e-01 9.960155487060546875e-01 -5.191906690597534180e-01 9.692603349685668945e-01 -9.970069527626037598e-01 1.249036639928817749e-01 5.125549435615539551e-01 2.222804725170135498e-01 -8.621077537536621094e-01 2.605478465557098389e-01 -2.700125575065612793e-01 -8.625728487968444824e-01 -9.978593587875366211e-01 1.462537050247192383e-01 -5.220978856086730957e-01 9.910493493080139160e-01 -1.793210357427597046e-01 3.072282969951629639e-01 2.005766145884990692e-02 1.062209755182266235e-01 3.323738276958465576e-02 -9.814164638519287109e-01 -9.202002733945846558e-02 -3.563998639583587646e-01 -6.599868535995483398e-01 2.897550463676452637e-01 -3.786292970180511475e-01 -9.998680353164672852e-01 -6.278012394905090332e-01 -2.323408424854278564e-01 3.442718088626861572e-01 1.295566558837890625e-01 2.005405277013778687e-01 2.175436466932296753e-01 9.545212388038635254e-01 9.999290108680725098e-01 -8.428500890731811523e-01 2.526773698627948761e-02 3.483831286430358887e-01 -1.298612654209136963e-01 1.122679635882377625e-01 -9.509541392326354980e-01 -6.742237210273742676e-01 -9.944498538970947266e-01 9.046287834644317627e-02 2.992199957370758057e-01 -1.998809128999710083e-01 -9.962886571884155273e-01
-9.638600349426269531e-01 9.654572010040283203e-01 7.397814840078353882e-02 2.532382905483245850e-01 2.825416922569274902e-01 -5.216833949089050293e-01 9.837526082992553711e-01 -9.986451268196105957e-01 -3.142899572849273682e-01 -6.267606616020202637e-01 2.861375547945499420e-02 -6.584585309028625488e-01 1.510566771030426025e-01 -9.920664429664611816e-01 -3.321903645992279053e-01 -2.784493565559387207e-01 1.724824756383895874e-01 1.553662270307540894e-01 -4.916928410530090332e-01 9.810711443424224854e-02 3.268624842166900635e-01 1.679367125034332275e-01 6.380544900894165039e-01 2.893225848674774170e-01 9.934387803077697754e-01 9.813641309738159180e-01 -3.620578944683074951e-01 -3.915941342711448669e-03 2.169822901487350464e-01 6.539751291275024414e-01 9.335815310478210449e-01 -2.188080549240112305e-01 3.433429896831512451e-01 1.155213266611099243e-01 -9.197266697883605957e-01 -6.136110424995422363e-01 -3.105212152004241943e-01 -2.367176562547683716e-01 9.873756170272827148e-01 -3.198264837265014648e-01 7.866881787776947021e-02 -4.057770073413848877e-01 3.736068904399871826e-01 -7.231792807579040527e-01 -3.477351963520050049e-01 8.361724615097045898e-01 -9.281057715415954590e-01 -3.676609098911285400e-01 9.927033185958862305e-01 -1.624639034271240234e-01 8.515643477439880371e-01 -5.170543193817138672e-01 9.870060086250305176e-01 -2.678758800029754639e-01 -7.320541143417358398e-01 1.507313996553421021e-01 -9.535051882266998291e-02 -7.400632649660110474e-02 -9.970977306365966797e-01 7.355582714080810547e-02 4.575925469398498535e-01 -1.843983680009841919e-01 9.882186651229858398e-01 -7.543066889047622681e-02 -2.116363197565078735e-01 -9.939715862274169922e-01 9.960075616836547852e-01 2.771770656108856201e-01 1.956267952919006348e-01 9.571078419685363770e-01 9.878129363059997559e-01 9.896157979965209961e-01 -8.127558827400207520e-01 -8.461798429489135742e-01 -9.853578209877014160e-01 -2.008152902126312256e-01 3.135301172733306885e-01 -7.530346512794494629e-01 -1.944983899593353271e-01 -1.445073187351226807e-01 -9.672012329101562500e-01 -2.580945491790771484e-01 9.934434890747070312e-01 2.412785589694976807e-02 8.230798244476318359e-01 6.908077597618103027e-01 -1.948255300521850586e-01 -2.781912088394165039e-01 -4.978636205196380615e-01 2.950404956936836243e-02 -7.789319157600402832e-01 -1.613471508026123047e-01 1.989235542714595795e-02 -9.690524935722351074e-01 -9.351857304573059082e-01 1.609359234571456909e-01 9.211101531982421875e-01 2.646479308605194092e-01 -9.918978214263916016e-01 -4.630096852779388428e-01 -9.167799353599548340e-01 -9.411125183105468750e-01 -3.990295231342315674e-01 -4.017109423875808716e-02 -5.540538206696510315e-02 -4.622618108987808228e-02 9.726520776748657227e-01 7.053984999656677246e-01 -1.730127334594726562e-01 -7.509672641754150391e-01 1.306066066026687622e-01 -9.042423963546752930e-02 -9.534426331520080566e-01 -9.248736500740051270e-01 -5.251521468162536621e-01 3.615680038928985596e-01 -8.853200078010559082e-01 -4.023951590061187744e-01 -3.985976576805114746e-01 9.893430471420288086e-01 -9.960995316505432129e-01 -6.996805220842361450e-02 -9.642040729522705078e-01 8.128180503845214844e-01 -1.990813761949539185e-01 1.281398534774780273e-01 5.538697242736816406e-01 -2.073502987623214722e-01 -2.745611369609832764e-01 -2.301182150840759277e-01 9.244416356086730957e-01 8.760364651679992676e-01 1.059288084506988525e-01 4.094279110431671143e-01 -2.929122745990753174e-01 -6.690047383308410645e-01 9.883190989494323730e-01 -9.556174278259277344e-01 5.617178082466125488e-01 2.144619226455688477e-01 9.994109272956848145e-01 8.612055331468582153e-02 -5.326227545738220215e-01 8.936206102371215820e-01 -9.428039193153381348e-02 -6.363462805747985840e-01 -7.759814262390136719e-01 -4.509232342243194580e-01 2.679449915885925293e-01 -1.155743375420570374e-01 -2.268135398626327515e-01 -7.676576077938079834e-02 7.564766407012939453e-01 -2.740814983844757080e-01 1.455870121717453003e-01 -3.094216287136077881e-01 -5.151296257972717285e-01 7.862983345985412598e-01 -2.501007914543151855e-01 3.675332367420196533e-01 -2.759765088558197021e-01 2.105038762092590332e-01 1.280090212821960449e-01 -5.885456800460815430e-01 9.995352625846862793e-01 -9.616184979677200317e-02 -4.839310050010681152e-01 -6.142967939376831055e-01 9.907526373863220215e-01 9.889467954635620117e-01 1.742031127214431763e-01 -5.969097018241882324e-01 -9.660582542419433594e-01 -6.473118662834167480e-01 -2.956314086914062500e-01 2.266819775104522705e-01 9.758297204971313477e-01 -1.924060136079788208e-01 9.998227357864379883e-01 9.138334989547729492e-01 7.014350891113281250e-01 1.466259360313415527e-01 9.908301234245300293e-01 -9.122775793075561523e-01 9.990981817245483398e-01 -9.977712631225585938e-01 -9.439523816108703613e-01 6.065367460250854492e-01 3.924458026885986328e-01 7.274746894836425781e-01 9.333655834197998047e-01 -9.181699752807617188e-01 4.674116969108581543e-01 -2.474383637309074402e-02 9.787272810935974121e-01 -3.317461013793945312e-01 -5.158755183219909668e-01 -8.993702530860900879e-01 -9.057477116584777832e-01 -6.318805739283561707e-03 1.924010664224624634e-01 -4.125358462333679199e-01 -7.046783566474914551e-01 2.087817490100860596e-01 1.870057433843612671e-01 3.058009445667266846e-01 -2.707712352275848389e-01 -1.687008589506149292e-01 5.148483067750930786e-02 -2.211474999785423279e-02 -9.359125494956970215e-01 7.531821131706237793e-01 3.504870533943176270e-01 2.159053534269332886e-01 7.383037805557250977e-01 -8.367469906806945801e-01 5.274496078491210938e-01 9.909522533416748047e-01 7.246281504631042480e-01 -5.060465931892395020e-01 -4.597811102867126465e-01 -2.991003729403018951e-02 -8.695767521858215332e-01 -7.125093787908554077e-02 -7.999649643898010254e-01 8.142789006233215332e-01 -9.597733020782470703e-01 -9.309336543083190918e-02 -7.377907633781433105e-01 8.766626715660095215e-01 2.907720208168029785e-01 1.085631623864173889e-01 -9.432037174701690674e-02 2.760107517242431641e-01 9.831234812736511230e-01 -1.505215317010879517e-01 -8.984429836273193359e-01 -2.332763671875000000e-01 5.131233334541320801e-01 1.473504751920700073e-01 9.922862052917480469e-01 9.997901320457458496e-01 4.231165647506713867e-01 9.728850126266479492e-01 9.305494427680969238e-01 9.629909694194793701e-02 6.567975878715515137e-01 4.913134872913360596e-01 -6.897823810577392578e-01 -1.106626614928245544e-01 4.514324665069580078e-01 -1.183225661516189575e-01 -2.696941494941711426e-01 2.532410621643066406e-01 9.996367692947387695e-01 -1.946005672216415405e-01 -2.173883765935897827e-01 -9.632351398468017578e-01 -8.013625144958496094e-01 8.752519488334655762e-01 -1.983850151300430298e-01 8.322682380676269531e-01 -2.882204018533229828e-02 -9.876429438591003418e-01 -4.873174801468849182e-02 2.059372365474700928e-01 9.989174604415893555e-01 -9.003569483757019043e-01 -3.154940903186798096e-01 6.919942796230316162e-02 9.457153081893920898e-01 3.504251837730407715e-01 -5.714264512062072754e-01 9.967416524887084961e-01 -5.708886384963989258e-01 -7.812541723251342773e-01 6.268041729927062988e-01 2.511898875236511230e-01 9.006689190864562988e-01 1.255481988191604614e-01 -9.182401299476623535e-01 -9.933591485023498535e-01 9.012159705162048340e-01 9.962565898895263672e-01 9.944121837615966797e-01 -1.260448247194290161e-01 9.150864928960800171e-02 1.000547707080841064e-01 -9.960080385208129883e-01 -9.984863996505737305e-01 -8.730251193046569824e-01 1.612339466810226440e-01 1.821618080139160156e-01 -9.461892247200012207e-01 9.300144910812377930e-01 -9.397037029266357422e-01 -3.820791542530059814e-01 7.427971363067626953e-01 -2.642200291156768799e-01 9.841575622558593750e-01 9.982939362525939941e-01 -9.451828002929687500e-01 5.154150128364562988e-01 9.630675911903381348e-01 -1.291562896221876144e-02 2.571114897727966309e-01 1.497112810611724854e-01 9.155242443084716797e-01 6.861169934272766113e-01 6.051269173622131348e-02 -3.688771724700927734e-01 -9.378995895385742188e-01 3.693710267543792725e-01 9.816029071807861328e-01 5.242778062820434570e-01 -1.560095101594924927e-01 1.439074277877807617e-01 2.521476447582244873e-01 4.857521653175354004e-01 9.923579692840576172e-01 1.933043450117111206e-01 2.510511279106140137e-01 2.218919843435287476e-01 9.698191285133361816e-01 -6.809044629335403442e-02 4.147990792989730835e-02 -9.881547093391418457e-01 -5.797536373138427734e-01 -8.107659816741943359e-01 6.440391540527343750e-01 9.856485128402709961e-01 4.786501079797744751e-02 3.506682813167572021e-02 -2.221788465976715088e-01 1.285567730665206909e-01 -2.685805559158325195e-01 -5.011053085327148438e-01 -4.242517352104187012e-01 -9.187623262405395508e-01 1.912733353674411774e-02 9.960467219352722168e-01 1.618722081184387207e-01 -5.836837291717529297e-01 8.850889801979064941e-01 -9.437673091888427734e-01 5.332351922988891602e-01 -7.588250935077667236e-02 9.992484450340270996e-01 4.396365210413932800e-02 7.875002026557922363e-01 4.127888679504394531e-01 4.761748611927032471e-01 1.649464517831802368e-01 1.804570667445659637e-02 7.441211342811584473e-01 -5.037114620208740234e-01 -1.386877894401550293e-01 -1.946635097265243530e-01 -1.439017355442047119e-01 1.665544807910919189e-01 -9.742583036422729492e-01 -5.947276949882507324e-01 -3.660542666912078857e-01 -4.149561747908592224e-02 -3.159048855304718018e-01 -5.884222388267517090e-01 -7.179445028305053711e-01 7.361862063407897949e-01 5.202467441558837891e-01 3.179035484790802002e-01 -1.152163818478584290e-01 9.266642332077026367e-01 3.140830202028155327e-03 -6.172912195324897766e-02 -8.399172425270080566e-01 -9.912176728248596191e-01 2.903798222541809082e-01 5.149134397506713867e-01 4.255520552396774292e-02 1.996344886720180511e-02 -5.614467859268188477e-01 2.482217550277709961e-01 -8.880026340484619141e-01 2.987747490406036377e-01 9.886821508407592773e-01 -8.531550765037536621e-01 7.698476314544677734e-01 -3.515073955059051514e-01 9.876301884651184082e-01 2.465527504682540894e-01 -2.652764320373535156e-01 9.745002388954162598e-01 -9.994312524795532227e-01 2.448178976774215698e-01 -2.395248860120773315e-01 -5.139643549919128418e-01 -4.872925877571105957e-01 -6.293936967849731445e-01 9.945037364959716797e-01 -6.580061465501785278e-02 2.186738997697830200e-01 -5.913624167442321777e-01 4.343852400779724121e-02 -4.379122257232666016e-01 8.899249434471130371e-01 -8.394481539726257324e-01 -5.638936161994934082e-01 -2.249139547348022461e-01 -1.142078265547752380e-01 -8.914493918418884277e-01 2.081419080495834351e-01 9.282137751579284668e-01 -9.821144938468933105e-01 -1.539487987756729126e-01 -2.690674066543579102e-01 6.465476751327514648e-01 2.287726700305938721e-01 -9.047203660011291504e-01 -7.174960374832153320e-01 8.035091757774353027e-01 -2.676290571689605713e-01 9.800103902816772461e-01 2.811102271080017090e-01 9.758723378181457520e-01 5.458288192749023438e-01 -9.825809001922607422e-01 1.685850322246551514e-01 4.996370971202850342e-01 3.696522489190101624e-02 1.535750478506088257e-01 2.800826430320739746e-01 -8.202693462371826172e-01 9.495818018913269043e-01 -9.982446432113647461e-01 -2.796248495578765869e-01 -6.760208634659647942e-04 -4.544911980628967285e-01 4.776867851614952087e-02 3.097450733184814453e-01 -2.458591908216476440e-01 -6.525655835866928101e-02 -9.050558209419250488e-01 -9.814745187759399414e-01 1.330654472112655640e-01 -9.761809110641479492e-01 -7.353367805480957031e-01 -9.950681328773498535e-01 2.807500362396240234e-01 -5.121697783470153809e-01 -8.541598170995712280e-02 3.102872669696807861e-01 -1.640513539314270020e-01 3.545942604541778564e-01 8.973315954208374023e-01 -2.384112030267715454e-01 7.096256613731384277e-01 6.408113241195678711e-01 -9.392151981592178345e-02 -2.676217257976531982e-01 5.145508050918579102e-01 1.913372576236724854e-01 2.105594277381896973e-01 -9.871814250946044922e-01 3.294221758842468262e-01 7.892438769340515137e-01 9.622888565063476562e-01 7.867323160171508789e-01 7.679975628852844238e-01 -9.999316334724426270e-01 -3.369687199592590332e-01 4.433791041374206543e-01 -7.497846484184265137e-01 1.108553037047386169e-01 -1.977845132350921631e-01 3.974269628524780273e-01 -8.720434308052062988e-01 -2.200396507978439331e-01 7.059777379035949707e-01 -9.935467243194580078e-01 1.217086464166641235e-01 1.798410415649414062e-01 1.993847787380218506e-01 6.310598254203796387e-01 9.729257971048355103e-02 4.431052505970001221e-01 -9.797268509864807129e-01 -4.449235796928405762e-01 -7.003435492515563965e-01 -1.201741322875022888e-01 -2.674982249736785889e-01 -1.123144403100013733e-01 -9.999790191650390625e-01 8.668088316917419434e-01 -9.744494557380676270e-01 2.320617586374282837e-01 -3.134444355964660645e-01 4.107943773269653320e-01 -1.962094157934188843e-01 -9.873620271682739258e-01 9.997330904006958008e-01 -3.212890625000000000e-01 -2.974610775709152222e-02 1.168332621455192566e-01 -1.377823762595653534e-03 9.798159450292587280e-02 -9.021251201629638672e-01 9.879043102264404297e-01 -6.413180381059646606e-02 4.228607416152954102e-01 -2.212251871824264526e-01 -4.248297214508056641e-01 -9.186043143272399902e-01
-1.611881703138351440e-01 9.166578650474548340e-01 1.262823194265365601e-01 2.431030385196208954e-02 -6.909646987915039062e-01 -8.415116667747497559e-01 9.994626045227050781e-01 -9.979447722434997559e-01 -1.751049607992172241e-01 -6.039265394210815430e-01 4.144158959388732910e-02 -8.984178900718688965e-01 4.675689637660980225e-01 -9.809743762016296387e-01 -7.411829233169555664e-01 -2.004677616059780121e-02 2.104461491107940674e-01 4.023848846554756165e-02 -6.337417960166931152e-01 1.172453761100769043e-01 3.960257172584533691e-01 1.930440068244934082e-01 7.007696032524108887e-01 -6.909398436546325684e-01 9.990101456642150879e-01 9.851194024085998535e-01 -1.595066189765930176e-01 -3.878227472305297852e-01 -1.716947108507156372e-01 7.948305010795593262e-01 9.079677462577819824e-01 -8.115897327661514282e-02 1.156277954578399658e-02 -9.991639852523803711e-02 -7.320960164070129395e-01 -5.531445890665054321e-02 -3.783329129219055176e-01 -1.329758763313293457e-01 9.897555112838745117e-01 -1.566764861345291138e-01 1.116980165243148804e-01 -2.423029392957687378e-02 5.052702426910400391e-01 -9.748746156692504883e-01 1.604694128036499023e-01 9.523606896400451660e-01 -9.289256930351257324e-01 -2.921539843082427979e-01 -1.094333678483963013e-01 -1.903060823678970337e-01 5.752506852149963379e-01 3.509348332881927490e-01 9.530249238014221191e-01 -3.518333286046981812e-02 -4.037279486656188965e-01 2.598186731338500977e-01 1.688346415758132935e-01 -3.524977266788482666e-01 -9.911665320396423340e-01 4.899310171604156494e-01 -2.931049466133117676e-01 -3.417383432388305664e-01 9.267231822013854980e-01 1.110287681221961975e-01 3.794085979461669922e-01 -9.766076207160949707e-01 9.251020550727844238e-01 2.450204789638519287e-01 1.207400187849998474e-01 9.775166511535644531e-01 9.164069890975952148e-01 9.999595880508422852e-01 -6.203522086143493652e-01 -8.853149414062500000e-01 -9.361106157302856445e-01 -2.084762603044509888e-01 -1.768217682838439941e-01 -2.697966694831848145e-01 -1.499820649623870850e-01 -8.845725655555725098e-02 -9.974329471588134766e-01 -9.028815478086471558e-02 9.953483939170837402e-01 -6.993335485458374023e-01 7.560818791389465332e-01 -9.771472811698913574e-01 -1.425923556089401245e-01 4.338897764682769775e-01 -5.648969411849975586e-01 -7.927754521369934082e-02 -8.580769300460815430e-01 -4.008865356445312500e-01 2.053242549300193787e-02 -9.202103614807128906e-01 4.275285825133323669e-02 9.443201422691345215e-01 4.945368468761444092e-01 1.673120707273483276e-01 -9.994609951972961426e-01 -3.645615279674530029e-01 -9.100609272718429565e-02 -9.461815953254699707e-01 4.399750828742980957e-01 8.521649241447448730e-02 -1.662483997642993927e-02 1.098498106002807617e-01 4.267881214618682861e-01 3.881201148033142090e-01 -1.233523488044738770e-01 7.740078568458557129e-01 -1.621038913726806641e-01 4.010081887245178223e-01 -8.442385196685791016e-01 -8.995602726936340332e-01 -3.179538547992706299e-01 2.301868945360183716e-01 -9.478473663330078125e-01 2.172649055719375610e-01 2.758076488971710205e-01 9.525622129440307617e-01 -1.910859942436218262e-01 -5.505389347672462463e-02 -9.628422260284423828e-01 9.872142672538757324e-01 -2.219060808420181274e-01 9.961052983999252319e-02 -9.995552301406860352e-01 -2.622484266757965088e-01 -2.662093937397003174e-01 -1.363149881362915039e-01 9.821220636367797852e-01 6.490644812583923340e-01 3.849240839481353760e-01 2.146533876657485962e-01 4.912945330142974854e-01 -9.621878266334533691e-01 1.534184515476226807e-01 -9.514563083648681641e-01 5.604329705238342285e-01 2.439040094614028931e-01 9.341362118721008301e-01 4.395402073860168457e-01 -6.412354111671447754e-02 9.965028762817382812e-01 -3.502289950847625732e-01 -5.333873033523559570e-01 -9.935834407806396484e-01 -1.423784159123897552e-02 3.834371566772460938e-01 -2.001724541187286377e-01 -2.782399654388427734e-01 -2.209943830966949463e-01 3.418113887310028076e-01 -5.838187336921691895e-01 1.387649029493331909e-01 -2.322726994752883911e-01 -8.157991766929626465e-01 -6.151604652404785156e-01 -2.336934357881546021e-01 2.746327817440032959e-01 9.827521443367004395e-02 3.672719597816467285e-01 4.551372956484556198e-03 -4.253711700439453125e-01 9.996237158775329590e-01 -2.600603401660919189e-01 -2.108838707208633423e-01 -5.459390282630920410e-01 9.417818784713745117e-01 5.469447374343872070e-01 1.247259080410003662e-01 -9.738931655883789062e-01 -9.838191270828247070e-01 -7.921489477157592773e-01 2.764351665973663330e-01 3.376326262950897217e-01 7.833210229873657227e-01 7.681118696928024292e-02 9.911503791809082031e-01 9.500693678855895996e-01 9.480867981910705566e-01 -9.534358978271484375e-02 9.996948838233947754e-01 -7.122306227684020996e-01 9.422153830528259277e-01 -9.954782724380493164e-01 -9.474515914916992188e-01 9.965102076530456543e-01 4.681800603866577148e-01 7.549537420272827148e-01 7.991293072700500488e-01 -9.551283717155456543e-01 2.262500822544097900e-01 -2.249550670385360718e-01 7.662261128425598145e-01 -1.585821509361267090e-01 2.723988890647888184e-01 -8.767737150192260742e-01 -9.075326919555664062e-01 1.474846899509429932e-01 -1.018529087305068970e-01 -2.580358982086181641e-01 4.484343230724334717e-01 5.258479118347167969e-01 1.208012104034423828e-01 -6.092234253883361816e-01 -8.326207101345062256e-02 9.947506785392761230e-01 8.102154731750488281e-01 -2.104233391582965851e-02 -7.882936000823974609e-01 5.215520858764648438e-01 -9.040067903697490692e-03 3.585763871669769287e-01 8.995872735977172852e-01 -5.434877797961235046e-02 3.953483104705810547e-01 9.199861288070678711e-01 7.545955181121826172e-01 -2.224889397621154785e-02 -7.900290489196777344e-01 2.412371337413787842e-01 -9.903799891471862793e-01 2.772665917873382568e-01 -7.228713631629943848e-01 2.934516370296478271e-01 -9.780907034873962402e-01 -2.678551077842712402e-01 8.124383091926574707e-01 9.974618554115295410e-01 -3.034771978855133057e-02 1.398481875658035278e-01 -2.993193566799163818e-01 3.388711214065551758e-01 9.682676196098327637e-01 2.469675242900848389e-02 -9.576746225357055664e-01 -1.125721484422683716e-01 8.322162181138992310e-02 -1.947916150093078613e-01 4.844572842121124268e-01 9.991287589073181152e-01 -4.030795693397521973e-01 9.401211738586425781e-01 9.858184456825256348e-01 3.565329313278198242e-01 9.979444146156311035e-01 2.891991436481475830e-01 -3.618620336055755615e-01 -7.214374095201492310e-02 5.875532031059265137e-01 -3.318130224943161011e-02 -1.237596049904823303e-01 2.471370697021484375e-01 9.971565604209899902e-01 -3.262755572795867920e-01 -8.397588878870010376e-02 -9.738692045211791992e-01 -2.345684766769409180e-01 3.228281438350677490e-01 -4.778963029384613037e-01 -2.676841616630554199e-01 1.824404001235961914e-01 -6.365855336189270020e-01 3.400718420743942261e-02 9.607464671134948730e-01 9.815729856491088867e-01 -9.990935921669006348e-01 1.847869344055652618e-02 -1.247214674949645996e-01 9.902982115745544434e-01 -1.289489716291427612e-01 -9.300786852836608887e-01 9.718703031539916992e-01 -3.382136821746826172e-01 -8.095248341560363770e-01 9.946289658546447754e-01 3.015224933624267578e-01 8.267137408256530762e-01 1.991132646799087524e-01 -9.780971407890319824e-01 -9.265564084053039551e-01 6.652094721794128418e-01 9.393733739852905273e-01 9.848940968513488770e-01 -2.234004437923431396e-01 1.703826189041137695e-01 1.100302338600158691e-01 -9.804236292839050293e-01 -9.994131922721862793e-01 -9.938932657241821289e-01 4.428102672100067139e-01 5.033905506134033203e-01 -8.396816253662109375e-01 6.036179065704345703e-01 -8.088206052780151367e-01 -1.967104673385620117e-01 9.694363474845886230e-01 -7.223632931709289551e-02 9.947517514228820801e-01 9.771076440811157227e-01 -9.991354346275329590e-01 -6.235355138778686523e-01 9.537061452865600586e-01 -1.441546231508255005e-01 6.574428081512451172e-01 -4.204478114843368530e-02 9.910415410995483398e-01 -7.789611220359802246e-01 2.028739005327224731e-01 -5.658388510346412659e-02 -5.934430956840515137e-01 5.348396897315979004e-01 9.907615780830383301e-01 -9.182187318801879883e-01 -2.819053530693054199e-01 -1.327355951070785522e-01 3.710636496543884277e-01 1.593955606222152710e-01 9.420141577720642090e-01 1.416838914155960083e-01 -9.859468936920166016e-01 -3.621910884976387024e-02 -8.558731079101562500e-01 -6.073006615042686462e-02 -2.957758605480194092e-01 -9.761173725128173828e-01 1.227260455489158630e-01 -8.082019686698913574e-01 -7.929415106773376465e-01 9.876090288162231445e-01 -1.169111728668212891e-01 3.315936326980590820e-01 6.685581803321838379e-02 1.099855378270149231e-01 1.519035398960113525e-01 2.935923337936401367e-01 -6.963635087013244629e-01 -8.890851140022277832e-01 4.883352518081665039e-01 9.968349337577819824e-01 -4.275689423084259033e-01 -1.016123592853546143e-01 9.961318969726562500e-01 -8.809372186660766602e-01 8.847044706344604492e-01 7.761541604995727539e-01 9.909599423408508301e-01 3.292360305786132812e-01 9.423109292984008789e-01 3.876943290233612061e-01 -1.054992526769638062e-01 8.522448539733886719e-01 -4.191091358661651611e-01 8.054987788200378418e-01 -4.479505121707916260e-02 3.807553052902221680e-01 -1.132103353738784790e-01 -8.842115104198455811e-02 -1.166912093758583069e-01 -5.032070875167846680e-01 -7.505456805229187012e-01 7.522850483655929565e-02 1.172527819871902466e-01 -2.830522879958152771e-02 -9.428157210350036621e-01 -8.028965592384338379e-01 2.301653772592544556e-01 1.595928668975830078e-01 4.389632046222686768e-01 -1.778093874454498291e-01 9.032500982284545898e-01 -5.639198422431945801e-01 4.341630637645721436e-01 7.667535543441772461e-01 -9.943714141845703125e-01 1.751352101564407349e-01 1.014521420001983643e-01 -2.867227792739868164e-01 1.107173115015029907e-01 -4.193300902843475342e-01 1.237145736813545227e-01 -8.574277162551879883e-01 1.119382977485656738e-01 2.551273405551910400e-01 6.700947284698486328e-01 7.044961452484130859e-01 -9.264519438147544861e-03 7.537794709205627441e-01 -1.853159070014953613e-01 -1.751652210950851440e-01 -9.483321569859981537e-03 -9.982230067253112793e-01 -2.342498898506164551e-01 1.846500858664512634e-02 -5.727728605270385742e-01 -1.050853282213211060e-01 -5.565173625946044922e-01 6.210808753967285156e-01 1.638768911361694336e-01 7.369714230298995972e-02 -9.568189978599548340e-01 9.287888407707214355e-01 -4.354972541332244873e-01 5.409017205238342285e-01 -9.833120107650756836e-01 -7.358807325363159180e-01 1.226402595639228821e-01 2.817556560039520264e-01 -9.829964637756347656e-01 6.713719964027404785e-01 9.642946124076843262e-01 -9.951456785202026367e-01 1.027505919337272644e-01 -1.165595352649688721e-01 4.691479206085205078e-01 1.496677547693252563e-01 -3.973170220851898193e-01 -7.925759553909301758e-01 -9.421451687812805176e-01 -4.234719574451446533e-01 9.945232868194580078e-01 -3.682173788547515869e-02 9.388834834098815918e-01 5.107545852661132812e-01 -9.977472424507141113e-01 2.539318501949310303e-01 5.262573957443237305e-01 4.761910736560821533e-01 -6.649744510650634766e-02 3.759492337703704834e-01 -9.900674819946289062e-01 3.147231638431549072e-01 -9.975498914718627930e-01 -9.793854355812072754e-01 3.803538382053375244e-01 -9.418721199035644531e-01 -2.311553806066513062e-01 -6.665779650211334229e-02 -3.964765965938568115e-01 5.311262235045433044e-02 -9.986527562141418457e-01 -9.987609386444091797e-01 2.205952554941177368e-01 -9.979842901229858398e-01 -6.225927472114562988e-01 -9.542795419692993164e-01 2.340146452188491821e-01 -3.417432904243469238e-01 -6.832506507635116577e-02 5.002723932266235352e-01 1.981966644525527954e-01 1.464922428131103516e-01 9.615067839622497559e-01 3.730473816394805908e-01 9.785509705543518066e-01 3.889312446117401123e-01 1.145994439721107483e-01 -8.472016453742980957e-02 7.850385904312133789e-01 1.795150339603424072e-02 1.879859119653701782e-01 -9.650953412055969238e-01 2.276268601417541504e-01 7.718744277954101562e-01 9.989765882492065430e-01 8.416147828102111816e-01 9.902833104133605957e-01 -9.997577071189880371e-01 -4.993840754032135010e-01 4.258993566036224365e-01 -7.053370475769042969e-01 8.437609076499938965e-01 -1.385731399059295654e-01 4.707963466644287109e-01 -9.090780615806579590e-01 4.060002565383911133e-01 4.981808066368103027e-01 -9.979874491691589355e-01 9.819164872169494629e-01 -1.050761267542839050e-01 3.390703201293945312e-01 5.312258005142211914e-01 8.868805319070816040e-02 3.607972860336303711e-01 -9.261143207550048828e-01 -6.467217206954956055e-01 -7.134689092636108398e-01 6.040582899004220963e-03 -5.289782211184501648e-02 1.580881923437118530e-01 -9.999732375144958496e-01 -6.966483592987060547e-01 -7.037664651870727539e-01 3.114307820796966553e-01 1.377179026603698730e-01 9.174320846796035767e-02 4.037239253520965576e-01 1.009099707007408142e-01 9.997516870498657227e-01 -9.974635243415832520e-01 4.018701314926147461e-01 -6.181834638118743896e-02 3.532013297080993652e-02 1.943510025739669800e-01 -8.541160821914672852e-01 4.859976172447204590e-01 9.061290621757507324e-01 3.412057459354400635e-01 7.145168725401163101e-03 -7.720614969730377197e-02 -6.805689334869384766e-01
-3.876290917396545410e-01 9.796892404556274414e-01 3.125933408737182617e-01 -5.156463384628295898e-02 -9.201446920633316040e-02 6.446316838264465332e-01 9.942427277565002441e-01 -9.984179139137268066e-01 -2.676200866699218750e-01 -8.905413150787353516e-01 1.313855201005935669e-01 -9.307310581207275391e-01 -4.938153028488159180e-01 -9.745227098464965820e-01 -4.495362639427185059e-01 2.472055405378341675e-01 -2.298059463500976562e-01 1.974302977323532104e-01 -6.144294738769531250e-01 -4.990917444229125977e-02 4.539918005466461182e-01 3.872264921665191650e-01 9.651548266410827637e-01 8.934903740882873535e-01 9.997156858444213867e-01 9.975324273109436035e-01 -4.112193584442138672e-01 -3.999350666999816895e-01 -4.910879954695701599e-02 -8.940278291702270508e-01 9.922739267349243164e-01 -2.726545333862304688e-01 8.308559656143188477e-02 1.963848769664764404e-01 -9.902196526527404785e-01 -2.280584573745727539e-01 -2.970642149448394775e-01 8.152646012604236603e-03 9.991643428802490234e-01 -7.416287064552307129e-02 3.101070225238800049e-01 -5.495866537094116211e-01 3.105470836162567139e-01 -9.986638426780700684e-01 2.520392239093780518e-01 -8.659449219703674316e-02 -9.958158135414123535e-01 -9.442199766635894775e-02 9.584029316902160645e-01 -3.328242301940917969e-01 5.504192784428596497e-02 3.624825775623321533e-01 9.987178444862365723e-01 2.305399477481842041e-01 -8.035971522331237793e-01 4.820180535316467285e-01 3.330893069505691528e-02 1.379269175231456757e-03 -9.972371459007263184e-01 -8.695034384727478027e-01 -7.947681099176406860e-02 1.206258963793516159e-02 8.859745264053344727e-01 1.968808770179748535e-01 1.946001201868057251e-01 -9.941939115524291992e-01 9.992810487747192383e-01 -3.844954371452331543e-01 2.767013609409332275e-01 9.984384179115295410e-01 9.960775375366210938e-01 9.999408125877380371e-01 -9.837291240692138672e-01 -7.658844590187072754e-01 -9.955961108207702637e-01 -3.816745579242706299e-01 7.124695181846618652e-02 -2.378719747066497803e-01 -1.137835234403610229e-01 -3.975098431110382080e-01 -9.853635430335998535e-01 -1.632387787103652954e-01 9.888890385627746582e-01 5.043973326683044434e-01 -4.260770678520202637e-01 -9.388152956962585449e-01 -8.299299329519271851e-02 3.205277398228645325e-02 -2.501199245452880859e-01 -5.925776436924934387e-02 -4.501830041408538818e-01 3.377991169691085815e-02 4.035274982452392578e-01 -9.931679368019104004e-01 -6.425285935401916504e-01 9.667000174522399902e-01 9.949777722358703613e-01 -2.930447161197662354e-01 -9.999894499778747559e-01 4.181647673249244690e-02 -4.028977155685424805e-01 -3.622280061244964600e-01 1.696371585130691528e-01 -1.389814615249633789e-01 3.312472403049468994e-01 -3.463835222646594048e-03 9.258215427398681641e-01 3.096181750297546387e-01 -3.414553403854370117e-01 -8.477753996849060059e-01 2.213532626628875732e-01 -6.423617713153362274e-03 4.757464826107025146e-01 -6.079379916191101074e-01 -5.064536929130554199e-01 1.926673203706741333e-01 -9.958899617195129395e-01 -8.257113695144653320e-01 -2.741689085960388184e-01 9.637770652770996094e-01 -8.864726424217224121e-01 -8.521263301372528076e-02 -9.803597927093505859e-01 -2.955572307109832764e-01 -1.062936782836914062e-01 6.058721244335174561e-02 -9.987844824790954590e-01 -4.121531546115875244e-01 -4.851265549659729004e-01 -1.894633919000625610e-01 6.170623302459716797e-01 8.194056749343872070e-01 8.939059376716613770e-01 -1.356718540191650391e-01 2.706656455993652344e-01 -9.322804808616638184e-01 9.743242263793945312e-01 -9.728407263755798340e-01 -8.881915211677551270e-01 2.462283372879028320e-01 9.980242848396301270e-01 4.807412624359130859e-01 -1.106508895754814148e-01 9.615692496299743652e-01 -2.348990887403488159e-01 -1.264410763978958130e-01 -9.247575998306274414e-01 8.961493968963623047e-01 -7.620626091957092285e-01 -4.195113480091094971e-01 -6.671175360679626465e-02 -3.129419684410095215e-01 -6.342126131057739258e-01 -5.769262909889221191e-01 3.377985358238220215e-01 -3.215924501419067383e-01 6.601298451423645020e-01 -8.996610045433044434e-01 8.994137495756149292e-02 3.209460377693176270e-01 -2.473138719797134399e-01 2.236382812261581421e-01 1.610482782125473022e-01 -4.027478098869323730e-01 9.999446272850036621e-01 -2.875335514545440674e-01 -1.110292449593544006e-01 -6.223219633102416992e-01 9.799177050590515137e-01 9.446686506271362305e-01 3.519179522991180420e-01 -5.408102273941040039e-01 -9.960764646530151367e-01 8.857693672180175781e-01 -3.392896354198455811e-01 2.138384431600570679e-01 2.990478873252868652e-01 -1.368029415607452393e-01 9.993323087692260742e-01 9.674116373062133789e-01 8.516499996185302734e-01 -2.810514271259307861e-01 9.987440109252929688e-01 7.150241136550903320e-01 9.949179887771606445e-01 -9.974469542503356934e-01 -9.785835146903991699e-01 -7.165715694427490234e-01 5.518112182617187500e-01 4.704994857311248779e-01 8.294059634208679199e-01 -9.974755048751831055e-01 8.403499126434326172e-01 2.893460728228092194e-02 9.792141914367675781e-01 -3.664542138576507568e-01 2.286662310361862183e-01 -4.956663846969604492e-01 -1.827253550291061401e-01 -2.638346254825592041e-01 -2.222027182579040527e-01 -5.856104493141174316e-01 -8.022505044937133789e-01 3.220306038856506348e-01 3.908508419990539551e-01 6.309784650802612305e-01 2.176819890737533569e-01 9.786910414695739746e-01 9.624505639076232910e-01 -9.517148882150650024e-02 -9.947839975357055664e-01 9.556764960289001465e-01 7.336562871932983398e-02 5.259606838226318359e-01 7.308881878852844238e-01 -9.828608036041259766e-01 -8.861494064331054688e-01 9.469254016876220703e-01 -8.688384294509887695e-01 -6.897523999214172363e-02 6.328290700912475586e-01 1.165139377117156982e-01 -8.752917051315307617e-01 3.474921882152557373e-01 -9.808223843574523926e-01 2.274816296994686127e-02 -9.611686468124389648e-01 -2.206726819276809692e-01 -8.984333276748657227e-01 7.986412048339843750e-01 -1.258767843246459961e-01 2.283466756343841553e-01 -2.916902005672454834e-01 3.834995329380035400e-01 9.717149734497070312e-01 2.537539601325988770e-01 -9.564601778984069824e-01 -2.969268262386322021e-01 3.095091283321380615e-01 3.829787671566009521e-02 9.084951877593994141e-01 9.999588727951049805e-01 4.362255930900573730e-01 9.803745746612548828e-01 1.914664655923843384e-01 1.306371241807937622e-01 9.939767718315124512e-01 9.005296975374221802e-02 8.283778429031372070e-01 2.463167160749435425e-02 5.518129467964172363e-01 -1.356516778469085693e-01 -1.644612997770309448e-01 1.199304610490798950e-01 9.997197389602661133e-01 -2.117915898561477661e-01 -7.674667984247207642e-02 -6.533738374710083008e-01 -9.108437299728393555e-01 9.396921992301940918e-01 -2.422173321247100830e-01 -6.037609577178955078e-01 -5.709758773446083069e-02 -8.403697609901428223e-01 3.822111189365386963e-01 9.112716913223266602e-01 9.993017911911010742e-01 -9.928732514381408691e-01 -9.237525984644889832e-03 -4.020199924707412720e-02 9.996353983879089355e-01 -2.864272296428680420e-01 -8.879755735397338867e-01 9.996742010116577148e-01 -7.611520290374755859e-01 -9.099757075309753418e-01 9.880602955818176270e-01 9.659514576196670532e-02 9.672425985336303711e-01 1.327484250068664551e-01 -7.641102671623229980e-01 -9.174531102180480957e-01 7.574707269668579102e-01 9.967454075813293457e-01 9.819214344024658203e-01 -4.765000641345977783e-01 2.462627589702606201e-01 -6.909687817096710205e-02 -9.974670410156250000e-01 -9.997299313545227051e-01 -9.671016931533813477e-01 5.735460519790649414e-01 5.322003364562988281e-01 1.323974132537841797e-01 7.024742960929870605e-01 -9.873878955841064453e-01 -1.051101237535476685e-01 9.702504277229309082e-01 -4.463085532188415527e-01 9.903308749198913574e-01 9.996848702430725098e-01 -9.856337308883666992e-01 6.820742487907409668e-01 9.910728335380554199e-01 -4.863502383232116699e-01 -1.299257874488830566e-01 2.290419936180114746e-01 9.988477826118469238e-01 8.617013692855834961e-01 2.907530963420867920e-01 1.435332000255584717e-01 -9.616013765335083008e-01 4.504677355289459229e-01 9.973300695419311523e-01 4.329013824462890625e-01 -2.746277749538421631e-01 1.015819311141967773e-01 3.840390741825103760e-01 -2.382410690188407898e-02 9.971161484718322754e-01 2.256065607070922852e-01 -8.458286523818969727e-01 1.799786090850830078e-01 -9.354512095451354980e-01 -4.289578795433044434e-01 -4.565592706203460693e-01 -9.989982843399047852e-01 -5.865880250930786133e-01 5.293866395950317383e-01 5.809729695320129395e-01 9.907248020172119141e-01 -4.130370616912841797e-01 3.692409098148345947e-01 6.499953866004943848e-01 4.200089573860168457e-01 1.440258473157882690e-01 3.791475296020507812e-01 -5.954051017761230469e-01 3.691551089286804199e-01 5.717386007308959961e-01 9.976091980934143066e-01 -2.575868964195251465e-01 -3.065372109413146973e-01 2.054962962865829468e-01 -9.791106581687927246e-01 7.675272226333618164e-01 -3.697410821914672852e-01 9.996955394744873047e-01 -2.275340408086776733e-01 -2.102360576391220093e-01 4.208939969539642334e-01 -1.695442348718643188e-01 9.342414140701293945e-01 -2.347698062658309937e-01 -8.859592080116271973e-01 -1.049529090523719788e-01 -6.550770401954650879e-01 -2.215798050165176392e-01 -6.175485625863075256e-02 -1.963268071413040161e-01 -9.713611006736755371e-01 8.995088338851928711e-01 -3.471237421035766602e-01 -1.193632185459136963e-01 8.928653597831726074e-02 -8.392519354820251465e-01 9.152696728706359863e-01 7.672361731529235840e-01 2.277565300464630127e-01 5.683361887931823730e-01 -4.571076631546020508e-01 9.477540850639343262e-01 -3.888078629970550537e-01 7.256522774696350098e-01 7.263929247856140137e-01 -9.994288682937622070e-01 1.901852339506149292e-01 2.336227148771286011e-01 -2.061835974454879761e-01 3.763633370399475098e-01 -1.314070224761962891e-01 5.379409715533256531e-02 -9.990279078483581543e-01 2.760248780250549316e-01 9.484881758689880371e-01 -7.696089148521423340e-01 6.670393943786621094e-01 -4.231960177421569824e-01 1.671084202826023102e-02 -2.615437805652618408e-01 -3.378784060478210449e-01 8.002660274505615234e-01 -9.998821020126342773e-01 -2.216207534074783325e-01 -2.034270465373992920e-01 -4.667150974273681641e-01 -4.827778637409210205e-01 -6.680939793586730957e-01 9.808573722839355469e-01 1.531744152307510376e-01 4.163928329944610596e-01 -9.851320385932922363e-01 -3.606112301349639893e-01 -4.258445203304290771e-01 9.233611822128295898e-01 -6.997069120407104492e-01 7.822691798210144043e-01 -1.886245757341384888e-01 3.062601089477539062e-01 -9.660255908966064453e-01 -3.405375778675079346e-01 5.583491921424865723e-01 -9.517196416854858398e-01 -1.988275349140167236e-01 -8.867908716201782227e-01 3.202338516712188721e-01 5.176476836204528809e-01 -8.102381229400634766e-01 -8.236791491508483887e-01 -9.779908657073974609e-01 -4.649463891983032227e-01 9.365095496177673340e-01 4.176361560821533203e-01 4.457919001579284668e-01 2.814455032348632812e-01 -9.993647336959838867e-01 -1.012908592820167542e-01 7.403194904327392578e-02 9.494490176439285278e-02 6.156225129961967468e-02 3.550971671938896179e-02 -9.251568913459777832e-01 9.974781274795532227e-01 -9.999701976776123047e-01 -9.752430915832519531e-01 3.562342524528503418e-01 -3.416984528303146362e-02 3.756159543991088867e-01 -2.548993825912475586e-01 -4.538133144378662109e-01 -2.227105647325515747e-01 -9.997597932815551758e-01 -9.607691168785095215e-01 2.555919885635375977e-01 -9.985429644584655762e-01 -9.775511622428894043e-01 -9.772308468818664551e-01 4.912324547767639160e-01 -3.399459421634674072e-01 -7.334866374731063843e-02 1.142040416598320007e-01 2.031070888042449951e-01 3.121688961982727051e-01 9.569571018218994141e-01 4.559844434261322021e-01 -8.210672140121459961e-01 5.348756313323974609e-01 1.010865494608879089e-01 -8.260510116815567017e-02 8.870598673820495605e-01 8.419602513313293457e-01 1.058571934700012207e-01 -9.950487017631530762e-01 3.487074375152587891e-01 -5.698812603950500488e-01 9.998676776885986328e-01 7.102625370025634766e-01 -5.378472208976745605e-01 -9.998562335968017578e-01 -2.328582406044006348e-01 5.776029229164123535e-01 8.577553182840347290e-02 -3.122490458190441132e-02 -3.288857638835906982e-02 4.596924781799316406e-01 -9.395015835762023926e-01 3.519498109817504883e-01 4.693765640258789062e-01 -9.364080429077148438e-01 3.834215700626373291e-01 -8.215721696615219116e-02 2.444606721401214600e-01 3.458762168884277344e-01 1.748668551445007324e-01 1.200130954384803772e-01 -9.679694771766662598e-01 1.894547939300537109e-01 -5.665169954299926758e-01 -5.017465353012084961e-01 -1.552220582962036133e-01 -5.241627246141433716e-02 -9.999990463256835938e-01 8.165822029113769531e-01 -9.774158596992492676e-01 3.581149578094482422e-01 -6.179130822420120239e-02 2.698849737644195557e-01 4.021494686603546143e-01 -9.974641799926757812e-01 9.999845027923583984e-01 -8.695626258850097656e-01 3.971752822399139404e-01 -1.761578917503356934e-01 -2.768266201019287109e-01 2.946242392063140869e-01 -9.883139133453369141e-01 9.899743795394897461e-01 -8.059117197990417480e-01 3.505019843578338623e-01 -1.683267056941986084e-01 -1.153568774461746216e-01 -9.803888797760009766e-01
7.376452684402465820e-01 8.346109390258789062e-01 -6.490208953619003296e-02 3.779147192835807800e-02 -5.910369753837585449e-01 1.410733461380004883e-01 9.770446419715881348e-01 -9.997426867485046387e-01 -4.019628167152404785e-01 -9.485983252525329590e-01 -1.893873810768127441e-01 -8.588575124740600586e-01 -5.796397328376770020e-01 -9.944674968719482422e-01 -8.776890039443969727e-01 -3.250817209482192993e-02 9.334122389554977417e-02 -2.778033912181854248e-01 -6.624723672866821289e-01 -1.012648493051528931e-01 6.799038648605346680e-01 4.907721579074859619e-01 -4.389780461788177490e-01 -2.999908328056335449e-01 9.993798732757568359e-01 9.874140620231628418e-01 -3.762860894203186035e-01 -4.325775802135467529e-01 2.251162976026535034e-01 9.800900220870971680e-01 9.955651164054870605e-01 -3.178739845752716064e-01 -1.909602135419845581e-01 -1.567421108484268188e-01 -9.615161418914794922e-01 -2.926800586283206940e-02 -2.371459901332855225e-01 -5.020249485969543457e-01 3.994870483875274658e-01 -3.111588060855865479e-01 -2.480604797601699829e-01 -5.179345011711120605e-01 3.741673827171325684e-01 -9.978930354118347168e-01 -2.772788107395172119e-01 9.698876142501831055e-01 -9.934588670730590820e-01 -1.583916693925857544e-01 1.125812232494354248e-01 -6.062482595443725586e-01 7.221932411193847656e-01 -9.387670457363128662e-02 9.728324413299560547e-01 -3.742516338825225830e-01 -2.043731361627578735e-01 5.666899085044860840e-01 2.979717552661895752e-01 -1.351853162050247192e-01 -9.997898936271667480e-01 -9.717603325843811035e-01 -2.351752072572708130e-01 -2.392766624689102173e-01 4.364692270755767822e-01 2.094452828168869019e-01 9.603627026081085205e-02 -9.517561793327331543e-01 8.608600497245788574e-01 5.627987980842590332e-01 1.480903178453445435e-01 9.040640592575073242e-01 9.638876914978027344e-01 9.999985098838806152e-01 -8.976044058799743652e-01 -8.524993062019348145e-01 -9.258527159690856934e-01 -6.312605738639831543e-02 1.935414373874664307e-01 5.963729023933410645e-01 -2.083449810743331909e-01 -6.240233778953552246e-01 -9.966762065887451172e-01 -4.143813252449035645e-01 9.944434762001037598e-01 -4.404944777488708496e-01 9.867290854454040527e-01 -9.791688323020935059e-01 -3.519331663846969604e-02 3.231662809848785400e-01 -6.023820638656616211e-01 1.694832146167755127e-01 -9.831522107124328613e-01 6.763671338558197021e-02 5.870608091354370117e-01 -9.817108511924743652e-01 -9.492855072021484375e-01 3.962207138538360596e-01 9.396119117736816406e-01 -3.863561451435089111e-01 -9.999709725379943848e-01 4.817275702953338623e-01 -9.418962001800537109e-01 -9.558815360069274902e-01 -9.069505929946899414e-01 -3.546249121427536011e-02 -1.439455449581146240e-01 1.982169412076473236e-02 -8.024007081985473633e-01 2.480887174606323242e-01 -1.784563809633255005e-01 7.821021080017089844e-01 2.854918539524078369e-01 4.069337844848632812e-01 4.699441194534301758e-01 -9.942932724952697754e-01 -8.359327912330627441e-02 1.927051395177841187e-01 -9.591584801673889160e-01 6.604646444320678711e-01 5.808632448315620422e-02 9.980762600898742676e-01 8.372999429702758789e-01 2.673486620187759399e-02 -9.838112592697143555e-01 9.870144724845886230e-01 -4.731202423572540283e-01 -2.088593095541000366e-01 -9.496705532073974609e-01 -1.049591079354286194e-01 -4.541592895984649658e-01 -6.488010287284851074e-02 9.988366365432739258e-01 8.026937246322631836e-01 9.962666630744934082e-01 7.469619810581207275e-02 5.393660068511962891e-01 -9.932602643966674805e-01 8.155497312545776367e-01 -9.973031878471374512e-01 -6.522865295410156250e-01 3.296835422515869141e-01 9.998219013214111328e-01 2.361087352037429810e-01 3.817390277981758118e-02 2.416605651378631592e-01 -4.241916239261627197e-01 9.272317886352539062e-01 -9.172109961509704590e-01 9.986196756362915039e-01 -6.748834252357482910e-01 -5.359761714935302734e-01 -2.268713116645812988e-01 2.049790620803833008e-01 5.061091184616088867e-01 -7.282074689865112305e-01 1.581845879554748535e-01 -4.383500516414642334e-01 -9.339636564254760742e-01 9.041851162910461426e-01 3.139979541301727295e-01 6.391385793685913086e-01 -1.529410779476165771e-01 -1.851918697357177734e-01 1.443964391946792603e-01 -3.416610360145568848e-01 9.999915957450866699e-01 -1.725628972053527832e-01 -2.012552767992019653e-01 -7.323816418647766113e-01 9.886016249656677246e-01 8.797711730003356934e-01 1.947418600320816040e-01 -8.245586752891540527e-01 -9.436396956443786621e-01 -9.771481752395629883e-01 -2.367848306894302368e-01 5.001391172409057617e-01 8.979828953742980957e-01 1.637805104255676270e-01 9.993617534637451172e-01 9.980602860450744629e-01 3.685852587223052979e-01 -2.711276113986968994e-01 9.976278543472290039e-01 -8.100162744522094727e-01 9.994117617607116699e-01 -9.997026324272155762e-01 -6.777096390724182129e-01 9.909395575523376465e-01 6.172906160354614258e-01 7.590782046318054199e-01 5.414048433303833008e-01 -9.864072799682617188e-01 -5.645291805267333984e-01 -2.599197626113891602e-01 9.988806247711181641e-01 -1.034989580512046814e-01 3.567778170108795166e-01 -9.937331080436706543e-01 -9.372822046279907227e-01 5.546737089753150940e-02 -1.334614455699920654e-01 -4.487835764884948730e-01 3.445565700531005859e-01 5.343288779258728027e-01 5.481936782598495483e-02 9.144710898399353027e-01 -3.209237009286880493e-03 9.948185682296752930e-01 9.456274509429931641e-01 -3.530876636505126953e-01 -8.298559784889221191e-01 -4.971492290496826172e-01 -9.562799334526062012e-02 6.356611251831054688e-01 9.940204024314880371e-01 -9.982407689094543457e-01 7.216189503669738770e-01 9.794980883598327637e-01 9.816616177558898926e-01 3.919289112091064453e-01 -5.542200803756713867e-01 2.968423962593078613e-01 -9.332246780395507812e-01 3.433470726013183594e-01 -4.933507442474365234e-01 -5.873006582260131836e-01 -9.904158711433410645e-01 -2.265693098306655884e-01 4.846673905849456787e-01 9.868999123573303223e-01 1.657487899065017700e-01 2.760511636734008789e-01 -3.554790019989013672e-01 4.198288917541503906e-01 7.527008056640625000e-01 6.583380699157714844e-01 -9.962549209594726562e-01 -2.061058580875396729e-01 3.686902225017547607e-01 3.772409260272979736e-01 8.078828454017639160e-01 9.999845027923583984e-01 -8.210332989692687988e-01 9.767246246337890625e-01 9.793864488601684570e-01 3.094483315944671631e-01 8.928162455558776855e-01 -7.614781707525253296e-02 -2.507711052894592285e-01 -1.195880472660064697e-01 5.697593092918395996e-01 -5.239113047719001770e-02 8.048769831657409668e-02 3.123074173927307129e-01 9.995892047882080078e-01 -2.441089302301406860e-01 5.128100048750638962e-03 -9.977062940597534180e-01 -7.053006291389465332e-01 -4.430691003799438477e-01 -2.845772206783294678e-01 -9.879224300384521484e-01 5.089970827102661133e-01 3.139000833034515381e-01 2.314062863588333130e-01 9.964342117309570312e-01 8.857882618904113770e-01 -6.450972557067871094e-01 3.208443149924278259e-02 -1.208656951785087585e-01 9.910284280776977539e-01 -3.266097605228424072e-02 -9.980700612068176270e-01 9.998166561126708984e-01 -4.014024436473846436e-01 1.392124146223068237e-01 9.938110113143920898e-01 3.433731198310852051e-01 9.447992444038391113e-01 5.066197514533996582e-01 -8.807395696640014648e-01 -9.557607769966125488e-01 9.365655779838562012e-01 9.996358752250671387e-01 9.211114048957824707e-01 -4.485073089599609375e-01 1.096606105566024780e-01 -3.166905343532562256e-01 -9.981757998466491699e-01 -9.771317839622497559e-01 -9.869014024734497070e-01 5.643495917320251465e-01 6.032039523124694824e-01 3.512284159660339355e-01 9.966500997543334961e-01 8.315798044204711914e-01 -3.472106158733367920e-01 9.071277379989624023e-01 -1.072213649749755859e-01 9.977786540985107422e-01 9.991183876991271973e-01 -9.931733012199401855e-01 -5.613473653793334961e-01 9.725563526153564453e-01 -6.299105286598205566e-01 -4.800876602530479431e-02 -4.347000420093536377e-01 9.934451580047607422e-01 -9.586308598518371582e-01 4.439934790134429932e-01 -1.343034487217664719e-02 -9.947977066040039062e-01 2.478762716054916382e-01 9.954297542572021484e-01 -4.365365952253341675e-02 -2.131341397762298584e-01 1.556370873004198074e-02 4.754854142665863037e-01 8.648953586816787720e-02 9.998937249183654785e-01 2.798522710800170898e-01 9.029833227396011353e-02 2.641308009624481201e-01 -3.500399291515350342e-01 -5.513376593589782715e-01 -4.249634146690368652e-01 -8.187279105186462402e-01 5.403724312782287598e-01 -9.872451424598693848e-01 6.195028424263000488e-01 8.484476208686828613e-01 -3.128524720668792725e-01 5.043311789631843567e-02 -3.466509878635406494e-01 3.699997365474700928e-01 2.260165363550186157e-01 2.962643802165985107e-01 6.788472533226013184e-01 -9.229459166526794434e-01 1.502220630645751953e-01 9.998472332954406738e-01 -4.600091576576232910e-01 -5.389900803565979004e-01 3.721835017204284668e-01 -9.785553216934204102e-01 4.214640259742736816e-01 8.733326792716979980e-01 9.994781017303466797e-01 -2.261219471693038940e-01 7.312371730804443359e-01 4.647048711776733398e-01 -6.322655826807022095e-02 8.505700528621673584e-02 -4.657268822193145752e-01 9.823427200317382812e-01 -8.669555932283401489e-02 8.120773434638977051e-01 -6.508434563875198364e-02 -6.047548055648803711e-01 -2.214416116476058960e-02 -9.416821599006652832e-01 -9.767736792564392090e-01 -3.692060112953186035e-01 -5.527004003524780273e-01 4.374596104025840759e-02 -6.567434668540954590e-01 -9.792361259460449219e-01 -6.932939589023590088e-02 5.106768608093261719e-01 4.327603578567504883e-01 -1.358605106361210346e-03 9.885233640670776367e-01 -1.690817624330520630e-01 7.571169137954711914e-01 7.732707262039184570e-01 -9.991591572761535645e-01 3.051079213619232178e-01 4.587409198284149170e-01 -7.453360408544540405e-02 4.097148478031158447e-01 -6.905478239059448242e-02 6.794458627700805664e-02 -8.625712394714355469e-01 4.374915361404418945e-01 9.981844425201416016e-01 -3.858952224254608154e-01 4.984491467475891113e-01 -2.815729081630706787e-01 7.244013547897338867e-01 -5.215945243835449219e-01 2.988310717046260834e-02 -3.274032771587371826e-01 -9.998100399971008301e-01 -3.098527193069458008e-01 -4.556764960289001465e-01 -5.411503314971923828e-01 -3.418539762496948242e-01 -4.436943829059600830e-01 6.547391414642333984e-02 4.931884109973907471e-01 2.155252248048782349e-01 -9.712676405906677246e-01 8.610477447509765625e-01 -3.964251279830932617e-01 9.427682757377624512e-01 -9.156526923179626465e-01 -9.495839476585388184e-01 -1.319194771349430084e-02 5.513967275619506836e-01 -9.998011589050292969e-01 9.671724438667297363e-01 9.988462924957275391e-01 -8.877417445182800293e-01 2.393993288278579712e-01 -7.070021033287048340e-01 4.795964658260345459e-01 2.078686654567718506e-01 -2.645487897098064423e-02 -1.882516890764236450e-01 -9.870395064353942871e-01 -7.012632489204406738e-01 9.982404708862304688e-01 3.174864053726196289e-01 9.989687800407409668e-01 1.658182442188262939e-01 -9.919226169586181641e-01 -1.930605620145797729e-01 1.454770416021347046e-01 1.653232127428054810e-01 2.455190718173980713e-01 4.704946577548980713e-01 -9.869534969329833984e-01 7.653706669807434082e-01 -9.996433854103088379e-01 -8.773627281188964844e-01 4.353561997413635254e-01 -9.577841758728027344e-01 -7.634317278861999512e-01 -4.558425769209861755e-02 -4.058735668659210205e-01 2.563685476779937744e-01 -9.757676124572753906e-01 -3.572020232677459717e-01 4.357208609580993652e-01 -8.814035058021545410e-01 -6.947484016418457031e-01 -9.257800579071044922e-01 7.322690486907958984e-01 -2.373646795749664307e-01 2.604116797447204590e-01 1.466225683689117432e-01 2.353300452232360840e-01 3.644063472747802734e-01 9.877173304557800293e-01 6.446276903152465820e-01 8.391388058662414551e-01 4.366630017757415771e-01 5.682385712862014771e-02 2.119590155780315399e-02 7.430491447448730469e-01 9.712410569190979004e-01 3.616187870502471924e-01 -9.994305968284606934e-01 1.778371036052703857e-01 9.832618236541748047e-01 9.998904466629028320e-01 9.470436573028564453e-01 9.607203602790832520e-01 -9.998888969421386719e-01 -7.341411709785461426e-02 6.050224304199218750e-01 -8.196376562118530273e-01 9.424359798431396484e-01 5.508286878466606140e-02 3.267928957939147949e-01 -9.973695278167724609e-01 3.921689838171005249e-02 4.363451600074768066e-01 -9.892601966857910156e-01 9.993999004364013672e-01 -7.544654607772827148e-02 3.949320912361145020e-01 5.915356278419494629e-01 5.155019760131835938e-01 3.093250691890716553e-01 -9.952860474586486816e-01 -9.945931434631347656e-01 -6.323924660682678223e-01 -3.785843253135681152e-01 -1.944411247968673706e-01 2.391980774700641632e-02 -9.999990463256835938e-01 -9.909195899963378906e-01 -3.261339664459228516e-01 2.032245844602584839e-01 -2.641649544239044189e-01 7.919201999902725220e-02 5.129737854003906250e-01 -3.804027438163757324e-01 9.999116659164428711e-01 -9.846426844596862793e-01 1.087557300925254822e-01 -2.486702427268028259e-02 -3.622391521930694580e-01 9.857820719480514526e-02 -3.495748937129974365e-01 -1.234118714928627014e-01 3.700523972511291504e-01 3.838529288768768311e-01 -2.252802401781082153e-01 -3.004085719585418701e-01 -5.058279037475585938e-01
-9.260593652725219727e-01 7.413026094436645508e-01 1.584892719984054565e-01 -4.156638383865356445e-01 -4.626132249832153320e-01 -2.023835629224777222e-01 9.996253252029418945e-01 -9.991643428802490234e-01 -1.789001077413558960e-01 -8.633455038070678711e-01 9.499019384384155273e-02 -9.701181054115295410e-01 -5.622783303260803223e-01 -9.871060252189636230e-01 -9.345389604568481445e-01 -2.984986305236816406e-01 -2.424405813217163086e-01 3.365051150321960449e-01 -4.523482024669647217e-01 -5.071945786476135254e-01 -2.170560657978057861e-01 -6.292455643415451050e-02 9.736172556877136230e-01 3.167824149131774902e-01 9.994071722030639648e-01 9.144886732101440430e-01 -2.114583700895309448e-01 -3.192122578620910645e-01 1.520346701145172119e-01 9.291552305221557617e-01 9.983882904052734375e-01 -1.734256893396377563e-01 9.436223655939102173e-03 7.992344908416271210e-03 -8.954433798789978027e-01 -7.951702922582626343e-02 -5.291311740875244141e-01 1.581844240427017212e-01 9.947960376739501953e-01 1.112959757447242737e-01 3.545929193496704102e-01 6.724625080823898315e-02 -1.054263636469841003e-01 -9.801514744758605957e-01 2.512822300195693970e-02 9.390823245048522949e-01 -9.553073048591613770e-01 2.644992619752883911e-02 9.322794079780578613e-01 4.122875928878784180e-01 7.257416844367980957e-01 1.264498680830001831e-01 9.979177117347717285e-01 -2.862190306186676025e-01 2.233210653066635132e-01 -3.407811820507049561e-01 -6.099396944046020508e-02 -1.007648780941963196e-01 -9.807111620903015137e-01 9.780658483505249023e-01 -4.212554991245269775e-01 3.741785585880279541e-01 9.400142431259155273e-01 -9.777452796697616577e-02 -6.202878430485725403e-02 -9.817962050437927246e-01 9.999699592590332031e-01 7.362830638885498047e-01 3.249507546424865723e-01 9.842930436134338379e-01 8.862581253051757812e-01 9.972299933433532715e-01 -6.113996505737304688e-01 -8.775577545166015625e-01 -8.932073116302490234e-01 -1.769310981035232544e-01 -2.876527048647403717e-02 -6.876412034034729004e-01 -3.991678953170776367e-01 3.935506343841552734e-01 -9.944614171981811523e-01 7.589817047119140625e-02 9.980751872062683105e-01 -7.170793414115905762e-01 8.905919790267944336e-01 -1.524476427584886551e-02 -4.782323911786079407e-02 2.279844731092453003e-01 1.498295553028583527e-02 -5.169301033020019531e-01 -8.995615243911743164e-01 7.178083062171936035e-02 -1.861323714256286621e-01 -9.991652965545654297e-01 -8.535144925117492676e-01 9.919661879539489746e-01 9.686485528945922852e-01 -4.544500261545181274e-02 -9.998806715011596680e-01 -1.362065970897674561e-01 -8.209518790245056152e-01 -9.853703975677490234e-01 7.647033333778381348e-01 -1.825662702322006226e-01 1.633010655641555786e-01 -7.062155008316040039e-02 9.920877218246459961e-01 2.919960618019104004e-01 3.074000962078571320e-02 -9.312841892242431641e-01 -4.976437389850616455e-01 2.856935858726501465e-01 -8.075758814811706543e-01 -9.549605846405029297e-01 -2.667649090290069580e-01 5.343278050422668457e-01 -9.196133017539978027e-01 7.670701146125793457e-01 3.762818500399589539e-02 9.980210661888122559e-01 -9.296334385871887207e-01 9.335222095251083374e-02 -9.805536866188049316e-01 9.714950323104858398e-01 3.787724301218986511e-02 -5.024604871869087219e-02 -9.903686046600341797e-01 -2.450223118066787720e-01 -2.604144513607025146e-01 -3.585133701562881470e-02 9.907595515251159668e-01 1.503584086894989014e-01 2.351028323173522949e-01 -1.556881517171859741e-01 -4.274834394454956055e-01 -9.362415075302124023e-01 9.755004644393920898e-01 -9.886003732681274414e-01 -8.475505709648132324e-01 1.127424016594886780e-01 9.856646656990051270e-01 1.495760530233383179e-01 -1.600445508956909180e-01 9.983087182044982910e-01 -3.203359544277191162e-01 -3.529191017150878906e-01 -9.561650156974792480e-01 8.729735612869262695e-01 6.815592050552368164e-01 -9.949465095996856689e-02 -2.849628329277038574e-01 1.519964933395385742e-01 8.376072049140930176e-01 -1.502873748540878296e-02 8.122264593839645386e-02 1.397547721862792969e-01 -8.866130709648132324e-01 -7.644951939582824707e-01 1.613145321607589722e-01 1.418399363756179810e-01 2.955074049532413483e-02 -2.569654881954193115e-01 1.137413010001182556e-01 -3.719874620437622070e-01 9.999102950096130371e-01 4.234979748725891113e-01 1.068973541259765625e-01 -6.184157133102416992e-01 9.900369644165039062e-01 9.579656124114990234e-01 1.949818134307861328e-01 -3.824171423912048340e-01 -9.967628717422485352e-01 -9.124384522438049316e-01 3.449111878871917725e-01 1.179215684533119202e-02 9.330294728279113770e-01 3.365881145000457764e-01 9.993333220481872559e-01 8.357087969779968262e-01 9.783321619033813477e-01 2.064356952905654907e-01 9.995471835136413574e-01 -6.938278079032897949e-01 9.756593704223632812e-01 -9.858221411705017090e-01 -8.847297430038452148e-01 5.470992326736450195e-01 8.610766381025314331e-02 5.981532335281372070e-01 9.880119562149047852e-01 -9.973666667938232422e-01 7.865156531333923340e-01 1.513586193323135376e-01 9.579845666885375977e-01 -2.676459252834320068e-01 -9.291138648986816406e-01 -9.538797736167907715e-01 -9.845828413963317871e-01 -1.202415227890014648e-01 9.199356287717819214e-02 -3.216829597949981689e-01 -9.179750680923461914e-01 -6.482897698879241943e-02 -2.591590955853462219e-02 -4.881464242935180664e-01 1.821528561413288116e-02 9.545423388481140137e-01 7.618708610534667969e-01 3.346974849700927734e-01 -6.306318640708923340e-01 4.573302268981933594e-01 1.824524253606796265e-01 3.928225040435791016e-01 9.108875989913940430e-01 6.827962994575500488e-01 3.081045746803283691e-01 8.927090764045715332e-01 8.946290612220764160e-01 -3.581597208976745605e-01 2.494760602712631226e-01 3.269851207733154297e-01 -3.867082893848419189e-01 -3.319330811500549316e-01 -7.910719513893127441e-01 8.324756026268005371e-01 -9.892735481262207031e-01 -2.657677829265594482e-01 -7.303451746702194214e-02 9.473353624343872070e-01 2.516586184501647949e-01 8.232424408197402954e-02 -8.349921554327011108e-02 1.317792981863021851e-01 9.895632863044738770e-01 -2.252705246210098267e-01 -5.807552114129066467e-02 7.599903270602226257e-03 2.213896811008453369e-01 2.478694021701812744e-01 9.478946924209594727e-01 9.997808337211608887e-01 -7.347902655601501465e-01 9.297292828559875488e-01 9.826976656913757324e-01 -1.184889301657676697e-01 9.725093841552734375e-01 2.479420006275177002e-01 -3.796931803226470947e-01 3.565758094191551208e-02 5.894220620393753052e-02 8.743417263031005859e-02 -2.991327047348022461e-01 1.294145733118057251e-01 9.993947148323059082e-01 1.776209622621536255e-01 -1.083770766854286194e-01 -9.764216542243957520e-01 -1.939874887466430664e-01 6.913242340087890625e-01 -4.935602843761444092e-01 4.432144165039062500e-01 -5.158456787467002869e-02 -7.738962769508361816e-01 -1.659494489431381226e-01 8.316416144371032715e-01 9.947943687438964844e-01 -9.970523118972778320e-01 3.801583051681518555e-01 -2.242518067359924316e-01 9.845011234283447266e-01 3.405569866299629211e-02 -6.653974056243896484e-01 9.963165521621704102e-01 -5.172764062881469727e-01 -9.846235513687133789e-01 9.910192489624023438e-01 -1.941813379526138306e-01 3.705282807350158691e-01 -3.304274976253509521e-01 -9.978668093681335449e-01 -9.822757840156555176e-01 7.968422174453735352e-01 9.946799278259277344e-01 9.977254867553710938e-01 1.042797043919563293e-01 2.936332821846008301e-01 8.033613860607147217e-02 -9.993995428085327148e-01 -9.998958110809326172e-01 -9.994602799415588379e-01 2.018882185220718384e-01 -7.496017962694168091e-02 -9.244499802589416504e-01 9.542350769042968750e-01 -9.994721412658691406e-01 -3.178373277187347412e-01 9.448403716087341309e-01 1.498595029115676880e-01 9.913038611412048340e-01 9.810323715209960938e-01 -9.944567084312438965e-01 -5.382218956947326660e-01 9.870970845222473145e-01 -1.397463828325271606e-01 -4.364666342735290527e-01 6.067120656371116638e-02 9.955854415893554688e-01 9.225505590438842773e-01 -3.233970329165458679e-02 8.935671299695968628e-02 -9.176990985870361328e-01 3.152106702327728271e-01 9.964644908905029297e-01 8.539054989814758301e-01 4.420002102851867676e-01 2.836400568485260010e-01 4.297515153884887695e-01 -1.160628395155072212e-03 9.982036948204040527e-01 -2.833169102668762207e-01 -2.264289855957031250e-01 1.368555277585983276e-01 -2.169029265642166138e-01 -1.934787333011627197e-01 4.048347473144531250e-02 -5.820589661598205566e-01 2.249602973461151123e-01 -9.086640477180480957e-01 9.492904543876647949e-01 9.996892213821411133e-01 -4.537475705146789551e-01 3.205792605876922607e-01 6.691341847181320190e-02 -3.978758584707975388e-03 -6.725735217332839966e-02 9.131596237421035767e-02 -9.823166728019714355e-01 -8.985897898674011230e-01 3.386251032352447510e-01 9.875698685646057129e-01 2.012055367231369019e-02 -2.191951423883438110e-01 7.712098956108093262e-01 -2.215920090675354004e-01 -4.516302049160003662e-01 8.757452368736267090e-01 9.998275041580200195e-01 -2.343544922769069672e-02 9.216645956039428711e-01 5.708381533622741699e-01 4.717043414711952209e-02 3.254632353782653809e-01 -5.885591730475425720e-02 9.033372998237609863e-01 -3.815556764602661133e-01 1.453891545534133911e-01 4.783434420824050903e-02 8.565721660852432251e-02 -3.866712376475334167e-02 -8.564071655273437500e-01 -8.921316266059875488e-01 3.755030930042266846e-01 1.409899443387985229e-01 -1.658096760511398315e-01 -6.806793212890625000e-01 -9.140398502349853516e-01 4.000644981861114502e-01 5.632982030510902405e-02 -1.980197876691818237e-01 -1.453632116317749023e-01 9.076754450798034668e-01 2.406177073717117310e-01 7.201986908912658691e-01 3.067277669906616211e-01 -9.996980428695678711e-01 -9.924741834402084351e-02 4.720366001129150391e-02 4.276137650012969971e-01 4.479772746562957764e-01 6.078352034091949463e-02 1.549792587757110596e-01 -9.791868329048156738e-01 2.096901684999465942e-01 9.731391072273254395e-01 2.465811371803283691e-01 4.536089003086090088e-01 4.580104257911443710e-03 5.092667341232299805e-01 -2.165058106184005737e-01 -3.309423625469207764e-01 9.684128761291503906e-01 -9.999071955680847168e-01 -6.305366009473800659e-02 -4.840289056301116943e-01 -4.388020336627960205e-01 -5.287647843360900879e-01 -5.574285984039306641e-01 9.967892765998840332e-01 -4.157057106494903564e-01 -1.554190367460250854e-01 -3.979155719280242920e-01 8.279165625572204590e-01 -4.161300957202911377e-01 9.363101720809936523e-01 -9.517862796783447266e-01 -8.663293123245239258e-01 5.990040674805641174e-02 -1.667833775281906128e-01 -9.320215582847595215e-01 -9.351724982261657715e-01 8.735468387603759766e-01 -9.926390647888183594e-01 -4.090707376599311829e-02 -5.950314402580261230e-01 3.552841544151306152e-01 -5.454029142856597900e-02 -4.916947185993194580e-01 -1.424537003040313721e-01 7.264567017555236816e-01 -1.194471567869186401e-01 9.715095758438110352e-01 -2.990875542163848877e-01 9.473028779029846191e-01 5.145874023437500000e-01 -9.950543642044067383e-01 -1.244715303182601929e-01 1.273647844791412354e-01 1.314481198787689209e-01 -4.331438243389129639e-01 -2.449938654899597168e-01 -9.790132641792297363e-01 9.925449490547180176e-01 -9.996042251586914062e-01 -9.897056818008422852e-01 5.977616459131240845e-02 -7.786353230476379395e-01 -7.174189090728759766e-01 -2.347989082336425781e-01 -1.471729576587677002e-01 -1.647498756647109985e-01 -9.935976266860961914e-01 -9.906949400901794434e-01 -9.095519781112670898e-02 -9.774847626686096191e-01 -9.405086636543273926e-01 -9.981865286827087402e-01 -1.212189346551895142e-01 9.127467125654220581e-02 2.413560301065444946e-01 1.583689302206039429e-01 -4.959331452846527100e-02 4.331994950771331787e-01 9.707333445549011230e-01 -2.591929137706756592e-01 4.252698719501495361e-01 6.765861511230468750e-01 2.409228235483169556e-01 -5.097759366035461426e-01 8.885040879249572754e-01 -9.108234047889709473e-01 3.433708846569061279e-02 -9.657989144325256348e-01 -1.001887209713459015e-02 8.958414793014526367e-01 9.993467330932617188e-01 9.185453653335571289e-01 8.929222226142883301e-01 -9.993394017219543457e-01 -2.574331127107143402e-02 2.313359975814819336e-01 -9.375493526458740234e-01 9.151634573936462402e-01 -1.440186947584152222e-01 1.223885864019393921e-01 -8.402631282806396484e-01 -2.677864432334899902e-01 4.326016902923583984e-01 -9.759586453437805176e-01 9.068799018859863281e-01 1.355289369821548462e-01 9.226585179567337036e-02 2.928815186023712158e-01 7.120501995086669922e-02 3.516030311584472656e-01 -8.101515769958496094e-01 -8.370748758316040039e-01 -1.524681150913238525e-01 -1.660634949803352356e-02 1.830659210681915283e-01 2.098212540149688721e-01 -9.999946951866149902e-01 9.234978556632995605e-01 -8.805754780769348145e-01 -5.608599632978439331e-02 -2.698774263262748718e-02 -5.553152784705162048e-02 3.064043819904327393e-01 -9.656049609184265137e-01 9.999032616615295410e-01 -5.104043483734130859e-01 2.822471559047698975e-01 -2.435029894113540649e-01 -3.343515098094940186e-01 8.466359972953796387e-02 -9.794780015945434570e-01 9.652151465415954590e-01 2.485532164573669434e-01 1.088780090212821960e-01 1.669312864542007446e-01 5.102979019284248352e-02 -4.779382944107055664e-01
2.212386578321456909e-01 9.050664305686950684e-01 -6.809928268194198608e-02 -3.423708304762840271e-02 -1.723703294992446899e-01 -4.870314151048660278e-02 9.996907711029052734e-01 -9.976779222488403320e-01 -2.600066065788269043e-01 -8.918552994728088379e-01 9.692405350506305695e-03 -9.727292060852050781e-01 4.672387540340423584e-01 -8.837425708770751953e-01 -8.840014338493347168e-01 -4.254782795906066895e-01 6.354407221078872681e-02 -9.386100620031356812e-02 -5.123542547225952148e-01 -1.354608684778213501e-04 4.468973577022552490e-01 6.822784245014190674e-02 8.766247034072875977e-01 -1.541438847780227661e-01 9.928025603294372559e-01 9.906518459320068359e-01 -9.229593724012374878e-02 -1.435910165309906006e-01 -1.392115205526351929e-01 8.390167355537414551e-01 6.943061351776123047e-01 5.217822268605232239e-02 -2.776080369949340820e-01 1.057764068245887756e-01 -7.382075190544128418e-01 -4.837301075458526611e-01 -4.527499973773956299e-01 -2.366492748260498047e-01 9.977391362190246582e-01 -1.474270075559616089e-01 -2.346623875200748444e-02 -2.665789425373077393e-01 1.546061336994171143e-01 -9.497637748718261719e-01 -1.041552945971488953e-01 9.889219403266906738e-01 -9.955813884735107422e-01 -4.362603127956390381e-01 8.174699544906616211e-01 -2.916597425937652588e-01 9.483647346496582031e-01 1.737824529409408569e-01 8.727909326553344727e-01 -1.137598007917404175e-01 5.945271253585815430e-01 2.344933152198791504e-01 8.043952286243438721e-02 -3.541468083858489990e-01 -9.988238811492919922e-01 1.994103044271469116e-01 -8.567164838314056396e-02 2.413601279258728027e-01 7.517428398132324219e-01 3.026687502861022949e-01 -9.177603572607040405e-02 -9.853085279464721680e-01 9.869613051414489746e-01 1.852249354124069214e-01 -1.002484932541847229e-01 9.799989461898803711e-01 9.789369106292724609e-01 9.999493956565856934e-01 -3.107070028781890869e-01 -9.465485811233520508e-01 -9.076247811317443848e-01 -2.600785493850708008e-01 5.202262997627258301e-01 -4.016239941120147705e-01 2.428254485130310059e-01 1.841359585523605347e-01 -9.913366436958312988e-01 -3.179860711097717285e-01 9.980123639106750488e-01 -3.500317931175231934e-01 7.618589997291564941e-01 -7.807738780975341797e-01 6.335291266441345215e-02 -1.284948736429214478e-01 -3.558425605297088623e-01 8.651439100503921509e-02 -8.982938528060913086e-01 1.232816502451896667e-01 3.896808922290802002e-01 -8.809644579887390137e-01 -7.076545953750610352e-01 4.215703308582305908e-01 9.923750758171081543e-01 -2.605990171432495117e-01 -9.981871247291564941e-01 -1.581164598464965820e-01 -5.754142999649047852e-01 -9.968324303627014160e-01 3.930668532848358154e-01 -5.108301714062690735e-02 1.630857735872268677e-01 7.376205176115036011e-02 9.870417118072509766e-01 4.384929239749908447e-01 -1.349596083164215088e-01 7.828565239906311035e-01 -9.014462679624557495e-02 6.486420631408691406e-01 -8.844058513641357422e-01 -9.329380393028259277e-01 -6.883016973733901978e-02 1.169285178184509277e-01 -9.012691974639892578e-01 7.313168048858642578e-01 1.678968966007232666e-01 9.915302395820617676e-01 -8.657476902008056641e-01 -2.099577933549880981e-01 -9.560660123825073242e-01 9.708737134933471680e-01 1.289021670818328857e-01 -2.369855791330337524e-01 -9.498085975646972656e-01 -1.336889863014221191e-01 -2.262220978736877441e-01 -5.023901462554931641e-01 9.828783869743347168e-01 9.699966907501220703e-01 9.838099479675292969e-01 3.162663802504539490e-02 4.426606595516204834e-01 -8.921391963958740234e-01 4.744405746459960938e-01 -9.782295823097229004e-01 -1.293730288743972778e-01 3.639076054096221924e-01 9.974715709686279297e-01 2.388502508401870728e-01 -1.472303122282028198e-01 9.384924769401550293e-01 -4.116139113903045654e-01 2.833716869354248047e-01 -9.679137468338012695e-01 9.685104489326477051e-01 2.208748161792755127e-01 -1.119958534836769104e-01 -3.821975886821746826e-01 3.516230881214141846e-01 8.241812586784362793e-01 -4.954513609409332275e-01 8.086759597063064575e-02 -3.705274462699890137e-01 -8.775118589401245117e-01 7.067745327949523926e-01 -3.226091340184211731e-02 4.873720407485961914e-01 -3.800470381975173950e-02 -1.472333967685699463e-01 3.782126307487487793e-01 -2.526201605796813965e-01 9.998617768287658691e-01 -1.686959117650985718e-01 -1.808024197816848755e-01 -4.430338442325592041e-01 9.831261038780212402e-01 -3.353096246719360352e-01 2.192599922418594360e-01 -8.904854059219360352e-01 -9.895446300506591797e-01 -8.611205816268920898e-01 9.605449438095092773e-02 -3.597782924771308899e-02 9.588531851768493652e-01 1.016097515821456909e-01 9.978116750717163086e-01 9.959937930107116699e-01 9.777674674987792969e-01 2.257425040006637573e-01 9.996687173843383789e-01 -7.665662765502929688e-01 9.301918148994445801e-01 -9.974828362464904785e-01 -9.665740728378295898e-01 8.953332304954528809e-01 6.201959252357482910e-01 8.683853149414062500e-01 6.431246399879455566e-01 -9.832391142845153809e-01 -2.579367160797119141e-01 -1.386823654174804688e-01 9.153259396553039551e-01 -1.130152493715286255e-01 -7.149506807327270508e-01 -8.660277724266052246e-01 -6.025364398956298828e-01 3.523915708065032959e-01 -8.878160268068313599e-02 -4.045043289661407471e-01 -1.138269435614347458e-02 5.290431976318359375e-01 2.353548258543014526e-01 -3.553270399570465088e-01 1.240584552288055420e-01 7.891672253608703613e-01 7.141262888908386230e-01 -2.426174283027648926e-01 -5.705224275588989258e-01 6.411432623863220215e-01 9.283816814422607422e-02 6.241609454154968262e-01 9.399985671043395996e-01 -8.869597315788269043e-01 6.006324291229248047e-01 9.703139066696166992e-01 8.088320493698120117e-01 6.916733831167221069e-02 -9.279435873031616211e-01 1.622118949890136719e-01 -8.602120876312255859e-01 2.670445442199707031e-01 -7.796918153762817383e-01 -5.214214324951171875e-01 -9.767780303955078125e-01 -8.673170953989028931e-02 2.993856929242610931e-02 9.988126158714294434e-01 9.186860173940658569e-02 4.907293617725372314e-01 1.307142227888107300e-01 2.870238125324249268e-01 9.705346822738647461e-01 4.018197953701019287e-01 -5.884454250335693359e-01 -4.997249320149421692e-02 4.602319896221160889e-01 2.970550358295440674e-01 8.783303499221801758e-01 9.997709989547729492e-01 -4.501559436321258545e-01 9.619414210319519043e-01 9.681293368339538574e-01 -5.537302792072296143e-02 8.566387295722961426e-01 -4.480980336666107178e-02 3.957286775112152100e-01 -1.766390651464462280e-01 5.299162864685058594e-01 8.148938417434692383e-02 -2.558211684226989746e-01 2.337223887443542480e-01 9.986365437507629395e-01 -3.874532580375671387e-01 3.363554179668426514e-01 -9.972947835922241211e-01 9.870500117540359497e-02 9.795947670936584473e-01 -3.699304163455963135e-01 -6.873260438442230225e-02 2.585877776145935059e-01 -9.889841675758361816e-01 1.590216606855392456e-01 9.754417538642883301e-01 9.965876936912536621e-01 -9.932520389556884766e-01 2.254206091165542603e-01 -6.005061268806457520e-01 9.924961924552917480e-01 2.097465544939041138e-01 -9.472699165344238281e-01 9.962236285209655762e-01 -4.154686331748962402e-01 -9.542263746261596680e-01 9.164684414863586426e-01 2.243297994136810303e-01 -1.399907171726226807e-01 2.158183902502059937e-01 -9.989412426948547363e-01 -8.799249529838562012e-01 8.325190544128417969e-01 9.679018855094909668e-01 9.953715205192565918e-01 -3.823419809341430664e-01 4.806826114654541016e-01 -1.160737201571464539e-01 -9.967766404151916504e-01 -9.997262358665466309e-01 -8.777365088462829590e-01 7.034450173377990723e-01 1.872309148311614990e-01 -7.099468111991882324e-01 9.504670500755310059e-01 -9.944131970405578613e-01 -4.445690512657165527e-01 9.356674551963806152e-01 -4.963060840964317322e-02 9.965031743049621582e-01 9.883559942245483398e-01 -9.910388588905334473e-01 -5.263699889183044434e-01 9.566445946693420410e-01 -2.875264585018157959e-01 6.602638363838195801e-01 -1.496720220893621445e-02 9.907880425453186035e-01 -2.480711191892623901e-01 1.510353088378906250e-01 1.934590749442577362e-02 -7.795677781105041504e-01 5.550469830632209778e-02 9.445064067840576172e-01 9.597575664520263672e-01 5.005886405706405640e-02 3.026159293949604034e-02 1.673729717731475830e-01 1.513610035181045532e-01 9.965333342552185059e-01 -1.012632697820663452e-01 -7.899441123008728027e-01 3.457800298929214478e-02 2.940483093261718750e-01 -2.311413437128067017e-01 -3.477892652153968811e-02 -9.792724251747131348e-01 2.906609773635864258e-01 -7.713072896003723145e-01 2.021931111812591553e-01 9.953055977821350098e-01 -2.429389506578445435e-01 3.366855382919311523e-01 -6.693935990333557129e-01 3.687685132026672363e-01 7.451598346233367920e-02 1.811223775148391724e-01 -3.264568746089935303e-01 -7.961088418960571289e-01 4.197990000247955322e-01 9.974614381790161133e-01 -2.808047235012054443e-01 -3.291275799274444580e-01 9.863985776901245117e-01 -8.974924087524414062e-01 6.557835936546325684e-01 7.670530676841735840e-01 9.990766048431396484e-01 9.321014583110809326e-02 9.583633542060852051e-01 5.721201300621032715e-01 1.948738656938076019e-02 8.335340619087219238e-01 -4.355889931321144104e-02 8.110638856887817383e-01 -1.601034589111804962e-02 -2.099390476942062378e-01 -1.102266758680343628e-01 -4.004278182983398438e-01 1.087579056620597839e-01 -9.606873393058776855e-01 -7.641524672508239746e-01 -7.199644297361373901e-02 -4.891820847988128662e-01 -3.123343884944915771e-01 -9.798812866210937500e-01 -8.174416422843933105e-01 9.135667979717254639e-02 1.011537685990333557e-01 3.497541844844818115e-01 1.585498079657554626e-02 9.189887642860412598e-01 -3.453845083713531494e-01 5.207654833793640137e-01 5.691131353378295898e-01 -9.995176196098327637e-01 3.646309673786163330e-01 2.608115077018737793e-01 -4.968743026256561279e-02 -3.430812433362007141e-02 -4.870098829269409180e-02 -8.495283871889114380e-02 -9.806295633316040039e-01 3.403574228286743164e-04 9.379432797431945801e-01 8.393104672431945801e-01 4.143543541431427002e-01 -3.027518689632415771e-01 7.500002384185791016e-01 -2.987959980964660645e-01 -9.380452334880828857e-02 2.639594860374927521e-02 -9.998977184295654297e-01 -4.936708137392997742e-02 -3.678669929504394531e-01 -2.918627858161926270e-01 -5.517426878213882446e-02 -5.480847358703613281e-01 9.986101388931274414e-01 7.006414979696273804e-02 -3.618661761283874512e-01 -6.663109660148620605e-01 8.184724450111389160e-01 -3.814509510993957520e-01 8.203067779541015625e-01 -6.360648274421691895e-01 -8.324569463729858398e-01 -4.362417012453079224e-02 4.674443006515502930e-01 -9.962537288665771484e-01 6.726830005645751953e-01 9.565693736076354980e-01 -9.978130459785461426e-01 7.559907436370849609e-02 -7.399247884750366211e-01 5.338234901428222656e-01 8.272229880094528198e-02 -8.112468719482421875e-01 -7.207912206649780273e-01 4.375214576721191406e-01 -5.299798846244812012e-01 3.952995836734771729e-01 1.697487533092498779e-01 9.157798290252685547e-01 2.590554356575012207e-01 -9.960098266601562500e-01 -5.621937289834022522e-02 3.886024057865142822e-01 8.999605476856231689e-02 -2.817772030830383301e-01 4.960911870002746582e-01 -9.872298240661621094e-01 9.809806942939758301e-01 -9.993981122970581055e-01 -9.822142124176025391e-01 5.376847386360168457e-01 -7.968416213989257812e-01 -3.954895138740539551e-01 1.421286910772323608e-01 -3.979839980602264404e-01 -3.846558183431625366e-02 -9.774553179740905762e-01 -9.949757456779479980e-01 2.446615546941757202e-01 -9.381874203681945801e-01 -7.592802643775939941e-01 -9.993407130241394043e-01 4.904674589633941650e-01 -1.469166278839111328e-01 1.056700348854064941e-01 2.056193202733993530e-01 2.361046820878982544e-01 2.244162261486053467e-01 8.674609065055847168e-01 4.353803992271423340e-01 9.893945455551147461e-01 4.713842570781707764e-01 -3.441213816404342651e-02 -1.299624890089035034e-01 8.852574825286865234e-01 -9.289612174034118652e-01 1.885326579213142395e-02 -9.587426781654357910e-01 2.904341742396354675e-02 7.073636651039123535e-01 9.943089485168457031e-01 8.978874087333679199e-01 9.973666667938232422e-01 -9.999028444290161133e-01 1.190414428710937500e-01 4.233659207820892334e-01 5.862972140312194824e-01 8.880209922790527344e-01 -2.218713164329528809e-01 1.358430981636047363e-01 -8.515692949295043945e-01 -3.761862218379974365e-01 3.145190477371215820e-01 -9.977291822433471680e-01 9.145396947860717773e-01 -4.182407632470130920e-02 3.706714808940887451e-01 3.067029118537902832e-01 2.021940201520919800e-01 3.524691164493560791e-01 -9.608379602432250977e-01 -8.559280037879943848e-01 -7.792676687240600586e-01 -8.638721704483032227e-02 -5.984807386994361877e-02 5.520667415112257004e-03 -9.999899864196777344e-01 -5.771572142839431763e-02 -3.644658029079437256e-01 5.068451762199401855e-01 -1.883864104747772217e-01 2.028552442789077759e-01 4.492110908031463623e-01 -8.131465315818786621e-01 9.997959733009338379e-01 -9.892604947090148926e-01 1.030129715800285339e-01 3.379383683204650879e-01 -3.675496876239776611e-01 -9.297507256269454956e-02 -7.716303467750549316e-01 1.064567342400550842e-01 8.537270426750183105e-01 4.914910793304443359e-01 1.355982571840286255e-02 -5.360141396522521973e-01 -8.010129332542419434e-01
3.460440412163734436e-02 4.605147540569305420e-01 1.263856589794158936e-01 -1.437046229839324951e-01 1.106631234288215637e-01 4.597624018788337708e-02 9.961659312248229980e-01 -9.973570108413696289e-01 -4.759986996650695801e-01 -9.789344072341918945e-01 -4.403032660484313965e-01 -9.861366748809814453e-01 -3.816473186016082764e-01 -6.291576027870178223e-01 -4.429712891578674316e-01 1.402607113122940063e-01 -1.456518620252609253e-01 4.302544146776199341e-02 -3.759522438049316406e-01 1.566718891263008118e-02 -4.355370253324508667e-02 4.605800285935401917e-02 3.851399421691894531e-01 5.906782746315002441e-01 9.981268048286437988e-01 9.986475110054016113e-01 1.235453337430953979e-01 7.971745915710926056e-03 4.177583158016204834e-01 -4.889711141586303711e-01 9.622052311897277832e-01 -3.228421807289123535e-01 2.843174934387207031e-01 -4.943209514021873474e-02 -1.589406579732894897e-01 -4.672598466277122498e-02 -2.206881195306777954e-01 7.192968577146530151e-02 9.993792772293090820e-01 -3.415023162961006165e-02 -8.555998653173446655e-02 -5.313653945922851562e-01 -7.780434936285018921e-02 -9.978664517402648926e-01 -3.790473565459251404e-02 9.197219610214233398e-01 -9.935031533241271973e-01 -6.586578488349914551e-02 9.347665309906005859e-01 -1.214756295084953308e-01 6.160007119178771973e-01 2.115292251110076904e-01 9.817415475845336914e-01 -1.091724187135696411e-01 -6.906207203865051270e-01 6.331142969429492950e-03 2.493129223585128784e-01 -2.991030216217041016e-01 -9.927640557289123535e-01 7.529547810554504395e-01 -3.262751996517181396e-01 -2.107926160097122192e-01 6.145410537719726562e-01 -1.678622066974639893e-01 3.127848207950592041e-01 -9.982637763023376465e-01 9.997771978378295898e-01 -1.830641739070415497e-02 -5.584408342838287354e-02 9.993187189102172852e-01 9.939721822738647461e-01 9.995623230934143066e-01 -9.816883206367492676e-01 -9.654078483581542969e-01 -8.484787344932556152e-01 2.017701268196105957e-01 3.319524973630905151e-02 4.580976366996765137e-01 -3.650329709053039551e-01 -3.278183937072753906e-01 -9.903822541236877441e-01 -5.108869671821594238e-01 9.800087213516235352e-01 2.710869908332824707e-01 -2.530497908592224121e-01 1.652362989261746407e-03 -9.666475467383861542e-03 3.602610230445861816e-01 -5.205002427101135254e-01 -2.053812295198440552e-01 -1.073286030441522598e-02 -7.558891922235488892e-02 2.521888911724090576e-01 -9.586120247840881348e-01 -8.624873757362365723e-01 9.017930030822753906e-01 9.172936677932739258e-01 -2.259149700403213501e-01 -9.999806880950927734e-01 -2.753803133964538574e-01 -9.153267741203308105e-01 -9.622076749801635742e-01 -7.554384469985961914e-01 -5.205316543579101562e-01 1.766698658466339111e-01 -7.280907779932022095e-02 9.316805005073547363e-01 4.217893481254577637e-01 -1.610664092004299164e-02 1.139234900474548340e-01 -1.390917226672172546e-02 3.558378219604492188e-01 -9.079062342643737793e-01 -3.398168385028839111e-01 -3.155486881732940674e-01 3.983745276927947998e-01 -9.939475655555725098e-01 -5.704386234283447266e-01 1.101098284125328064e-01 9.002764821052551270e-01 -8.776124119758605957e-01 -1.440807133913040161e-01 -9.417047500610351562e-01 -6.542073488235473633e-01 -1.393847465515136719e-01 1.257209628820419312e-01 -9.992594718933105469e-01 -5.079765319824218750e-01 -3.372590243816375732e-01 9.105675667524337769e-02 9.935172200202941895e-01 8.461754322052001953e-01 -2.132617533206939697e-01 -2.514173090457916260e-01 2.759574167430400848e-02 -4.137319326400756836e-01 6.492669582366943359e-01 -8.341661691665649414e-01 -8.393828868865966797e-01 1.117019355297088623e-01 9.545755386352539062e-01 3.701795935630798340e-01 -5.311514735221862793e-01 9.979430437088012695e-01 -1.582212001085281372e-01 4.339506328105926514e-01 -9.221879839897155762e-01 9.388691782951354980e-01 -5.283592939376831055e-01 -3.543556630611419678e-01 -3.445622622966766357e-01 1.701931804418563843e-01 -7.098677754402160645e-01 -5.467983484268188477e-01 4.620426893234252930e-01 -3.056139647960662842e-01 3.983688652515411377e-01 -9.072976112365722656e-01 1.428404450416564941e-01 2.686375677585601807e-01 1.079923808574676514e-01 6.262715905904769897e-02 9.128520637750625610e-02 -1.183277070522308350e-01 9.998090267181396484e-01 -1.462377607822418213e-01 -4.057818055152893066e-01 -6.318855881690979004e-01 9.984580874443054199e-01 9.778587818145751953e-01 1.658374369144439697e-01 -9.225973486900329590e-01 -9.681275486946105957e-01 6.008287668228149414e-01 -4.052840471267700195e-01 4.747868776321411133e-01 8.963165879249572754e-01 1.679684408009052277e-02 9.724761247634887695e-01 -3.390956521034240723e-01 9.360868334770202637e-01 -1.818120479583740234e-01 9.987791776657104492e-01 4.760044515132904053e-01 9.178034663200378418e-01 -9.964035749435424805e-01 -9.804396629333496094e-01 -2.594564557075500488e-01 2.972294390201568604e-01 5.084451660513877869e-02 9.674971103668212891e-01 -8.676030635833740234e-01 9.602924585342407227e-01 -6.693127751350402832e-02 7.669359445571899414e-01 -4.598911106586456299e-01 -2.081309705972671509e-01 -4.102895855903625488e-01 -9.960543513298034668e-01 -1.332237422466278076e-01 -1.405984312295913696e-01 -6.597995758056640625e-02 -6.133608222007751465e-01 3.398692011833190918e-01 -1.397470105439424515e-02 -5.894475579261779785e-01 -8.337917178869247437e-02 9.989740252494812012e-01 8.009130954742431641e-01 2.433417290449142456e-01 -9.777620434761047363e-01 9.854644536972045898e-02 1.848981529474258423e-01 4.761220216751098633e-01 9.987504035234451294e-02 1.448088586330413818e-01 1.578807234764099121e-01 9.841759800910949707e-01 -4.769492149353027344e-01 -8.600684255361557007e-02 7.293008565902709961e-01 3.649440407752990723e-01 -9.734981060028076172e-01 1.909558475017547607e-01 -9.869744181632995605e-01 4.840069115161895752e-01 -8.995047211647033691e-01 -4.151614010334014893e-01 6.886728405952453613e-01 7.559898495674133301e-01 3.319668024778366089e-02 2.989899814128875732e-01 1.467692852020263672e-01 4.466337859630584717e-01 9.189986586570739746e-01 -2.581592462956905365e-02 -9.860026240348815918e-01 -5.027819871902465820e-01 3.640001416206359863e-01 -1.399914026260375977e-01 9.905489087104797363e-01 9.998506903648376465e-01 4.664573967456817627e-01 9.935357570648193359e-01 6.192715764045715332e-01 5.311686173081398010e-02 9.792116880416870117e-01 1.143090873956680298e-01 -4.418459534645080566e-01 2.000496834516525269e-01 2.604446709156036377e-01 -3.032364547252655029e-01 -2.873916923999786377e-01 2.386537492275238037e-01 9.996770024299621582e-01 6.293320655822753906e-02 -2.362077683210372925e-01 -6.626169085502624512e-01 -7.217485308647155762e-01 6.203281879425048828e-01 -3.193625509738922119e-01 6.844110041856765747e-02 -6.955697387456893921e-02 -1.930343359708786011e-01 -4.903518408536911011e-02 8.951279520988464355e-01 9.974153637886047363e-01 -9.963690042495727539e-01 -2.282904088497161865e-02 8.200786076486110687e-03 9.843685626983642578e-01 -8.981394767761230469e-02 -5.215674638748168945e-01 9.990199208259582520e-01 -5.471775531768798828e-01 -4.718885719776153564e-01 9.929332733154296875e-01 5.194775462150573730e-01 8.336482644081115723e-01 -3.912335634231567383e-01 -9.422475099563598633e-01 -9.510717391967773438e-01 3.179538547992706299e-01 9.986590147018432617e-01 9.993730187416076660e-01 -6.099918484687805176e-02 4.493028521537780762e-01 -6.188884750008583069e-02 -9.921151995658874512e-01 -9.981417059898376465e-01 -9.988071322441101074e-01 5.818582177162170410e-01 4.097175598144531250e-01 -2.239407002925872803e-01 6.665101051330566406e-01 -9.931837320327758789e-01 -3.068386316299438477e-01 9.643127322196960449e-01 -3.677507042884826660e-01 9.494888782501220703e-01 9.968328475952148438e-01 -8.972535729408264160e-01 6.265000104904174805e-01 9.660509228706359863e-01 -5.511860251426696777e-01 -7.562892138957977295e-02 1.655405163764953613e-01 9.989452958106994629e-01 -4.308447539806365967e-01 1.270001828670501709e-01 -1.641834974288940430e-01 -9.874572157859802246e-01 2.539946436882019043e-01 9.967445135116577148e-01 5.589711070060729980e-01 -8.055815100669860840e-02 4.560542106628417969e-01 3.368223905563354492e-01 1.165034063160419464e-02 9.971069097518920898e-01 -2.547994256019592285e-01 -9.900935292243957520e-01 2.108161300420761108e-01 -9.714033603668212891e-01 -1.404726058244705200e-01 -3.671593666076660156e-01 -9.376931786537170410e-01 -5.608981847763061523e-01 1.470882594585418701e-01 2.913583517074584961e-01 9.642806053161621094e-01 -1.724447906017303467e-01 4.617689847946166992e-01 8.856291770935058594e-01 8.919477462768554688e-02 2.409091889858245850e-01 2.379669398069381714e-01 -9.930282235145568848e-01 -8.431226760149002075e-02 4.820188283920288086e-01 9.763568043708801270e-01 2.029347419738769531e-01 -4.045833051204681396e-01 9.041706323623657227e-01 -7.107621431350708008e-01 -3.456344902515411377e-01 -1.382870525121688843e-01 9.984925985336303711e-01 1.651053577661514282e-01 4.986229836940765381e-01 1.744160652160644531e-01 8.711107820272445679e-02 7.694271206855773926e-01 -2.062795460224151611e-01 -5.148032903671264648e-01 -2.718753814697265625e-01 -6.096431985497474670e-02 2.453677654266357422e-01 2.958641946315765381e-02 -5.409500598907470703e-01 -9.585333466529846191e-01 5.766729712486267090e-01 -1.894568353891372681e-01 3.507896140217781067e-02 -1.403114646673202515e-01 -9.945048689842224121e-01 5.673002600669860840e-01 8.675251007080078125e-01 3.823593258857727051e-01 5.053138732910156250e-01 -5.817053318023681641e-01 8.130255341529846191e-01 -7.329249382019042969e-02 5.440029501914978027e-01 9.316030740737915039e-01 -9.895822405815124512e-01 -1.138438731431961060e-01 3.312448263168334961e-01 7.325907796621322632e-02 4.974022209644317627e-01 -2.485457211732864380e-01 3.042905032634735107e-01 -9.936090111732482910e-01 9.830161929130554199e-02 8.367662429809570312e-01 -8.077833801507949829e-02 7.819669842720031738e-01 -2.342204302549362183e-01 -6.814177036285400391e-01 -3.543796241283416748e-01 -5.241233110427856445e-01 9.328415393829345703e-01 -9.998955726623535156e-01 9.685572981834411621e-02 -3.230153024196624756e-01 -6.151527762413024902e-01 -4.929929077625274658e-01 -3.793689608573913574e-01 8.378803133964538574e-01 2.159934788942337036e-01 3.719314336776733398e-01 -9.341166615486145020e-01 -2.433167099952697754e-01 -2.637324631214141846e-01 9.965587258338928223e-01 -7.414085865020751953e-01 5.535868406295776367e-01 -1.434039622545242310e-01 -5.638806894421577454e-02 -9.510372877120971680e-01 4.608789384365081787e-01 9.218252301216125488e-01 -9.981760978698730469e-01 -1.945978254079818726e-01 -6.472876993939280510e-04 3.748559951782226562e-01 2.675986886024475098e-01 4.333350360393524170e-01 -8.563107252120971680e-01 9.211100637912750244e-02 -4.621168971061706543e-01 9.995252490043640137e-01 -1.671187728643417358e-01 3.157255947589874268e-01 5.065759420394897461e-01 -9.999366998672485352e-01 -2.267706096172332764e-01 1.303832381963729858e-01 -9.989649802446365356e-02 3.547382354736328125e-02 -5.270123109221458435e-02 -7.360283732414245605e-01 9.991572499275207520e-01 -9.986003041267395020e-01 -6.335589885711669922e-01 1.468889415264129639e-01 5.286043882369995117e-01 5.813446044921875000e-01 -1.124451607465744019e-01 -2.831945121288299561e-01 -1.563784033060073853e-01 -9.984328150749206543e-01 -9.741612076759338379e-01 2.250659316778182983e-01 -9.770822525024414062e-01 -9.182971119880676270e-01 -9.932739734649658203e-01 9.881959110498428345e-02 -4.821204245090484619e-01 -2.912501096725463867e-01 2.479410320520401001e-01 -2.511769533157348633e-01 3.796142935752868652e-01 4.475165307521820068e-01 -1.283756643533706665e-01 1.550225890241563320e-03 4.920341074466705322e-01 3.832567632198333740e-01 -1.339732557535171509e-01 7.686233520507812500e-01 9.216278195381164551e-01 2.832229733467102051e-01 -9.466398358345031738e-01 3.349480330944061279e-01 -2.061824202537536621e-01 9.996857643127441406e-01 8.168243765830993652e-01 5.486690402030944824e-01 -9.983615875244140625e-01 -3.244727104902267456e-02 5.676439404487609863e-01 -9.929394125938415527e-01 -3.107680380344390869e-01 6.280118972063064575e-02 4.673212468624114990e-01 -8.915168046951293945e-01 -6.745658516883850098e-01 3.110138475894927979e-01 -8.872897624969482422e-01 6.792214512825012207e-01 2.661540210247039795e-01 1.564242839813232422e-01 5.940157771110534668e-01 2.799438238143920898e-01 3.059877753257751465e-01 -9.383268952369689941e-01 4.446225464344024658e-01 -9.541957080364227295e-02 -2.240731418132781982e-01 6.492905318737030029e-02 2.625025510787963867e-01 -9.999853968620300293e-01 2.376578003168106079e-01 -6.600657701492309570e-01 -2.674265801906585693e-01 -3.136415183544158936e-01 -2.061783969402313232e-01 -2.790766768157482147e-02 -9.895234704017639160e-01 9.994876980781555176e-01 -9.932468533515930176e-01 2.577430605888366699e-01 -1.363798081874847412e-01 -6.194950267672538757e-02 5.559759736061096191e-01 -9.181562662124633789e-01 9.926319718360900879e-01 -6.725448369979858398e-01 1.542727947235107422e-01 -4.356642812490463257e-02 -4.656869918107986450e-02 -9.750980138778686523e-01
8.916037678718566895e-01 -4.137692153453826904e-01 -1.521093547344207764e-01 1.854827851057052612e-01 -1.306690573692321777e-01 7.589327692985534668e-01 9.833451509475708008e-01 -9.913493990898132324e-01 -2.735212147235870361e-01 -9.990538358688354492e-01 -1.126504987478256226e-01 -9.895694255828857422e-01 9.656581282615661621e-01 -9.796574711799621582e-01 -8.986772894859313965e-01 -3.070224821567535400e-01 1.683890819549560547e-01 5.180801153182983398e-01 -6.746519207954406738e-01 -2.268268465995788574e-01 5.310120582580566406e-01 1.971729844808578491e-01 6.707699298858642578e-01 -9.727118015289306641e-01 9.924989342689514160e-01 8.204476833343505859e-01 7.469768822193145752e-02 -3.724214434623718262e-01 2.133302986621856689e-01 9.988345503807067871e-01 9.894940257072448730e-01 8.207299560308456421e-02 4.354580044746398926e-01 1.942904144525527954e-01 -8.661760091781616211e-01 -6.078667044639587402e-01 -2.545376121997833252e-01 -4.038537740707397461e-01 9.844898581504821777e-01 -2.772981524467468262e-01 -2.196259945631027222e-01 -5.933138728141784668e-02 3.129710257053375244e-01 -9.958546161651611328e-01 -2.632025778293609619e-01 9.208099246025085449e-01 -9.901323914527893066e-01 -1.603200584650039673e-01 7.398523688316345215e-01 -4.076950252056121826e-01 9.848846197128295898e-01 -1.908550411462783813e-01 9.920588731765747070e-01 -2.251990735530853271e-01 4.095431566238403320e-01 3.675204217433929443e-01 -9.672014974057674408e-03 -4.853001534938812256e-01 -9.996028542518615723e-01 -5.624860525131225586e-01 -2.121488898992538452e-01 -1.480864137411117554e-01 9.775343537330627441e-01 1.757460683584213257e-01 -2.423038482666015625e-01 -9.796999096870422363e-01 6.446718573570251465e-01 8.952587842941284180e-01 -7.033271342515945435e-02 -2.480767667293548584e-01 7.867567539215087891e-01 9.986971020698547363e-01 -6.937329173088073730e-01 -5.721536278724670410e-01 -8.838521242141723633e-01 -4.154052734375000000e-01 2.928292751312255859e-01 4.607259333133697510e-01 5.738961100578308105e-01 1.201634183526039124e-01 -9.887390136718750000e-01 -3.526318967342376709e-01 9.898985028266906738e-01 -5.826779007911682129e-01 9.984714984893798828e-01 -5.434956401586532593e-02 -3.503639250993728638e-02 1.472583413124084473e-01 -5.455327630043029785e-01 3.588181734085083008e-01 -9.942821860313415527e-01 -1.358276903629302979e-01 3.453009724617004395e-01 -9.991052150726318359e-01 -8.327550888061523438e-01 -2.986212074756622314e-01 9.335787892341613770e-01 -1.010660156607627869e-01 -6.130513548851013184e-01 -1.481873989105224609e-01 -9.621350169181823730e-01 -7.455107569694519043e-01 -8.844618797302246094e-01 -2.364021390676498413e-01 4.773078858852386475e-02 7.574283331632614136e-02 9.764500856399536133e-01 4.859052002429962158e-01 -2.394323647022247314e-01 -3.222965598106384277e-01 9.952437877655029297e-02 7.040306925773620605e-01 -9.240324497222900391e-01 -9.983312487602233887e-01 -1.524709165096282959e-01 -6.622109562158584595e-02 -9.249305129051208496e-01 9.753486514091491699e-01 1.156699359416961670e-01 9.540546536445617676e-01 -8.512601256370544434e-01 -2.699807286262512207e-01 -9.453815221786499023e-01 9.972088336944580078e-01 -1.015750020742416382e-01 -4.231343790888786316e-02 4.659403562545776367e-01 -2.976750135421752930e-01 -2.559725940227508545e-01 -6.378315687179565430e-01 9.995989799499511719e-01 -3.217140957713127136e-02 2.098107933998107910e-01 8.799745887517929077e-02 4.243989586830139160e-01 -9.633412957191467285e-01 3.229352533817291260e-01 -9.974536299705505371e-01 7.621798515319824219e-01 2.628731429576873779e-01 9.999765157699584961e-01 2.465043663978576660e-01 1.112636998295783997e-01 7.963473200798034668e-01 -3.316606581211090088e-01 9.073594212532043457e-01 -9.146798253059387207e-01 9.910239577293395996e-01 9.450040459632873535e-01 -2.308247387409210205e-01 -3.571025431156158447e-01 7.508343458175659180e-02 8.680203557014465332e-01 -4.885342717170715332e-01 -2.529587447643280029e-01 -2.930324077606201172e-01 -9.965255260467529297e-01 9.345586299896240234e-01 -3.042097948491573334e-02 5.194045901298522949e-01 2.742966115474700928e-01 1.619174182415008545e-01 1.134197115898132324e-01 -5.121920108795166016e-01 9.999946951866149902e-01 -3.831479549407958984e-01 -4.917053580284118652e-01 -3.886513113975524902e-01 9.866602420806884766e-01 -5.711960792541503906e-01 2.123162746429443359e-01 -6.667394638061523438e-01 -9.955598711967468262e-01 -9.987918734550476074e-01 -5.525628849864006042e-02 -1.415462493896484375e-01 3.914490044116973877e-01 1.889890246093273163e-02 9.755457639694213867e-01 9.996156096458435059e-01 9.543414115905761719e-01 -2.908861339092254639e-01 9.877471923828125000e-01 -9.927533268928527832e-01 9.625930190086364746e-01 -9.746266007423400879e-01 -7.078284025192260742e-01 7.963523268699645996e-01 3.785691559314727783e-01 9.344438314437866211e-01 8.240159749984741211e-01 -8.176361918449401855e-01 -8.479199409484863281e-01 -5.052273720502853394e-02 9.085767269134521484e-01 1.521785371005535126e-02 -5.398652553558349609e-01 -9.986517429351806641e-01 -7.609656453132629395e-01 4.538322985172271729e-01 -6.252583861351013184e-02 -1.531257778406143188e-01 3.723510205745697021e-01 5.411810278892517090e-01 -3.583514094352722168e-01 -4.767235517501831055e-01 2.816123366355895996e-01 8.313366770744323730e-01 9.868852496147155762e-01 -3.902028203010559082e-01 6.831879615783691406e-01 -8.773956894874572754e-01 -2.890459001064300537e-01 6.643337011337280273e-01 9.977532625198364258e-01 -8.987170457839965820e-01 9.795586466789245605e-01 8.287336826324462891e-01 9.989363551139831543e-01 4.695385396480560303e-01 -9.565356969833374023e-01 -2.165977805852890015e-01 -1.905037313699722290e-01 3.870967924594879150e-01 -9.659478664398193359e-01 -8.980975151062011719e-01 -9.944446682929992676e-01 -1.418814808130264282e-01 -4.209876805543899536e-02 9.935108423233032227e-01 -5.197029709815979004e-01 3.050696551799774170e-01 1.121903732419013977e-01 5.213876962661743164e-01 9.613075256347656250e-01 5.609780550003051758e-01 7.473373413085937500e-01 -4.335538744926452637e-01 5.016157031059265137e-01 2.784539461135864258e-01 9.130090475082397461e-01 9.999759793281555176e-01 -9.340844750404357910e-01 6.866765618324279785e-01 9.989839792251586914e-01 2.188887149095535278e-01 8.775569796562194824e-01 4.207541421055793762e-02 -5.018427968025207520e-01 2.934084236621856689e-01 6.647536754608154297e-01 1.233546286821365356e-01 -3.226842880249023438e-01 2.059027254581451416e-01 9.986950755119323730e-01 -4.886632561683654785e-01 -1.366392076015472412e-01 -9.994476437568664551e-01 -1.298518329858779907e-01 8.388854861259460449e-01 -1.028414964675903320e-01 -9.947071671485900879e-01 3.670210540294647217e-01 -9.305225610733032227e-01 2.069193869829177856e-01 9.582623839378356934e-01 9.272215366363525391e-01 -6.034023165702819824e-01 2.332331845536828041e-03 -3.793695271015167236e-01 8.931401371955871582e-01 -4.862660542130470276e-02 -9.852924942970275879e-01 9.999380111694335938e-01 -4.853721857070922852e-01 -8.535128831863403320e-01 9.384118914604187012e-01 -1.191354589536786079e-03 9.064645767211914062e-01 7.354316711425781250e-01 -9.875066876411437988e-01 -9.608455300331115723e-01 9.896737933158874512e-01 9.670310020446777344e-01 7.352898120880126953e-01 -1.633793413639068604e-01 2.347628474235534668e-01 1.860948354005813599e-01 -9.991987347602844238e-01 -9.998605847358703613e-01 -7.484641671180725098e-01 5.694102048873901367e-01 3.933352828025817871e-01 -3.918763101100921631e-01 9.986515045166015625e-01 -9.881201386451721191e-01 6.856365501880645752e-02 9.868429303169250488e-01 -6.839708983898162842e-02 9.970209598541259766e-01 8.280244469642639160e-01 -9.946197271347045898e-01 -7.390419244766235352e-01 6.819996237754821777e-01 -5.517562031745910645e-01 2.374103516340255737e-01 5.324806272983551025e-02 9.990957379341125488e-01 -3.915507793426513672e-01 1.669288128614425659e-01 -3.756402134895324707e-01 -9.894120693206787109e-01 1.679371446371078491e-01 9.191110134124755859e-01 8.423779010772705078e-01 1.748723983764648438e-01 -2.918484807014465332e-01 4.703769087791442871e-01 3.943577408790588379e-01 9.989504218101501465e-01 2.380401194095611572e-01 4.214830696582794189e-02 -3.684141933917999268e-01 -8.435184955596923828e-01 -4.857246577739715576e-01 -3.666337132453918457e-01 -9.794580936431884766e-01 7.039718031883239746e-01 -9.988772869110107422e-01 8.917975425720214844e-01 9.907255768775939941e-01 2.641785703599452972e-02 6.554146111011505127e-02 -9.081143736839294434e-01 -1.483589112758636475e-01 4.159217774868011475e-01 -2.399357780814170837e-02 -7.011360526084899902e-01 -9.967569112777709961e-01 2.582381069660186768e-01 9.998270869255065918e-01 -2.146246582269668579e-01 -4.399942159652709961e-01 9.722689390182495117e-01 -9.503951072692871094e-01 -3.237618803977966309e-01 9.742122888565063477e-01 9.997831583023071289e-01 1.984172463417053223e-01 2.489693611860275269e-01 5.610190033912658691e-01 1.020390726625919342e-02 -3.362726867198944092e-01 -2.689957618713378906e-01 9.990022182464599609e-01 1.813290715217590332e-01 7.233545780181884766e-01 1.114905923604965210e-01 -4.140608310699462891e-01 5.525510311126708984e-01 -9.674302935600280762e-01 -9.985095858573913574e-01 -2.157827615737915039e-01 -2.759669423103332520e-01 2.273377329111099243e-01 -7.454521059989929199e-01 -9.987366795539855957e-01 4.392081797122955322e-01 3.400657773017883301e-01 4.554262459278106689e-01 -2.439683973789215088e-01 9.944779872894287109e-01 -6.819452047348022461e-01 2.687194347381591797e-01 -7.881311178207397461e-01 -9.985802173614501953e-01 3.623217716813087463e-02 4.347434639930725098e-01 -1.920438408851623535e-01 -1.243875995278358459e-01 2.200705409049987793e-01 1.842607706785202026e-01 -6.570777297019958496e-01 1.474938690662384033e-01 9.995873570442199707e-01 -4.155892729759216309e-01 5.845018625259399414e-01 -2.299159318208694458e-01 9.815164208412170410e-01 -5.503166913986206055e-01 -3.658074438571929932e-01 5.179833993315696716e-02 -9.998725056648254395e-01 -9.958200156688690186e-02 3.624984296038746834e-03 -1.747768521308898926e-01 8.794107288122177124e-02 -7.188543081283569336e-01 9.693777561187744141e-01 1.063675433397293091e-01 4.551210403442382812e-01 8.783986568450927734e-01 9.796870350837707520e-01 -5.598288774490356445e-01 7.932454943656921387e-01 -9.945076704025268555e-01 -9.980465173721313477e-01 -1.514553129673004150e-01 4.237345755100250244e-01 -9.826681017875671387e-01 3.670161664485931396e-01 9.963616132736206055e-01 -5.912463068962097168e-01 -5.955279245972633362e-02 1.559480428695678711e-01 2.671692967414855957e-01 2.146956622600555420e-01 6.672907471656799316e-01 3.050726354122161865e-01 -9.056713581085205078e-01 -4.772504270076751709e-01 -2.949669361114501953e-01 3.759634196758270264e-01 9.766080379486083984e-01 5.498229861259460449e-01 -8.217497467994689941e-01 -2.669990360736846924e-01 5.043232440948486328e-01 2.120000123977661133e-01 -2.669986486434936523e-01 5.701479315757751465e-01 -9.997135400772094727e-01 6.200739741325378418e-01 -9.998368024826049805e-01 -7.263199687004089355e-01 6.433438658714294434e-01 -8.535368442535400391e-01 -9.724636077880859375e-01 -1.456485241651535034e-01 -4.459775090217590332e-01 1.031913235783576965e-02 -9.950761795043945312e-01 -9.217379689216613770e-01 -3.490895405411720276e-02 -9.411407113075256348e-01 -8.157817721366882324e-01 -9.791953563690185547e-01 5.466262102127075195e-01 -8.538845926523208618e-02 3.047290146350860596e-01 7.290346622467041016e-01 1.220451444387435913e-01 1.812222301959991455e-01 9.771832227706909180e-01 6.128361821174621582e-01 9.973567128181457520e-01 5.222846269607543945e-01 3.613589797168970108e-03 4.901679158210754395e-01 9.696779251098632812e-01 2.179743647575378418e-01 4.457744359970092773e-01 -9.899249672889709473e-01 5.956019833683967590e-02 9.988255500793457031e-01 9.983970522880554199e-01 9.886921048164367676e-01 9.993665814399719238e-01 -9.939865469932556152e-01 -7.032167911529541016e-02 4.172462821006774902e-01 8.530562520027160645e-01 9.584122300148010254e-01 1.879536360502243042e-01 -8.126116544008255005e-02 -9.995160698890686035e-01 -9.773657321929931641e-01 2.801785469055175781e-01 -9.436273574829101562e-01 9.992266893386840820e-01 7.775741070508956909e-02 1.230085119605064392e-01 -1.456072647124528885e-02 3.640919625759124756e-01 -3.043123483657836914e-01 -9.741528034210205078e-01 -9.954161643981933594e-01 -6.339528560638427734e-01 3.544240891933441162e-01 -1.479953676462173462e-01 -2.005831897258758545e-01 -9.999800324440002441e-01 -8.051195740699768066e-01 -3.391285538673400879e-01 5.437008738517761230e-01 -9.437476843595504761e-02 2.093732208013534546e-01 2.067149430513381958e-01 3.614665567874908447e-01 9.837401509284973145e-01 -7.831995487213134766e-01 2.180497646331787109e-01 3.549916148185729980e-01 -3.400578498840332031e-01 1.966521590948104858e-01 -5.615333318710327148e-01 -7.619095444679260254e-01 9.500797390937805176e-01 2.688053548336029053e-01 -2.573853358626365662e-02 -2.983923852443695068e-01 -8.247257024049758911e-02
5.436590313911437988e-01 1.905891299247741699e-01 -8.356367796659469604e-02 2.758408188819885254e-01 -3.929931297898292542e-02 9.045037627220153809e-01 9.707450270652770996e-01 -9.925910830497741699e-01 -1.691031455993652344e-01 -9.985751509666442871e-01 1.183615773916244507e-01 -9.841713309288024902e-01 9.793809652328491211e-01 -9.943414926528930664e-01 -9.275313019752502441e-01 -1.062947213649749756e-01 7.413256913423538208e-02 2.716732323169708252e-01 -5.710947513580322266e-01 -2.329097837209701538e-01 5.311938524246215820e-01 1.831066608428955078e-01 -4.831687361001968384e-02 -8.247383832931518555e-01 9.978973865509033203e-01 9.019014239311218262e-01 1.950074285268783569e-01 -1.842821240425109863e-01 8.350035548210144043e-02 9.951378107070922852e-01 9.826665520668029785e-01 2.422817796468734741e-01 5.422183275222778320e-01 1.238711178302764893e-01 -9.615488052368164062e-01 -3.349204361438751221e-01 -4.992921948432922363e-01 -3.997348546981811523e-01 9.415700435638427734e-01 -6.458940356969833374e-02 9.065224975347518921e-02 -6.442814320325851440e-02 2.341905534267425537e-01 -9.818203449249267578e-01 -9.535906463861465454e-02 9.088980555534362793e-01 -9.848982095718383789e-01 8.714193850755691528e-02 7.384320497512817383e-01 -2.470779269933700562e-01 9.924217462539672852e-01 -7.564616203308105469e-02 9.731382131576538086e-01 -1.624525487422943115e-01 4.685302674770355225e-01 -3.768646717071533203e-02 -2.143096923828125000e-01 -3.104609847068786621e-01 -9.991856813430786133e-01 -9.053982496261596680e-01 -3.291771411895751953e-01 -1.344532966613769531e-01 9.899467229843139648e-01 8.896735310554504395e-02 -2.326966226100921631e-01 -9.865139126777648926e-01 8.487969636917114258e-01 8.671375513076782227e-01 -3.929769620299339294e-02 -8.694803714752197266e-01 9.221477508544921875e-01 9.982472062110900879e-01 -7.790338397026062012e-01 -7.506076097488403320e-01 -9.520191550254821777e-01 -4.890746772289276123e-01 7.967001199722290039e-02 4.678892493247985840e-01 3.149531185626983643e-01 7.887820713222026825e-03 -9.864771366119384766e-01 -8.960957825183868408e-02 9.980210661888122559e-01 -5.660336613655090332e-01 9.960913062095642090e-01 -3.852615058422088623e-01 6.930796056985855103e-02 2.492589801549911499e-01 -5.829258561134338379e-01 2.284137308597564697e-01 -9.924777746200561523e-01 -2.227379530668258667e-01 2.346054315567016602e-01 -9.988605976104736328e-01 -8.879750967025756836e-01 -7.948121428489685059e-01 9.621893763542175293e-01 8.257177658379077911e-03 -9.220872521400451660e-01 -7.751963287591934204e-02 -9.065458774566650391e-01 -8.652434945106506348e-01 -9.202998280525207520e-01 -7.773004472255706787e-02 4.033595696091651917e-02 3.758708834648132324e-01 9.605740308761596680e-01 3.183924853801727295e-01 -2.549452483654022217e-01 8.324632793664932251e-02 1.303731948137283325e-01 8.135343790054321289e-01 -5.012503862380981445e-01 -9.968130588531494141e-01 -1.443327218294143677e-01 -1.552379429340362549e-01 -9.309702515602111816e-01 9.236854910850524902e-01 -2.239951305091381073e-02 9.922475814819335938e-01 -8.668373823165893555e-01 -4.693141579627990723e-02 -9.470739364624023438e-01 9.985711574554443359e-01 -1.467074304819107056e-01 -1.467096805572509766e-01 6.386228203773498535e-01 -3.782160580158233643e-01 -1.359598934650421143e-01 -2.453415393829345703e-01 9.995992779731750488e-01 5.980317592620849609e-01 5.440307259559631348e-01 1.846655905246734619e-01 4.563091695308685303e-01 -9.856777191162109375e-01 6.765477657318115234e-01 -9.976844787597656250e-01 8.057417273521423340e-01 2.416797578334808350e-01 9.999917149543762207e-01 3.350124359130859375e-01 2.083095163106918335e-01 7.852425575256347656e-01 -4.794056415557861328e-01 9.035011529922485352e-01 -7.058389186859130859e-01 9.950521588325500488e-01 7.239904403686523438e-01 -1.957446932792663574e-01 -3.505890369415283203e-01 2.325118184089660645e-01 8.109626173973083496e-01 -3.636137545108795166e-01 -1.935267299413681030e-01 -1.546701490879058838e-01 -9.901660680770874023e-01 9.458767771720886230e-01 -1.791519671678543091e-01 3.489000797271728516e-01 9.043638408184051514e-02 3.347732871770858765e-02 -5.498582497239112854e-02 -4.853948056697845459e-01 9.999899268150329590e-01 -2.525287568569183350e-01 -4.504994451999664307e-01 -4.778132140636444092e-01 9.921932220458984375e-01 2.827819585800170898e-01 1.823481917381286621e-02 -6.946772933006286621e-01 -9.935075640678405762e-01 -9.952806234359741211e-01 -9.247470647096633911e-03 7.744373381137847900e-02 4.212611615657806396e-01 1.800213307142257690e-01 9.915236234664916992e-01 9.993353486061096191e-01 9.256002902984619141e-01 -1.319694817066192627e-01 9.927801489830017090e-01 -9.716031551361083984e-01 9.747739434242248535e-01 -9.931903481483459473e-01 -6.366159915924072266e-01 6.495500206947326660e-01 1.914990991353988647e-01 9.329104423522949219e-01 6.441594958305358887e-01 -9.350487589836120605e-01 -9.813283085823059082e-01 1.735368072986602783e-01 9.146733880043029785e-01 1.206810027360916138e-01 -6.516023874282836914e-01 -9.972935318946838379e-01 -7.353419065475463867e-01 4.038834273815155029e-01 4.587800800800323486e-02 -1.372025907039642334e-01 3.320733606815338135e-01 3.144590258598327637e-01 -2.303287684917449951e-01 8.757042884826660156e-02 1.308100670576095581e-01 8.397299051284790039e-01 9.581606984138488770e-01 -3.291215300559997559e-01 2.378328293561935425e-01 -7.639622092247009277e-01 -3.309788405895233154e-01 5.751923918724060059e-01 9.960302114486694336e-01 -9.763573408126831055e-01 9.798547029495239258e-01 9.929632544517517090e-01 9.954288601875305176e-01 4.212905764579772949e-01 -9.218080639839172363e-01 -3.382475813850760460e-03 -5.199044942855834961e-01 2.646890878677368164e-01 -6.635020375251770020e-01 -9.487792253494262695e-01 -9.899376034736633301e-01 -2.076949477195739746e-01 4.263571202754974365e-01 9.911264181137084961e-01 -2.817839980125427246e-01 2.882962524890899658e-01 8.829905092716217041e-02 6.312171220779418945e-01 9.645652174949645996e-01 5.603778362274169922e-01 3.584773838520050049e-01 -2.625827193260192871e-01 5.086963176727294922e-01 2.551466226577758789e-01 9.697955250740051270e-01 9.999912977218627930e-01 -8.614817857742309570e-01 7.524405717849731445e-01 9.946685433387756348e-01 6.856013089418411255e-02 8.976744413375854492e-01 7.512196153402328491e-02 -1.762409210205078125e-01 1.766892075538635254e-01 5.691603422164916992e-01 2.964134514331817627e-01 -3.609341382980346680e-01 1.695171445608139038e-01 9.986206293106079102e-01 -6.170635297894477844e-02 -1.296968758106231689e-01 -9.995304346084594727e-01 1.211603581905364990e-01 8.130575418472290039e-01 -1.942425034940242767e-02 -9.903087019920349121e-01 2.948740124702453613e-01 -9.448029398918151855e-01 3.938082605600357056e-02 9.889273643493652344e-01 9.687451720237731934e-01 -5.212812423706054688e-01 1.357393264770507812e-01 -3.548569977283477783e-01 9.497486352920532227e-01 -1.071513369679450989e-01 -9.902173280715942383e-01 9.999537467956542969e-01 -4.051930010318756104e-01 -9.381340146064758301e-01 9.870589375495910645e-01 1.692201197147369385e-02 8.947163820266723633e-01 6.927366256713867188e-01 -9.923154711723327637e-01 -9.846039414405822754e-01 9.501248598098754883e-01 9.795725941658020020e-01 8.197895288467407227e-01 1.785975322127342224e-02 -2.846984378993511200e-02 1.932302415370941162e-01 -9.991728663444519043e-01 -9.998093247413635254e-01 -5.913215279579162598e-01 5.334745049476623535e-01 1.943448483943939209e-01 2.545658499002456665e-04 9.981704354286193848e-01 -9.812555909156799316e-01 -9.757974743843078613e-02 9.756372570991516113e-01 1.724180430173873901e-01 9.967467188835144043e-01 9.522621035575866699e-01 -9.087150692939758301e-01 -7.370790243148803711e-01 8.137696385383605957e-01 -3.830419778823852539e-01 3.119120374321937561e-02 2.103129029273986816e-01 9.994932413101196289e-01 -2.377806752920150757e-01 2.808424830436706543e-01 -4.614164680242538452e-02 -9.812011718750000000e-01 8.745202422142028809e-02 9.146495461463928223e-01 9.244501590728759766e-01 6.946325302124023438e-02 -9.385845810174942017e-02 1.687003225088119507e-01 1.355056017637252808e-01 9.996787309646606445e-01 2.198005914688110352e-01 3.916975259780883789e-01 -3.163849115371704102e-01 -2.903093993663787842e-01 -4.157612621784210205e-01 -3.073544800281524658e-01 -9.763362407684326172e-01 6.093508005142211914e-01 -9.962732791900634766e-01 7.715120911598205566e-01 9.962058663368225098e-01 1.428254544734954834e-01 1.164172217249870300e-01 -8.789014220237731934e-01 1.796165257692337036e-01 3.322803080081939697e-01 -1.475312709808349609e-01 -7.274162769317626953e-01 -9.917736649513244629e-01 3.631056547164916992e-01 9.998757839202880859e-01 1.274150460958480835e-01 -4.642950296401977539e-01 9.525306224822998047e-01 -9.187626838684082031e-01 -5.907308459281921387e-01 9.700999855995178223e-01 9.999344348907470703e-01 1.910710930824279785e-01 3.328895568847656250e-01 4.364606142044067383e-01 -6.457219272851943970e-02 8.743456006050109863e-02 -6.529341451823711395e-03 9.953709244728088379e-01 8.642862737178802490e-02 5.910486578941345215e-01 1.641311943531036377e-01 -3.544062674045562744e-01 3.591257929801940918e-01 -9.821596741676330566e-01 -9.938371777534484863e-01 -2.300316542387008667e-01 -8.452488481998443604e-02 1.262166947126388550e-01 -9.545297026634216309e-01 -9.943989515304565430e-01 2.045487314462661743e-01 2.705754041671752930e-01 4.244022369384765625e-01 4.552809055894613266e-03 9.904280304908752441e-01 -6.328011751174926758e-01 2.726383507251739502e-01 -6.906516551971435547e-01 -9.954323172569274902e-01 7.408520672470331192e-03 3.609339892864227295e-01 -3.187879920005798340e-01 -2.009438723325729370e-01 3.550911843776702881e-01 8.375216275453567505e-02 -5.126020908355712891e-01 2.058639563620090485e-02 9.993317723274230957e-01 -6.069260835647583008e-01 5.010048151016235352e-01 -2.039550393819808960e-01 9.855005741119384766e-01 -5.126904249191284180e-01 -3.784755170345306396e-01 2.875523269176483154e-01 -9.998871684074401855e-01 -1.419225037097930908e-01 -2.319679409265518188e-01 -5.506799370050430298e-02 -3.325920924544334412e-02 -5.789998769760131836e-01 9.858283996582031250e-01 3.711175546050071716e-02 1.173329427838325500e-01 6.063594818115234375e-01 9.467726945877075195e-01 -5.232529044151306152e-01 9.635313749313354492e-01 -9.833632111549377441e-01 -9.934095740318298340e-01 -1.782875657081604004e-01 1.889747679233551025e-01 -9.988952279090881348e-01 1.064680069684982300e-01 9.905067086219787598e-01 -8.746065497398376465e-01 -5.185967311263084412e-03 2.706123292446136475e-01 1.447133570909500122e-01 1.987246572971343994e-01 1.461481750011444092e-01 -6.591042131185531616e-02 -9.325916767120361328e-01 -3.492600321769714355e-01 -2.141238451004028320e-01 2.269425541162490845e-01 9.919827580451965332e-01 4.841721653938293457e-01 -9.056611061096191406e-01 -4.095010459423065186e-02 4.957453608512878418e-01 1.650721728801727295e-01 -3.326771557331085205e-01 5.138019919395446777e-01 -9.982881546020507812e-01 8.673260211944580078e-01 -9.997364282608032227e-01 -6.604841351509094238e-01 5.628153681755065918e-01 -8.200534582138061523e-01 -9.350401163101196289e-01 -2.228882759809494019e-01 -4.024129807949066162e-01 -1.804216415621340275e-03 -9.930461049079895020e-01 -9.418548941612243652e-01 1.238996163010597229e-01 -9.199817180633544922e-01 -8.380461335182189941e-01 -9.967950582504272461e-01 4.664757847785949707e-01 -3.853430226445198059e-02 5.155109241604804993e-02 6.815721392631530762e-01 1.963983625173568726e-01 4.750332981348037720e-02 9.689821004867553711e-01 5.467419028282165527e-01 9.961972236633300781e-01 3.566288053989410400e-01 1.647249460220336914e-01 1.572660654783248901e-01 9.385817050933837891e-01 4.154448807239532471e-01 3.523268401622772217e-01 -9.824000000953674316e-01 7.083718478679656982e-02 9.963552951812744141e-01 9.975515007972717285e-01 9.738913774490356445e-01 9.984220862388610840e-01 -9.970024824142456055e-01 -1.931788027286529541e-01 6.004830598831176758e-01 7.920174002647399902e-01 9.522089362144470215e-01 6.730039417743682861e-02 -7.920139469206333160e-03 -9.984721541404724121e-01 -9.814972877502441406e-01 4.479581415653228760e-01 -9.653587937355041504e-01 9.987968802452087402e-01 -2.012160718441009521e-01 1.989375054836273193e-01 -3.495929017663002014e-02 1.806748807430267334e-01 -1.031590551137924194e-01 -8.904414772987365723e-01 -9.961037635803222656e-01 -5.224342942237854004e-01 3.147503435611724854e-01 -4.931971058249473572e-02 -2.086946070194244385e-01 -9.999966025352478027e-01 -7.331585884094238281e-01 -7.990881204605102539e-01 3.521231412887573242e-01 3.143349662423133850e-02 -1.569148600101470947e-01 1.410405188798904419e-01 3.830138221383094788e-02 9.953052401542663574e-01 -7.871807813644409180e-01 2.497560679912567139e-01 6.649144291877746582e-01 -3.827827572822570801e-01 1.466000229120254517e-01 -1.402969062328338623e-01 1.567666828632354736e-01 9.170365333557128906e-01 -7.714148610830307007e-02 1.358786821365356445e-01 -2.041920870542526245e-01 -3.700329363346099854e-01
-8.064627051353454590e-01 9.810121655464172363e-01 -1.093197464942932129e-01 3.801264166831970215e-01 1.905604302883148193e-01 -9.941700696945190430e-01 9.951328635215759277e-01 -9.989575743675231934e-01 -4.564357921481132507e-03 -9.922336339950561523e-01 1.613425314426422119e-01 2.354325652122497559e-01 -8.727545738220214844e-01 -8.574479818344116211e-01 -4.241156280040740967e-01 1.156888678669929504e-01 1.500886976718902588e-01 1.528461463749408722e-02 -4.349111914634704590e-01 -1.626374125480651855e-01 4.031362533569335938e-01 8.498939871788024902e-02 1.018986105918884277e-01 7.479180693626403809e-01 9.908029437065124512e-01 9.372438192367553711e-01 -3.353540599346160889e-01 -1.912790834903717041e-01 2.045641243457794189e-01 2.594937011599540710e-02 8.664261698722839355e-01 -7.691422849893569946e-02 1.716982722282409668e-01 4.043601453304290771e-01 6.439121961593627930e-01 -2.514623105525970459e-01 -3.579010963439941406e-01 -1.251193135976791382e-01 -9.132593274116516113e-01 -2.426166087388992310e-01 4.444837570190429688e-01 -2.519061602652072906e-02 4.761963188648223877e-01 -8.883296251296997070e-01 -1.600595563650131226e-01 5.975393056869506836e-01 3.049310743808746338e-01 -1.623519510030746460e-01 9.937763214111328125e-01 -1.401993483304977417e-01 8.016231656074523926e-01 -7.296837121248245239e-02 9.619343280792236328e-01 2.747631072998046875e-01 -9.487277269363403320e-01 -4.953487962484359741e-02 -3.421284556388854980e-01 -2.100141942501068115e-01 -9.998673200607299805e-01 -9.781173467636108398e-01 -4.486810266971588135e-01 4.188784062862396240e-01 8.501232266426086426e-01 1.100973784923553467e-01 -1.717989295721054077e-01 -9.988911747932434082e-01 6.764308214187622070e-01 -2.885935604572296143e-01 2.186196595430374146e-01 5.891990065574645996e-01 9.717056751251220703e-01 9.973967671394348145e-01 -8.061079382896423340e-01 -9.277806878089904785e-01 -9.960822463035583496e-01 -3.575578629970550537e-01 2.339610457420349121e-01 -8.409098386764526367e-01 -2.024613693356513977e-02 -8.309084922075271606e-02 -8.412390947341918945e-01 -2.200359292328357697e-02 8.660475611686706543e-01 3.999676406383514404e-01 4.111448824405670166e-01 -6.308910250663757324e-01 2.732772231101989746e-01 -1.794634014368057251e-01 -2.157681137323379517e-01 -5.892823264002799988e-02 -6.445383429527282715e-01 -9.774193167686462402e-02 2.140480726957321167e-01 -9.237458705902099609e-01 -9.944164752960205078e-01 -6.737180948257446289e-01 9.970316290855407715e-01 2.314027696847915649e-01 -9.874354004859924316e-01 1.189521327614784241e-01 -9.997035264968872070e-01 -9.901710748672485352e-01 -9.957090616226196289e-01 3.895471990108489990e-01 -1.717964559793472290e-02 -1.151483654975891113e-01 9.702537655830383301e-01 5.756361484527587891e-01 -5.388345122337341309e-01 9.539066553115844727e-01 -1.615281105041503906e-01 2.773783802986145020e-01 6.213952898979187012e-01 -7.037923336029052734e-01 -6.541738659143447876e-02 2.142997235059738159e-01 -9.590287208557128906e-01 -2.931396365165710449e-01 -3.545627892017364502e-01 9.707645773887634277e-01 4.622500538825988770e-01 -1.415202300995588303e-02 -9.621273875236511230e-01 9.887363314628601074e-01 -1.005973890423774719e-01 -4.493020474910736084e-01 -4.506470263004302979e-01 -2.475773543119430542e-02 -2.456743866205215454e-01 -1.110799834132194519e-01 3.766649067401885986e-01 9.815808534622192383e-01 9.426066875457763672e-01 3.887588679790496826e-01 1.476797014474868774e-01 -8.737930655479431152e-01 9.982107281684875488e-01 -9.561353921890258789e-01 -5.668665170669555664e-01 1.507815718650817871e-01 9.994990825653076172e-01 -1.425969153642654419e-01 -2.726992964744567871e-01 9.890168309211730957e-01 -4.784125983715057373e-01 -7.011793255805969238e-01 -9.745538234710693359e-01 6.701080203056335449e-01 -3.443018496036529541e-01 -2.278224080801010132e-01 8.710522204637527466e-02 -3.940198719501495361e-01 9.393010735511779785e-01 -1.117453426122665405e-01 6.507913023233413696e-02 1.213035434484481812e-01 -2.157340496778488159e-01 4.665881693363189697e-01 6.862241774797439575e-02 1.340685933828353882e-01 2.759197652339935303e-01 -1.456952095031738281e-01 -1.415376514196395874e-01 -4.841958582401275635e-01 9.972140192985534668e-01 -2.807132899761199951e-01 -1.167091578245162964e-01 -6.190606951713562012e-01 9.982655048370361328e-01 9.916981458663940430e-01 2.390217781066894531e-01 -7.131569385528564453e-01 5.558807849884033203e-01 -1.074340492486953735e-01 -1.630249619483947754e-01 5.274630337953567505e-02 7.653585076332092285e-01 -1.295131295919418335e-01 9.980251789093017578e-01 9.904711246490478516e-01 8.775345087051391602e-01 2.368393242359161377e-01 9.974198341369628906e-01 -7.378391027450561523e-01 9.965322017669677734e-01 -9.992003440856933594e-01 -8.967375159263610840e-01 -8.753846883773803711e-01 4.484133422374725342e-01 4.173180758953094482e-01 9.540487527847290039e-01 -9.781727790832519531e-01 -9.120272397994995117e-01 -2.664142251014709473e-01 9.497749209403991699e-01 2.611742317676544189e-01 -9.689616560935974121e-01 -5.420107841491699219e-01 -9.515621066093444824e-01 -1.188026275485754013e-02 -1.202530935406684875e-01 -7.212490439414978027e-01 -8.810737729072570801e-01 -1.991934627294540405e-01 1.862608194351196289e-01 9.359657168388366699e-01 3.566076233983039856e-02 9.461049437522888184e-01 1.286010071635246277e-02 -1.615091562271118164e-01 -8.508955836296081543e-01 9.065740704536437988e-01 4.815193265676498413e-02 2.033710330724716187e-01 7.822384834289550781e-01 -9.784332513809204102e-01 1.763138771057128906e-01 5.648800730705261230e-01 1.276768893003463745e-01 -1.639229618012905121e-02 -9.480389356613159180e-01 6.028452888131141663e-02 -8.519914150238037109e-01 4.949360191822052002e-01 -8.501694798469543457e-01 8.081492185592651367e-01 -8.611407279968261719e-01 -1.681104451417922974e-01 -9.398130178451538086e-01 9.980174303054809570e-01 4.112701714038848877e-01 3.860521018505096436e-01 -2.352639734745025635e-01 4.601147174835205078e-01 9.387763738632202148e-01 4.256778955459594727e-01 -9.922906756401062012e-01 3.826313093304634094e-02 2.155418545007705688e-01 3.656885921955108643e-01 1.393094658851623535e-01 9.999943971633911133e-01 7.827435135841369629e-01 9.673784971237182617e-01 7.478414177894592285e-01 -1.428260188549757004e-02 4.572174251079559326e-01 -2.154523879289627075e-02 5.638679265975952148e-01 -2.372345328330993652e-01 4.005496799945831299e-01 8.036118745803833008e-02 -2.977946996688842773e-01 -2.923850119113922119e-01 9.995661973953247070e-01 -3.891780674457550049e-01 -2.360198460519313812e-02 -9.980795383453369141e-01 -9.070296883583068848e-01 9.801090955734252930e-01 -3.631764650344848633e-02 7.128124237060546875e-01 4.075973033905029297e-01 -9.701215028762817383e-01 6.548199802637100220e-02 9.714701175689697266e-01 9.485548734664916992e-01 6.519178748130798340e-01 4.336713552474975586e-01 -3.460867106914520264e-01 9.995483756065368652e-01 6.697152741253376007e-03 -9.924079775810241699e-01 9.963544011116027832e-01 -2.584048211574554443e-01 -8.030790835618972778e-02 7.505463361740112305e-01 -4.397937096655368805e-03 6.025888323783874512e-01 2.834992706775665283e-01 -9.897964596748352051e-01 -9.249554276466369629e-01 8.781555294990539551e-01 9.996553063392639160e-01 9.992215037345886230e-01 -1.067121624946594238e-01 4.020633995532989502e-01 8.533498644828796387e-02 -9.931744337081909180e-01 -9.725388884544372559e-01 -7.148261070251464844e-01 3.059413731098175049e-01 1.973069310188293457e-01 5.415004491806030273e-01 9.245038628578186035e-01 2.178327739238739014e-01 2.851811051368713379e-01 1.470342129468917847e-01 2.507588453590869904e-02 9.937408566474914551e-01 9.987815618515014648e-01 -9.976358413696289062e-01 5.892180800437927246e-01 9.764754772186279297e-01 -1.723124682903289795e-01 5.358118414878845215e-01 1.364835053682327271e-01 5.410536527633666992e-01 4.966304600238800049e-01 1.989160031080245972e-01 -1.651579737663269043e-01 -9.398830533027648926e-01 1.263143271207809448e-01 9.439420700073242188e-01 9.721898436546325684e-01 -2.483613342046737671e-01 3.074866160750389099e-02 -1.298356950283050537e-01 -1.008155792951583862e-01 9.982903599739074707e-01 2.974652945995330811e-01 1.401152461767196655e-01 -3.852718472480773926e-01 5.025908350944519043e-01 -1.872939169406890869e-01 -1.919106692075729370e-01 -8.960557579994201660e-01 -4.909457266330718994e-01 -1.616440862417221069e-01 2.215244919061660767e-01 9.778823852539062500e-01 3.024446964263916016e-01 4.494712129235267639e-02 -1.401224881410598755e-01 1.630356609821319580e-01 4.132600426673889160e-01 -1.390565186738967896e-01 9.700626730918884277e-01 -8.227006196975708008e-01 2.625475525856018066e-01 9.837033748626708984e-01 -3.190219700336456299e-01 -1.048625260591506958e-01 7.545425891876220703e-01 -9.926213622093200684e-01 2.686399817466735840e-01 1.286336332559585571e-01 9.996412396430969238e-01 1.009463295340538025e-01 8.049679398536682129e-01 4.931173324584960938e-01 2.576184570789337158e-01 6.735696792602539062e-01 -2.117915451526641846e-02 8.677119016647338867e-02 -2.299413532018661499e-01 -6.736032366752624512e-01 -1.888663768768310547e-01 -3.811855912208557129e-01 2.428328841924667358e-01 -9.966566562652587891e-01 6.078401952981948853e-02 -4.227778315544128418e-02 -2.351372838020324707e-01 -1.742661148309707642e-01 -9.618473052978515625e-01 -1.161294877529144287e-01 7.094362378120422363e-01 1.200511753559112549e-01 1.646963357925415039e-01 2.411785125732421875e-01 9.832619428634643555e-01 -5.854830145835876465e-01 1.277312338352203369e-01 2.757729291915893555e-01 -8.746337294578552246e-01 4.583840668201446533e-01 2.877740561962127686e-01 1.230221688747406006e-01 -1.550025343894958496e-01 -8.731734156608581543e-01 -7.674485445022583008e-02 -5.921264290809631348e-01 -8.264173753559589386e-03 9.053329229354858398e-01 -6.592612862586975098e-01 2.141153812408447266e-01 1.000909134745597839e-02 9.415849447250366211e-01 -1.927680075168609619e-01 -4.094849228858947754e-01 2.669433355331420898e-01 -9.992469549179077148e-01 -5.251230597496032715e-01 -3.760285302996635437e-02 -3.867432773113250732e-01 -5.700589343905448914e-02 -2.963022887706756592e-01 9.946636557579040527e-01 3.077991902828216553e-01 7.039376348257064819e-02 -5.492473244667053223e-01 -3.489058092236518860e-02 -3.297890126705169678e-01 9.937412738800048828e-01 -8.704183697700500488e-01 -1.250261366367340088e-01 -2.954841852188110352e-01 1.446925569325685501e-02 -9.915724396705627441e-01 8.553225994110107422e-01 9.675591588020324707e-01 -9.887634515762329102e-01 -8.150831609964370728e-02 -9.195489883422851562e-01 3.314669430255889893e-01 -1.072106584906578064e-01 -9.129332900047302246e-01 -9.102645516395568848e-01 -3.825368285179138184e-01 -2.257888764142990112e-01 9.871508479118347168e-01 -7.390685379505157471e-02 9.842786192893981934e-01 3.094969689846038818e-02 -5.288278460502624512e-01 -7.695404440164566040e-02 5.152482390403747559e-01 -4.951472580432891846e-02 -3.907062709331512451e-01 3.405395746231079102e-01 -8.284127116203308105e-01 4.755909442901611328e-01 -9.748841524124145508e-01 -9.881194829940795898e-01 -2.152353525161743164e-01 -8.600397109985351562e-01 5.505345463752746582e-01 -9.053866378962993622e-03 2.985546290874481201e-01 -1.030517369508743286e-02 -4.977952539920806885e-01 -8.868993520736694336e-01 4.850463569164276123e-01 -9.689990878105163574e-01 5.863224864006042480e-01 -9.672022461891174316e-01 8.351901173591613770e-02 -3.704377710819244385e-01 -2.610193490982055664e-01 1.768887937068939209e-01 1.558488309383392334e-01 1.685289740562438965e-01 8.681764006614685059e-01 1.784764677286148071e-01 9.780996441841125488e-01 5.631823539733886719e-01 -6.219910830259323120e-02 -4.154605269432067871e-01 9.837313294410705566e-01 -2.073685675859451294e-01 4.049318730831146240e-01 -9.992340803146362305e-01 -2.629633545875549316e-01 3.075990676879882812e-01 9.961053133010864258e-01 9.310029149055480957e-01 9.938787221908569336e-01 -9.916902184486389160e-01 -3.499843478202819824e-01 2.111658155918121338e-01 -4.729876220226287842e-01 2.505455166101455688e-02 9.750352799892425537e-02 2.433099746704101562e-01 -8.281173706054687500e-01 -8.266052007675170898e-01 1.023689359426498413e-01 -9.989241957664489746e-01 9.636462926864624023e-01 -2.513369321823120117e-01 1.333677023649215698e-01 2.381118983030319214e-01 7.497317343950271606e-02 2.468241751194000244e-01 -9.371123909950256348e-01 -8.835948109626770020e-01 -5.739793181419372559e-01 -7.217885255813598633e-01 -2.858253009617328644e-02 -3.002390563488006592e-01 -9.999814033508300781e-01 1.079295575618743896e-01 -9.806930422782897949e-01 -1.628612726926803589e-01 3.912360370159149170e-01 -2.570802569389343262e-01 -8.473374694585800171e-02 5.800951123237609863e-01 9.920744299888610840e-01 -5.325420498847961426e-01 3.168284595012664795e-01 1.706261485815048218e-01 -5.521886944770812988e-01 -3.572091758251190186e-01 4.113315641880035400e-01 8.708267211914062500e-01 -7.863823175430297852e-01 2.150613069534301758e-01 2.215372323989868164e-01 -5.026386380195617676e-01 -9.672603011131286621e-01
-8.871889114379882812e-01 9.966387748718261719e-01 -1.815036237239837646e-01 4.050093889236450195e-01 -3.933690488338470459e-01 -9.936130642890930176e-01 9.981470704078674316e-01 -9.978087544441223145e-01 -5.120708346366882324e-01 -8.305843472480773926e-01 -1.096670255064964294e-01 -3.014880716800689697e-01 7.962834239006042480e-01 -9.949465394020080566e-01 -2.480460256338119507e-01 -2.619577944278717041e-01 -2.996939793229103088e-02 9.529966115951538086e-02 -6.517525911331176758e-01 3.055422902107238770e-01 5.945315361022949219e-01 1.440132558345794678e-01 7.056808471679687500e-01 -8.628820180892944336e-01 9.614690542221069336e-01 3.353543877601623535e-01 -2.611128389835357666e-01 -1.914306133985519409e-01 2.243318259716033936e-01 9.738063812255859375e-01 2.783223986625671387e-01 -2.870231866836547852e-02 2.904805168509483337e-02 2.995446622371673584e-01 -7.941057085990905762e-01 -6.411330699920654297e-01 2.549032866954803467e-02 -4.926698207855224609e-01 9.391544461250305176e-01 -3.477595150470733643e-01 -1.023959927260875702e-02 -1.362445503473281860e-01 5.776129364967346191e-01 -7.388692498207092285e-01 -4.163233339786529541e-01 9.900857806205749512e-01 -9.848489165306091309e-01 -4.305617511272430420e-01 7.075870633125305176e-01 -4.924322962760925293e-01 9.545334577560424805e-01 -2.615875005722045898e-01 8.961400985717773438e-01 -3.080385923385620117e-01 -5.316831469535827637e-01 1.642762273550033569e-01 7.875430583953857422e-02 -3.968800306320190430e-01 -9.993656873703002930e-01 8.033033609390258789e-01 4.358175098896026611e-01 -4.507387429475784302e-02 9.537412524223327637e-01 2.088281065225601196e-01 -2.219010442495346069e-01 -9.759643673896789551e-01 9.390155076980590820e-01 3.924968242645263672e-01 7.252790033817291260e-02 7.834820747375488281e-01 -4.954377412796020508e-01 9.988418817520141602e-01 -4.741654396057128906e-01 -9.984377026557922363e-01 -1.704975366592407227e-01 5.585126951336860657e-02 6.753747165203094482e-02 -8.898759484291076660e-01 -7.133990526199340820e-02 -4.853471219539642334e-01 -8.710861206054687500e-01 -2.086296379566192627e-01 9.990833997726440430e-01 -1.268696635961532593e-01 9.670389294624328613e-01 -2.511215507984161377e-01 -1.773613691329956055e-01 1.312582492828369141e-01 -6.333793401718139648e-01 5.080781579017639160e-01 -9.240783452987670898e-01 8.954272419214248657e-02 2.613141238689422607e-01 -6.225002408027648926e-01 -9.421786665916442871e-01 7.186992764472961426e-01 9.737120866775512695e-01 1.635915338993072510e-01 -4.393246173858642578e-01 -1.374678313732147217e-01 -9.820700287818908691e-01 -9.924818277359008789e-01 8.934569954872131348e-01 3.043169379234313965e-01 -1.400798261165618896e-01 4.846726357936859131e-02 8.882996439933776855e-01 6.198322176933288574e-01 -3.413663506507873535e-01 4.883512854576110840e-01 2.005616948008537292e-02 2.533657848834991455e-01 -9.835205078125000000e-01 -9.765974879264831543e-01 -1.922659426927566528e-01 4.083538651466369629e-01 -8.779799938201904297e-01 5.024377703666687012e-01 -3.127906620502471924e-01 9.855878949165344238e-01 -9.576711654663085938e-01 -4.056886136531829834e-01 -9.505429863929748535e-01 9.956868886947631836e-01 -4.779469966888427734e-01 1.150982826948165894e-01 -5.712380409240722656e-01 -2.732898294925689697e-01 -1.557721048593521118e-01 -3.111346065998077393e-01 7.264342904090881348e-01 8.936827182769775391e-01 8.307283520698547363e-01 3.453531861305236816e-01 4.538818299770355225e-01 -7.748319506645202637e-01 9.732646942138671875e-01 -9.722621440887451172e-01 6.213097572326660156e-01 1.740739345550537109e-01 9.993739128112792969e-01 2.220959216356277466e-01 -2.529804706573486328e-01 8.727738857269287109e-01 -3.943461775779724121e-01 -8.089088201522827148e-01 -9.349303245544433594e-01 -2.980983853340148926e-01 9.170994162559509277e-01 -1.355873644351959229e-01 -5.532759428024291992e-01 -4.199342131614685059e-01 8.519505262374877930e-01 -6.890524625778198242e-01 2.648275159299373627e-02 -4.044290781021118164e-01 -9.787819981575012207e-01 5.458675622940063477e-01 -9.031815081834793091e-02 6.550357937812805176e-01 -3.263887763023376465e-01 1.418856978416442871e-01 4.239361360669136047e-02 -6.838835477828979492e-01 9.991467595100402832e-01 -2.735098302364349365e-01 -4.905544817447662354e-01 -6.541917324066162109e-01 9.972367882728576660e-01 9.552271366119384766e-01 1.964380890130996704e-01 -9.900798797607421875e-01 -5.323098897933959961e-01 -9.816151261329650879e-01 2.523421309888362885e-02 3.791165053844451904e-01 8.421249389648437500e-01 -1.917779445648193359e-01 9.981274604797363281e-01 9.426721334457397461e-01 9.303276538848876953e-01 -2.987380623817443848e-01 9.970235228538513184e-01 -9.785334467887878418e-01 9.770088195800781250e-01 -9.983935952186584473e-01 -8.474307060241699219e-01 9.667243361473083496e-01 6.239217519760131836e-01 3.174739778041839600e-01 7.488481998443603516e-01 -9.569947123527526855e-01 -7.747484445571899414e-01 -3.135062754154205322e-02 9.557005167007446289e-01 -3.026502132415771484e-01 -7.465355992317199707e-01 -9.800229668617248535e-01 -9.097929596900939941e-01 3.435876369476318359e-01 2.300774008035659790e-01 -4.851890504360198975e-01 6.293157339096069336e-01 2.868993282318115234e-01 2.949780821800231934e-01 6.190146505832672119e-02 2.937239967286586761e-02 2.993733286857604980e-01 3.782638907432556152e-01 -1.019776314496994019e-01 -8.718002438545227051e-01 1.084194853901863098e-01 2.891385853290557861e-01 2.752452492713928223e-01 9.474809765815734863e-01 3.392753601074218750e-01 9.328353404998779297e-01 9.420925378799438477e-01 9.649885892868041992e-01 -3.005667775869369507e-02 -8.696163892745971680e-01 1.955956369638442993e-01 -2.359018027782440186e-01 6.404572725296020508e-01 9.062525033950805664e-01 8.942086696624755859e-01 -9.599410295486450195e-01 -2.940130531787872314e-01 3.582316683605313301e-03 9.963536858558654785e-01 3.155345320701599121e-01 3.410222232341766357e-01 -4.361611902713775635e-01 5.355075001716613770e-01 9.756966829299926758e-01 2.791337966918945312e-01 -6.231601834297180176e-01 -2.628775238990783691e-01 6.143452525138854980e-01 4.185079336166381836e-01 9.703328609466552734e-01 9.999024271965026855e-01 -1.460714191198348999e-01 8.489873409271240234e-01 9.949848055839538574e-01 -3.106399066746234894e-02 8.368344306945800781e-01 3.899270296096801758e-01 -6.544647216796875000e-01 -3.975012898445129395e-01 4.511185586452484131e-01 7.883539795875549316e-02 -3.332403898239135742e-01 2.745938897132873535e-01 9.991642236709594727e-01 -4.833882451057434082e-01 -2.428925037384033203e-01 -9.987663626670837402e-01 -5.068752169609069824e-01 2.624133788049221039e-02 -2.857619225978851318e-01 4.415774345397949219e-02 -2.560985973104834557e-03 -9.922009706497192383e-01 2.724003195762634277e-01 9.065493941307067871e-01 9.714249372482299805e-01 -9.703746438026428223e-01 -1.515313386917114258e-01 -2.941887080669403076e-01 8.427575826644897461e-01 4.955356009304523468e-03 -9.789878129959106445e-01 9.939967393875122070e-01 -4.461738169193267822e-01 -9.207179546356201172e-01 8.932734131813049316e-01 5.458723902702331543e-01 6.594501137733459473e-01 1.920492351055145264e-01 -9.957112669944763184e-01 -9.975121617317199707e-01 9.367400407791137695e-01 9.624257087707519531e-01 9.808977246284484863e-01 -1.978543698787689209e-01 5.470399186015129089e-02 4.384686052799224854e-01 -9.950885176658630371e-01 -9.986470937728881836e-01 -9.409902691841125488e-01 4.508621990680694580e-01 1.581410020589828491e-01 -9.990690946578979492e-01 9.635841846466064453e-01 -9.791066050529479980e-01 -3.509643673896789551e-01 7.024205923080444336e-01 -1.970633566379547119e-01 9.961892366409301758e-01 9.908195734024047852e-01 -9.368899464607238770e-01 -2.956694066524505615e-01 9.208182692527770996e-01 -1.984964162111282349e-01 7.460234165191650391e-01 -3.420923054218292236e-01 7.376713752746582031e-01 8.886202573776245117e-01 1.938282400369644165e-01 -1.183033958077430725e-01 -3.119326233863830566e-01 2.286766320466995239e-01 6.161730885505676270e-01 2.212663143873214722e-01 -1.132746711373329163e-01 4.735064506530761719e-02 1.001580059528350830e-01 6.639562249183654785e-01 9.655403494834899902e-01 2.095984816551208496e-01 -7.956457138061523438e-01 -4.100187122821807861e-02 9.985417723655700684e-01 -3.621940314769744873e-02 -8.372639864683151245e-02 -9.594110250473022461e-01 4.357596337795257568e-01 -9.736620783805847168e-01 -8.587233424186706543e-01 9.719195961952209473e-01 2.432830259203910828e-02 -9.079373441636562347e-03 -1.229966506361961365e-01 1.511033624410629272e-01 6.008173525333404541e-02 -1.855792850255966187e-01 -8.211869597434997559e-01 -9.953445196151733398e-01 4.753568395972251892e-02 9.923706650733947754e-01 7.103917747735977173e-02 -6.495003104209899902e-01 9.903177618980407715e-01 -9.689584970474243164e-01 8.447133898735046387e-01 6.425791382789611816e-01 9.982352852821350098e-01 -1.257386505603790283e-01 8.748509883880615234e-01 7.510198950767517090e-01 4.139883518218994141e-01 1.997143626213073730e-01 -5.032012239098548889e-02 9.745280742645263672e-01 -5.050461888313293457e-01 4.396160840988159180e-01 -1.044508218765258789e-01 -4.940183460712432861e-01 9.087806940078735352e-02 -9.369403123855590820e-01 -9.641265869140625000e-01 -5.560273528099060059e-01 -2.261997908353805542e-01 -3.018869161605834961e-01 -9.783223271369934082e-01 -9.753322005271911621e-01 4.126020371913909912e-01 3.196529150009155273e-01 2.367027848958969116e-01 1.285044848918914795e-01 9.739086031913757324e-01 -2.141567617654800415e-01 1.358843594789505005e-01 -9.391958117485046387e-01 -9.590873718261718750e-01 5.600430965423583984e-01 6.735057234764099121e-01 -8.779609575867652893e-03 -1.037294194102287292e-01 -4.282334148883819580e-01 4.320385158061981201e-01 -9.812296032905578613e-01 3.056862354278564453e-01 9.850016832351684570e-01 8.934127688407897949e-01 6.508388519287109375e-01 -2.178639173507690430e-01 9.961946010589599609e-01 -1.647795140743255615e-01 -2.818583250045776367e-01 2.014051377773284912e-02 -9.977283477783203125e-01 -9.815600514411926270e-02 -3.629335165023803711e-01 -6.300992369651794434e-01 -2.879997789859771729e-01 -6.613115668296813965e-01 9.988629817962646484e-01 1.612190753221511841e-01 2.686333060264587402e-01 -3.972081243991851807e-01 9.579320549964904785e-01 -4.998142719268798828e-01 6.269478797912597656e-01 -9.349240064620971680e-01 -9.757233858108520508e-01 -4.691587388515472412e-01 2.894992828369140625e-01 -9.981688857078552246e-01 2.958347499370574951e-01 9.954863786697387695e-01 -9.934849739074707031e-01 -9.329509735107421875e-02 7.431519031524658203e-01 3.918159008026123047e-01 2.074133455753326416e-01 -5.255689620971679688e-01 -5.907911658287048340e-01 8.179044127464294434e-01 -4.991276860237121582e-01 9.364230036735534668e-01 2.807604670524597168e-01 9.541813135147094727e-01 6.038758754730224609e-01 -9.605406522750854492e-01 2.555872797966003418e-01 5.598209500312805176e-01 1.888744980096817017e-01 1.985525935888290405e-01 6.376569867134094238e-01 -9.839456081390380859e-01 2.810508608818054199e-01 -9.962955713272094727e-01 -6.625825166702270508e-01 2.362323850393295288e-01 -7.067956328392028809e-01 -4.969185292720794678e-01 3.260165452957153320e-01 -3.923464119434356689e-01 2.600271701812744141e-01 -7.856931686401367188e-01 -9.965679049491882324e-01 2.802714407444000244e-01 -7.069981098175048828e-01 -2.664244771003723145e-01 -9.990510344505310059e-01 5.067244768142700195e-01 -6.513709425926208496e-01 1.843988001346588135e-01 3.805735707283020020e-01 3.819904057309031487e-03 3.584982454776763916e-01 4.131441414356231689e-01 2.530672848224639893e-01 9.971052408218383789e-01 4.611828029155731201e-01 -1.396036706864833832e-03 -1.147097945213317871e-01 9.525300264358520508e-01 -9.456617236137390137e-01 2.189483046531677246e-01 -9.944844841957092285e-01 3.399855494499206543e-01 9.694396257400512695e-01 9.904636740684509277e-01 6.945620775222778320e-01 9.981112480163574219e-01 -9.995245337486267090e-01 -1.228327900171279907e-01 6.122029423713684082e-01 -4.674051403999328613e-01 5.289738178253173828e-01 -1.922496706247329712e-01 5.164206027984619141e-01 -8.161683082580566406e-01 -5.408311486244201660e-01 3.796652853488922119e-01 -9.988133907318115234e-01 9.552860260009765625e-01 2.442116588354110718e-01 4.444713890552520752e-02 6.188358068466186523e-01 4.354510605335235596e-01 6.136623620986938477e-01 -7.900930643081665039e-01 -8.590925335884094238e-01 -8.259798884391784668e-01 -2.782895267009735107e-01 -4.994819462299346924e-01 -2.308324426412582397e-01 -9.999951124191284180e-01 5.961918234825134277e-01 -8.838974237442016602e-01 4.154259562492370605e-01 -4.863299131393432617e-01 3.040705025196075439e-01 2.040067762136459351e-01 -4.387226104736328125e-01 9.987584948539733887e-01 -9.621275067329406738e-01 1.640189811587333679e-02 3.513302505016326904e-01 -4.616501629352569580e-01 1.903530359268188477e-01 -3.726401031017303467e-01 2.103497534990310669e-01 6.410464048385620117e-01 5.124683380126953125e-01 -3.323516547679901123e-01 -6.012400984764099121e-01 -7.280092239379882812e-01
-8.970454335212707520e-01 9.762198925018310547e-01 2.273836284875869751e-01 1.760154813528060913e-01 -6.177473664283752441e-01 6.664063334465026855e-01 9.994090199470520020e-01 -9.897168874740600586e-01 -1.511306222528219223e-02 -9.261414408683776855e-01 2.704023718833923340e-01 -9.520986676216125488e-01 7.560489177703857422e-01 -9.605402946472167969e-01 -8.909280896186828613e-01 -2.994935214519500732e-01 -3.100695908069610596e-01 -5.768333002924919128e-02 -3.953684568405151367e-01 -2.990853190422058105e-01 2.797488570213317871e-01 3.908877670764923096e-01 7.240799665451049805e-01 -8.019807338714599609e-01 9.996374249458312988e-01 9.231321811676025391e-01 3.064123541116714478e-02 -1.241273730993270874e-01 -2.320584207773208618e-01 9.821476340293884277e-01 9.275589585304260254e-01 -2.061739414930343628e-01 -1.250260416418313980e-02 -1.250966638326644897e-01 -4.505258798599243164e-01 9.720820933580398560e-02 -6.306841969490051270e-01 3.182946145534515381e-01 9.956324100494384766e-01 -1.647779941558837891e-01 6.323781609535217285e-02 8.644654601812362671e-02 4.030050337314605713e-01 -9.736816883087158203e-01 2.161634862422943115e-01 9.295079708099365234e-01 -9.972948431968688965e-01 -1.103533338755369186e-02 3.822849318385124207e-02 -2.197140604257583618e-01 9.071668386459350586e-01 -6.230988726019859314e-02 9.899041056632995605e-01 1.702257096767425537e-01 4.232931137084960938e-01 -2.325642155483365059e-03 1.781735271215438843e-01 -2.794738411903381348e-01 -9.900749325752258301e-01 4.770663380622863770e-01 -2.490081489086151123e-01 2.421001344919204712e-01 9.348798394203186035e-01 1.755570173263549805e-01 1.023854240775108337e-01 -9.850858449935913086e-01 8.184316754341125488e-01 7.285428047180175781e-01 3.771006166934967041e-01 9.843717217445373535e-01 8.618321418762207031e-01 9.988209009170532227e-01 -2.113999873399734497e-01 -5.965275764465332031e-01 -9.773169755935668945e-01 -4.743005335330963135e-02 -1.444222033023834229e-01 6.404308080673217773e-01 -6.047699227929115295e-02 -9.916196018457412720e-02 -8.806717991828918457e-01 1.168422326445579529e-01 9.988247752189636230e-01 -3.677361607551574707e-01 9.708827733993530273e-01 -8.284493684768676758e-01 2.505642175674438477e-01 8.411710150539875031e-03 -3.012390621006488800e-02 7.434932142496109009e-02 -9.838069081306457520e-01 -2.371029406785964966e-01 2.758449614048004150e-01 -9.187721610069274902e-01 1.621550470590591431e-01 7.265987396240234375e-01 9.762116670608520508e-01 2.927557826042175293e-01 -9.760291576385498047e-01 -4.809461534023284912e-01 4.929441213607788086e-01 -9.928091168403625488e-01 4.274837076663970947e-01 -1.585128456354141235e-01 2.631479501724243164e-01 7.306966930627822876e-02 9.146844148635864258e-01 5.821624398231506348e-02 -1.954884231090545654e-01 -4.844347238540649414e-01 -3.794641196727752686e-01 8.009804487228393555e-01 4.052612185478210449e-02 -9.892110228538513184e-01 -1.049657836556434631e-01 4.343531131744384766e-01 -9.427145123481750488e-01 8.729722499847412109e-01 -1.465850025415420532e-01 9.992001652717590332e-01 -9.712169170379638672e-01 2.298954501748085022e-02 -9.933104515075683594e-01 9.429821372032165527e-01 -2.947674095630645752e-01 -3.897788468748331070e-03 -9.957943558692932129e-01 -2.972529828548431396e-01 -1.473125964403152466e-01 -5.226990580558776855e-01 5.301708579063415527e-01 9.979168176651000977e-01 9.590330719947814941e-01 -1.269443929195404053e-01 5.386201143264770508e-01 -9.874605536460876465e-01 9.335488677024841309e-01 -9.949917793273925781e-01 4.408475756645202637e-01 7.032092660665512085e-02 9.979607462882995605e-01 2.252375781536102295e-01 9.503663331270217896e-02 9.327064752578735352e-01 -4.527305364608764648e-01 2.756687998771667480e-01 -9.953573942184448242e-01 2.256140857934951782e-01 4.671955406665802002e-01 -1.486747413873672485e-01 -3.621337115764617920e-01 1.443674713373184204e-01 9.666022062301635742e-01 -5.075405836105346680e-01 1.216165535151958466e-02 -5.428828597068786621e-01 -9.807043671607971191e-01 -9.233384132385253906e-01 7.978500425815582275e-02 3.365471661090850830e-01 -1.589534617960453033e-02 -1.547300368547439575e-01 4.079443812370300293e-01 -3.039203882217407227e-01 9.999246597290039062e-01 2.546596229076385498e-01 4.300310835242271423e-02 -1.089187413454055786e-01 9.964982271194458008e-01 9.170414209365844727e-01 4.384809732437133789e-01 -9.839770793914794922e-01 -9.912173151969909668e-01 -9.799770712852478027e-01 7.891365885734558105e-01 -1.694922000169754028e-01 6.046845577657222748e-03 2.298841923475265503e-01 9.982251524925231934e-01 9.191218018531799316e-01 9.400714039802551270e-01 -1.663251668214797974e-01 9.996907711029052734e-01 -8.878175616264343262e-01 6.896548867225646973e-01 -9.594898819923400879e-01 -9.958200454711914062e-01 4.276605546474456787e-01 3.224471807479858398e-01 -6.327837109565734863e-01 3.247704803943634033e-01 -9.832348823547363281e-01 -4.898805022239685059e-01 2.164610773324966431e-01 9.875202775001525879e-01 -1.382135301828384399e-01 -7.185324430465698242e-01 -9.897441267967224121e-01 -8.397879600524902344e-01 4.039469659328460693e-01 1.484827548265457153e-01 -2.656974196434020996e-01 8.132907748222351074e-01 5.599007010459899902e-01 6.578554958105087280e-02 -4.241899549961090088e-01 5.079906582832336426e-01 8.220956325531005859e-01 9.852361679077148438e-01 -1.057148650288581848e-01 -4.447962641716003418e-01 9.215487241744995117e-01 -3.499089777469635010e-01 5.302907228469848633e-01 9.870743155479431152e-01 -9.000552296638488770e-01 1.877140700817108154e-01 8.828604221343994141e-01 9.709777832031250000e-01 -3.728451952338218689e-02 -9.614067673683166504e-01 4.781038686633110046e-02 -9.602115750312805176e-01 3.868502676486968994e-01 8.951579928398132324e-01 -4.912425763905048370e-03 -9.957485795021057129e-01 -1.355579644441604614e-01 -5.422862768173217773e-01 9.944762587547302246e-01 9.002434462308883667e-02 4.735359847545623779e-01 -6.536476314067840576e-02 3.048612475395202637e-01 9.975733160972595215e-01 4.400966763496398926e-01 -6.896330118179321289e-01 -1.172673925757408142e-01 2.393749803304672241e-01 1.710809618234634399e-01 7.345122098922729492e-01 9.994655251502990723e-01 -9.321552515029907227e-01 9.671007990837097168e-01 9.823449254035949707e-01 8.281329274177551270e-02 9.892348647117614746e-01 1.963298618793487549e-01 -2.119358777999877930e-01 -6.589462608098983765e-02 2.959909439086914062e-01 1.634167693555355072e-02 -5.410736799240112305e-01 1.976690143346786499e-01 9.984997510910034180e-01 -1.379463374614715576e-01 -4.132337272167205811e-01 -9.855376482009887695e-01 2.082962542772293091e-01 9.100590348243713379e-01 -2.448313087224960327e-01 -6.735850572586059570e-01 1.622909605503082275e-01 -8.302021026611328125e-01 -2.589870803058147430e-02 9.839715361595153809e-01 9.985179901123046875e-01 -9.995628595352172852e-01 1.544846743345260620e-01 -5.580126643180847168e-01 9.992273449897766113e-01 -1.521220356225967407e-01 -7.577090859413146973e-01 9.894566535949707031e-01 -4.853769242763519287e-01 -9.996128678321838379e-01 9.959042668342590332e-01 2.346593439579010010e-01 -4.983099922537803650e-02 -2.610118873417377472e-02 -9.999245405197143555e-01 -8.967566490173339844e-01 7.531325817108154297e-01 9.908416867256164551e-01 9.966394901275634766e-01 -3.476635813713073730e-01 -9.983360022306442261e-02 2.237702757120132446e-01 -9.975584149360656738e-01 -9.998990893363952637e-01 -9.590421915054321289e-01 6.710491776466369629e-01 2.113640606403350830e-01 -4.389420449733734131e-01 9.836637973785400391e-01 -9.995669126510620117e-01 -3.653020262718200684e-01 9.634572863578796387e-01 -2.202218621969223022e-01 9.727543592453002930e-01 9.913050532341003418e-01 -8.911982774734497070e-01 -8.465287685394287109e-01 9.964986443519592285e-01 -3.736757934093475342e-01 9.774965792894363403e-02 3.201369345188140869e-01 9.946138262748718262e-01 -5.186336636543273926e-01 3.081953525543212891e-01 7.239244878292083740e-02 6.469997763633728027e-01 -2.842429094016551971e-02 7.778146862983703613e-01 -3.432839810848236084e-01 -5.740848928689956665e-02 -2.056621611118316650e-01 -2.089109867811203003e-01 1.027989611029624939e-01 5.558842420578002930e-01 -1.641863957047462463e-02 -8.499291539192199707e-01 -4.233305752277374268e-01 6.894097924232482910e-01 -3.690153956413269043e-01 -1.828264296054840088e-01 -9.561518430709838867e-01 7.811619043350219727e-01 -9.792530536651611328e-01 -8.143373727798461914e-01 9.973594546318054199e-01 -2.673652768135070801e-01 4.977395832538604736e-01 -2.479401528835296631e-01 -2.244153432548046112e-02 -7.618521898984909058e-02 3.194190561771392822e-01 -8.129082322120666504e-01 -9.453815221786499023e-01 3.023160994052886963e-01 9.976745843887329102e-01 -4.290211200714111328e-01 -1.023761108517646790e-01 9.959326982498168945e-01 -5.693026185035705566e-01 2.977054417133331299e-01 9.669407010078430176e-01 9.969463348388671875e-01 -1.823632121086120605e-01 9.581544399261474609e-01 7.361326813697814941e-01 -4.771903753280639648e-01 7.248201370239257812e-01 8.621916174888610840e-02 9.769908785820007324e-01 3.174808621406555176e-01 4.388657510280609131e-01 -2.013626694679260254e-01 -5.053353905677795410e-01 2.671951353549957275e-01 -9.849702119827270508e-01 -9.730582833290100098e-01 -4.704893007874488831e-02 -2.708667814731597900e-01 6.769206374883651733e-02 -9.838147163391113281e-01 -9.789944887161254883e-01 -2.028297632932662964e-01 -3.848365321755409241e-02 5.137549340724945068e-02 -2.131757438182830811e-01 9.899519085884094238e-01 -3.396376967430114746e-01 3.529138267040252686e-01 -3.202820122241973877e-01 -9.941233396530151367e-01 7.716952264308929443e-02 -1.248480230569839478e-01 -2.154998183250427246e-01 2.178486734628677368e-01 1.076689660549163818e-01 1.118584722280502319e-01 -9.934337139129638672e-01 1.049219444394111633e-01 9.814426302909851074e-01 9.923102855682373047e-01 1.506440788507461548e-01 2.006946802139282227e-01 9.738841056823730469e-01 9.281055070459842682e-03 -3.567856550216674805e-01 -1.159717217087745667e-01 -9.937621355056762695e-01 -4.903002679347991943e-01 -2.497160136699676514e-01 -2.922064065933227539e-01 8.731954731047153473e-03 -5.666896700859069824e-01 9.982668757438659668e-01 -2.114761471748352051e-01 -5.251351594924926758e-01 -8.254359364509582520e-01 9.681262969970703125e-01 -3.926893472671508789e-01 9.153547286987304688e-01 -9.140251278877258301e-01 -9.722099304199218750e-01 -2.765454947948455811e-01 2.954156696796417236e-01 -9.921637773513793945e-01 2.651150152087211609e-02 8.837630152702331543e-01 -9.965890049934387207e-01 8.721464313566684723e-03 -4.003265202045440674e-01 2.342284172773361206e-01 1.040361598134040833e-01 -1.426708102226257324e-01 -3.855272829532623291e-01 -6.746795773506164551e-01 4.425510019063949585e-02 6.773652434349060059e-01 6.946146488189697266e-02 9.166721701622009277e-01 2.779147922992706299e-01 -9.679625630378723145e-01 -7.159452885389328003e-03 -3.979067802429199219e-01 3.527472913265228271e-01 1.773857921361923218e-01 4.758825302124023438e-01 -9.927560687065124512e-01 9.688304662704467773e-01 -9.973833560943603516e-01 -9.970773458480834961e-01 2.872977554798126221e-01 -9.320863485336303711e-01 -9.427805542945861816e-01 -1.761004179716110229e-01 -2.374931722879409790e-01 2.644655667245388031e-02 -9.949003458023071289e-01 -9.955791831016540527e-01 1.862582862377166748e-01 -9.931426644325256348e-01 -8.518260717391967773e-01 -9.997938871383666992e-01 4.204653501510620117e-01 -1.725611835718154907e-01 1.423180997371673584e-01 3.438938558101654053e-01 4.272068440914154053e-01 -5.005258135497570038e-03 2.338109910488128662e-01 4.638762474060058594e-01 9.897317886352539062e-01 4.941208362579345703e-01 1.310603767633438110e-01 -4.354566335678100586e-01 9.977378249168395996e-01 -9.920237660408020020e-01 4.641796648502349854e-01 -9.935879111289978027e-01 -5.580125376582145691e-02 9.729763865470886230e-01 9.929064512252807617e-01 8.955551981925964355e-01 9.800900816917419434e-01 -9.999483227729797363e-01 -1.534252762794494629e-01 4.895477294921875000e-01 -3.694885969161987305e-01 9.728605151176452637e-01 -2.451036870479583740e-01 4.485981464385986328e-01 -9.201206564903259277e-01 5.484427213668823242e-01 8.375719189643859863e-02 -9.996998310089111328e-01 9.579118490219116211e-01 -4.476915299892425537e-01 7.341561373323202133e-03 -9.194591082632541656e-03 2.552275657653808594e-01 -9.702456742525100708e-02 -4.214143753051757812e-02 -9.665048718452453613e-01 -2.643205225467681885e-01 3.171736598014831543e-01 -3.697147071361541748e-01 -7.895695418119430542e-02 -9.999662637710571289e-01 -7.702953219413757324e-01 -6.787169575691223145e-01 4.605717062950134277e-01 -2.847889661788940430e-01 -2.959781289100646973e-01 4.521015882492065430e-01 -9.068536758422851562e-01 9.999650120735168457e-01 -9.932923316955566406e-01 4.057895243167877197e-01 -7.327613979578018188e-02 -3.235511481761932373e-01 -1.509350240230560303e-01 -7.002489566802978516e-01 8.086349964141845703e-01 8.442119359970092773e-01 5.103219151496887207e-01 -4.214337766170501709e-01 -2.125259339809417725e-01 -2.754151523113250732e-01
9.087183475494384766e-01 9.467616081237792969e-01 -2.979835122823715210e-02 4.476571977138519287e-01 -3.065598905086517334e-01 -9.513255953788757324e-01 9.984902739524841309e-01 -9.981576800346374512e-01 -4.483905732631683350e-01 -4.524488151073455811e-01 -5.128512382507324219e-01 -1.968074738979339600e-01 8.837863802909851074e-01 -9.774025678634643555e-01 4.109671711921691895e-01 -3.681452274322509766e-01 -1.507783681154251099e-01 1.976735889911651611e-01 -8.957098722457885742e-01 3.886361420154571533e-01 7.852942347526550293e-01 4.602438807487487793e-01 6.188206076622009277e-01 -8.771874904632568359e-01 9.775726795196533203e-01 6.689832806587219238e-01 -3.781451880931854248e-01 -3.129415512084960938e-01 6.080233454704284668e-01 9.896899461746215820e-01 6.805785894393920898e-01 9.501693397760391235e-02 9.526675194501876831e-02 -1.652076244354248047e-01 -7.247928977012634277e-01 -6.799125671386718750e-01 1.052922848612070084e-02 -7.879362702369689941e-01 9.336362481117248535e-01 -3.140027821063995361e-01 -1.325022727251052856e-01 -1.847865730524063110e-01 3.416817188262939453e-01 -8.816744089126586914e-01 -2.214813232421875000e-01 9.990149140357971191e-01 -9.519400596618652344e-01 -5.289281606674194336e-01 -7.079772353172302246e-01 -7.510169744491577148e-01 4.558292031288146973e-01 -4.809276759624481201e-01 7.884883880615234375e-01 -5.984706878662109375e-01 -3.912523984909057617e-01 4.717079102993011475e-01 3.490332365036010742e-01 -5.360559225082397461e-01 -9.994103312492370605e-01 -1.667460650205612183e-01 -1.731984550133347511e-03 2.363193631172180176e-01 7.867989540100097656e-01 1.958042383193969727e-01 2.874833941459655762e-01 -9.342253208160400391e-01 7.507223486900329590e-01 4.747912287712097168e-01 -2.146589159965515137e-01 7.161553502082824707e-01 -7.372169494628906250e-01 9.997644424438476562e-01 -7.295011281967163086e-01 -9.883515238761901855e-01 1.882849931716918945e-01 3.682138621807098389e-01 -2.410261332988739014e-02 -8.554029464721679688e-01 1.967559456825256348e-01 -6.301855444908142090e-01 -9.972658753395080566e-01 -7.184747457504272461e-01 9.989116787910461426e-01 -1.343607157468795776e-01 9.625448584556579590e-01 -2.628658115863800049e-01 3.165227472782135010e-01 2.462875097990036011e-01 -8.482222557067871094e-01 3.803256154060363770e-01 -8.768286705017089844e-01 -5.615793913602828979e-02 7.271030545234680176e-01 -9.604650735855102539e-01 -1.685885190963745117e-01 7.322618961334228516e-01 9.457030892372131348e-01 -3.712031543254852295e-01 -5.881615281105041504e-01 2.045578509569168091e-02 -9.873631000518798828e-01 -9.921188950538635254e-01 4.894520044326782227e-01 -2.776216268539428711e-01 -1.376909613609313965e-01 -9.580669552087783813e-02 9.681933522224426270e-01 5.995911359786987305e-01 -5.483411550521850586e-01 7.973240017890930176e-01 2.274705320596694946e-01 2.470825910568237305e-01 -6.578408479690551758e-01 -9.417479634284973145e-01 -5.146589875221252441e-01 5.353992581367492676e-01 -9.445671439170837402e-01 4.508778154850006104e-01 7.531981170177459717e-02 9.928791522979736328e-01 -8.705713152885437012e-01 -5.802223086357116699e-01 -7.855523228645324707e-01 9.903762936592102051e-01 -6.862626671791076660e-01 -4.897258579730987549e-01 -4.218842685222625732e-01 -1.691642701625823975e-01 -3.740779757499694824e-01 -5.673938989639282227e-01 9.143773913383483887e-01 6.663879156112670898e-01 9.812977313995361328e-01 4.597171545028686523e-01 5.534501075744628906e-01 -8.606437444686889648e-01 9.442389607429504395e-01 -9.567470550537109375e-01 -9.491181373596191406e-01 1.591256260871887207e-01 9.985495209693908691e-01 2.896384000778198242e-01 -3.206065595149993896e-01 -3.531899154186248779e-01 -6.229440569877624512e-01 -6.802955865859985352e-01 -9.740858674049377441e-01 8.435555100440979004e-01 7.996185421943664551e-01 -4.709054827690124512e-01 -7.332403063774108887e-01 -4.995206296443939209e-01 9.107835292816162109e-01 -7.766293287277221680e-01 3.986228108406066895e-01 -6.387959122657775879e-01 -9.809464812278747559e-01 7.661087065935134888e-02 7.325464487075805664e-02 7.318500280380249023e-01 -2.156787365674972534e-01 1.903051584959030151e-01 -9.588408470153808594e-02 -8.303652405738830566e-01 9.995332360267639160e-01 -6.769237518310546875e-01 -7.662069201469421387e-01 -7.845904827117919922e-01 9.941939711570739746e-01 5.739852190017700195e-01 4.996353387832641602e-01 -9.615119099617004395e-01 -9.938457012176513672e-01 -9.915278553962707520e-01 1.308517456054687500e-01 5.476502180099487305e-01 3.217056691646575928e-01 -2.221784144639968872e-01 9.984534382820129395e-01 9.376468062400817871e-01 9.017219543457031250e-01 -5.329768657684326172e-01 9.982941746711730957e-01 -9.924193620681762695e-01 8.529481887817382812e-01 -9.783182740211486816e-01 -9.085124731063842773e-01 9.691815972328186035e-01 7.891859412193298340e-01 -5.256890654563903809e-01 9.797395467758178711e-01 -9.772965312004089355e-01 -9.741932749748229980e-01 -3.611279726028442383e-01 9.885394573211669922e-01 -4.108592569828033447e-01 -9.321582913398742676e-01 -9.661426544189453125e-01 -7.657292485237121582e-01 2.244751751422882080e-01 -3.185740485787391663e-02 -5.085630416870117188e-01 1.784982979297637939e-01 5.792921781539916992e-01 9.338813275098800659e-02 -5.141519308090209961e-01 -5.332739949226379395e-01 9.631599187850952148e-01 5.053107738494873047e-01 -6.618747115135192871e-01 -4.854986071586608887e-01 -6.111488342285156250e-01 -2.112728059291839600e-01 7.632593512535095215e-01 8.918700218200683594e-01 -1.830693781375885010e-01 9.705370068550109863e-01 5.560962557792663574e-01 9.877764582633972168e-01 2.235389202833175659e-01 -9.280852675437927246e-01 -2.474012374877929688e-01 -1.823971606791019440e-02 8.553316593170166016e-01 5.141702294349670410e-01 2.271632552146911621e-01 -9.457083344459533691e-01 -5.090039968490600586e-01 -8.422216176986694336e-01 9.975885152816772461e-01 1.611769795417785645e-01 3.739665448665618896e-01 -5.970119833946228027e-01 7.128419876098632812e-01 9.314444065093994141e-01 6.609351634979248047e-01 -3.565584123134613037e-01 -4.158099889755249023e-01 6.462395191192626953e-01 4.195726513862609863e-01 8.541944622993469238e-01 9.998661875724792480e-01 -3.293209969997406006e-01 7.939877510070800781e-01 9.975060820579528809e-01 4.091272056102752686e-01 9.251071214675903320e-01 1.433284431695938110e-01 -2.334947139024734497e-01 -2.134478837251663208e-01 8.798378705978393555e-01 -5.592917203903198242e-01 -4.789245724678039551e-01 4.492582380771636963e-01 9.962090253829956055e-01 -6.215092539787292480e-01 -3.132856786251068115e-01 -9.988061785697937012e-01 -7.724532485008239746e-01 -3.371542990207672119e-01 -3.698791861534118652e-01 -3.667140901088714600e-01 1.896106451749801636e-01 -9.149541854858398438e-01 3.914723694324493408e-01 9.814814329147338867e-01 9.289575815200805664e-01 -8.954977393150329590e-01 -3.372662961483001709e-01 -1.708741486072540283e-01 7.911680936813354492e-01 -3.753173947334289551e-01 -7.577131390571594238e-01 9.881145358085632324e-01 -7.083981037139892578e-01 -9.446520805358886719e-01 9.705873131752014160e-01 8.307354450225830078e-01 4.927939474582672119e-01 6.101776361465454102e-01 -9.622717499732971191e-01 -8.518333435058593750e-01 9.826764464378356934e-01 9.407983422279357910e-01 9.132668375968933105e-01 -3.063067197799682617e-01 5.274468660354614258e-01 4.952257275581359863e-01 -9.786450862884521484e-01 -9.987235069274902344e-01 -8.407639861106872559e-01 8.246675133705139160e-01 6.859181523323059082e-01 -9.983245730400085449e-01 8.842172026634216309e-01 -9.251257777214050293e-01 -5.146072506904602051e-01 8.520470261573791504e-01 -4.850782454013824463e-01 9.959288239479064941e-01 9.923408031463623047e-01 -9.912589788436889648e-01 -3.174802064895629883e-01 8.264456987380981445e-01 -6.390920281410217285e-01 9.309495687484741211e-01 -3.327898681163787842e-02 8.167532682418823242e-01 2.820216119289398193e-01 1.912423819303512573e-01 -4.351272583007812500e-01 -2.851352393627166748e-01 4.990796372294425964e-02 8.807562589645385742e-01 8.511791825294494629e-01 -1.983058452606201172e-01 6.430295854806900024e-02 4.643225371837615967e-01 9.042671322822570801e-01 9.977068305015563965e-01 1.315985321998596191e-01 -5.788701772689819336e-01 -2.550548613071441650e-01 6.838505268096923828e-01 -3.511450588703155518e-01 -5.993553400039672852e-01 -9.740194678306579590e-01 7.090669870376586914e-02 -9.781255125999450684e-01 -5.957776904106140137e-01 8.364550471305847168e-01 -1.751948297023773193e-01 2.011066861450672150e-02 -9.527003765106201172e-01 2.485151290893554688e-01 4.085612893104553223e-01 -3.247394040226936340e-02 -4.468960464000701904e-01 -9.948115944862365723e-01 -3.240301311016082764e-01 9.198293089866638184e-01 -3.992038965225219727e-01 -5.935828685760498047e-01 9.900341033935546875e-01 -7.958780527114868164e-01 7.719633579254150391e-01 5.009415745735168457e-01 9.968372583389282227e-01 6.802826374769210815e-02 7.234666943550109863e-01 7.863549590110778809e-01 2.338659763336181641e-01 6.951993703842163086e-01 -2.475930005311965942e-01 9.908778071403503418e-01 1.868536025285720825e-01 8.712319731712341309e-01 -3.083750009536743164e-01 -7.880777120590209961e-01 4.128779172897338867e-01 -9.016776680946350098e-01 -9.887299537658691406e-01 -6.362993121147155762e-01 -4.739366173744201660e-01 -4.101492762565612793e-01 -9.453271627426147461e-01 -9.904197454452514648e-01 1.207480654120445251e-01 6.241480708122253418e-01 6.513567566871643066e-01 -9.923604875802993774e-02 9.895465970039367676e-01 -8.259106278419494629e-01 3.262995975092053413e-03 -6.994216442108154297e-01 -9.960681796073913574e-01 4.237565100193023682e-01 6.047961115837097168e-01 -3.596854209899902344e-01 -3.172063231468200684e-01 -1.524484008550643921e-01 2.978441417217254639e-01 -9.293118715286254883e-01 5.595982670783996582e-01 9.756813049316406250e-01 9.941271543502807617e-01 8.511818051338195801e-01 -3.220435678958892822e-01 9.752563834190368652e-01 -4.980489313602447510e-01 -3.782628178596496582e-01 -3.849816694855690002e-02 -9.994112253189086914e-01 1.275534033775329590e-01 -2.908762395381927490e-01 -6.017941832542419434e-01 6.583139300346374512e-02 -8.410997390747070312e-01 9.926467537879943848e-01 4.765941500663757324e-01 5.679048895835876465e-01 4.095443785190582275e-01 9.716795086860656738e-01 -5.976386666297912598e-01 3.162924647331237793e-01 -9.939796328544616699e-01 -9.837508201599121094e-01 -5.001522898674011230e-01 6.828263401985168457e-01 -9.964235424995422363e-01 7.514466643333435059e-01 9.985610842704772949e-01 -9.803692102432250977e-01 -1.361233443021774292e-01 -1.460572984069585800e-02 6.023380756378173828e-01 2.026811987161636353e-01 -3.598990291357040405e-02 -5.610181689262390137e-01 -6.714581251144409180e-01 -7.387112975120544434e-01 9.806649088859558105e-01 2.968601286411285400e-01 9.834304451942443848e-01 4.589216709136962891e-01 -8.950622677803039551e-01 -4.039532840251922607e-01 5.380635857582092285e-01 1.621041893959045410e-01 2.365767583250999451e-02 7.735049128532409668e-01 -9.968777894973754883e-01 7.124063968658447266e-01 -9.990330934524536133e-01 -5.671616196632385254e-01 3.697824180126190186e-01 -9.472479224205017090e-01 -4.377530813217163086e-01 2.378879338502883911e-01 -6.340968608856201172e-01 1.966363042593002319e-01 -8.642284870147705078e-01 -9.972410798072814941e-01 -1.569530218839645386e-01 -8.957352042198181152e-01 2.285946756601333618e-01 -9.956808686256408691e-01 7.481730580329895020e-01 -6.856660842895507812e-01 7.036895751953125000e-01 7.974113821983337402e-01 -1.775938272476196289e-02 8.669873327016830444e-02 -2.245640009641647339e-01 7.282835245132446289e-01 9.914742112159729004e-01 5.524190664291381836e-01 -4.874297678470611572e-01 4.598436057567596436e-01 9.585734605789184570e-01 -9.678646326065063477e-01 5.216259360313415527e-01 -9.977918863296508789e-01 6.767038106918334961e-01 9.632524847984313965e-01 9.845554232597351074e-01 9.588630795478820801e-01 9.989836215972900391e-01 -9.995238780975341797e-01 -2.461594045162200928e-01 7.577338814735412598e-01 3.433171510696411133e-01 4.093433916568756104e-01 1.554922908544540405e-01 4.566202163696289062e-01 -9.300698041915893555e-01 -6.947273015975952148e-01 2.115279585123062134e-01 -9.987795352935791016e-01 9.966136217117309570e-01 4.928657412528991699e-01 4.360927045345306396e-01 8.294950723648071289e-01 7.006840705871582031e-01 5.089178085327148438e-01 -9.172387123107910156e-01 -8.600357174873352051e-01 -8.322836756706237793e-01 -5.216218829154968262e-01 -6.400838494300842285e-01 -4.267755448818206787e-01 -9.999547600746154785e-01 -4.325715899467468262e-01 -8.848525881767272949e-01 4.663947820663452148e-01 -6.742699742317199707e-01 9.940496087074279785e-02 7.049602866172790527e-01 2.281791269779205322e-01 9.981396198272705078e-01 -9.887561202049255371e-01 1.234661638736724854e-01 3.465256690979003906e-01 -7.244841009378433228e-02 5.619163513183593750e-01 -1.096475645899772644e-01 3.006640076637268066e-01 9.735534191131591797e-01 5.906147956848144531e-01 -2.496878802776336670e-01 -8.384743928909301758e-01 -8.830546140670776367e-01
-2.698907554149627686e-01 8.877620697021484375e-01 3.519267961382865906e-02 5.114220082759857178e-02 -6.516774892807006836e-01 2.618824839591979980e-01 9.999669194221496582e-01 -9.991202354431152344e-01 -1.620753109455108643e-01 -8.350976705551147461e-01 5.961280688643455505e-02 -9.782393574714660645e-01 3.428082466125488281e-01 -9.829573035240173340e-01 -7.963632941246032715e-01 1.534200608730316162e-01 -7.219187170267105103e-02 -2.201636433601379395e-01 -5.919437408447265625e-01 -1.487627029418945312e-01 3.155251443386077881e-01 1.512740254402160645e-01 9.871351718902587891e-01 -6.997875124216079712e-02 9.993910193443298340e-01 9.859562516212463379e-01 -1.792931705713272095e-01 -1.408026069402694702e-01 -3.067393600940704346e-01 8.242775201797485352e-01 8.915743827819824219e-01 3.715041279792785645e-01 -2.347263842821121216e-01 -8.599703013896942139e-02 -9.883247017860412598e-01 -1.436766088008880615e-01 -4.508456289768218994e-01 -2.071981877088546753e-01 9.990517497062683105e-01 -1.825151443481445312e-01 4.241641759872436523e-01 -3.673179820179939270e-02 3.673888742923736572e-01 -9.921383261680603027e-01 8.902825415134429932e-02 9.392924904823303223e-01 -9.973852634429931641e-01 4.291491210460662842e-02 -9.597167372703552246e-01 -1.544063687324523926e-01 9.081438779830932617e-01 -4.971248283982276917e-02 9.712703227996826172e-01 3.951520100235939026e-02 3.739506006240844727e-01 -4.430863261222839355e-02 -1.803367733955383301e-01 -3.576020002365112305e-01 -9.980997443199157715e-01 -2.876345217227935791e-01 -2.592045962810516357e-01 9.357973933219909668e-02 9.828219413757324219e-01 3.239023089408874512e-01 2.368343323469161987e-01 -8.827194571495056152e-01 9.719668626785278320e-01 2.449405044317245483e-01 4.533407464623451233e-02 9.971304535865783691e-01 1.373588740825653076e-01 9.999941587448120117e-01 -7.896489500999450684e-01 -9.906260967254638672e-01 -4.642703533172607422e-01 -2.195420414209365845e-01 2.053066492080688477e-01 7.021663784980773926e-01 1.877847872674465179e-02 1.411005556583404541e-01 -9.970068335533142090e-01 2.785627543926239014e-02 9.951812028884887695e-01 1.286276578903198242e-01 7.982887029647827148e-01 -9.729846715927124023e-01 2.654233574867248535e-01 3.156047761440277100e-01 1.578100472688674927e-01 -1.369894295930862427e-01 -9.059156179428100586e-01 2.742482721805572510e-01 2.234785854816436768e-01 -9.494715929031372070e-01 -9.145330190658569336e-01 9.432804584503173828e-01 9.497328400611877441e-01 2.748617827892303467e-01 -9.976312518119812012e-01 -4.021826386451721191e-02 -2.065015733242034912e-01 -9.919998645782470703e-01 7.163974642753601074e-01 6.006444618105888367e-02 2.590610384941101074e-01 2.901064753532409668e-01 9.891191720962524414e-01 2.538737952709197998e-01 -5.261415243148803711e-02 3.410659730434417725e-01 -1.371636539697647095e-01 7.702320218086242676e-01 -6.465514898300170898e-01 -9.539579153060913086e-01 -2.220992147922515869e-01 3.864684700965881348e-01 -9.349281191825866699e-01 8.437916636466979980e-01 1.623307168483734131e-01 9.681903123855590820e-01 -9.909026622772216797e-01 -1.462727226316928864e-02 -8.703132867813110352e-01 9.456279873847961426e-01 -2.247959375381469727e-01 -1.105436831712722778e-01 -9.899804592132568359e-01 -2.513102591037750244e-01 -1.350378245115280151e-01 -3.241425454616546631e-01 9.795522689819335938e-01 3.865040838718414307e-01 7.985129952430725098e-01 -2.577431499958038330e-01 3.867228031158447266e-01 -9.891794919967651367e-01 8.807888031005859375e-01 -9.810562133789062500e-01 -9.133791327476501465e-01 -2.156523913145065308e-01 9.908266663551330566e-01 1.852701902389526367e-01 -1.931242942810058594e-01 8.992136716842651367e-01 -1.785961687564849854e-01 3.278538584709167480e-01 -9.857614040374755859e-01 5.119785666465759277e-01 -1.970267444849014282e-01 7.066085934638977051e-02 -3.583972454071044922e-01 -9.035980701446533203e-02 3.269961774349212646e-01 -6.618382930755615234e-01 7.118736207485198975e-02 5.169135704636573792e-02 -6.987015604972839355e-01 -8.934146761894226074e-01 1.212453171610832214e-01 1.689299643039703369e-01 3.141768649220466614e-02 1.351120024919509888e-01 -2.541773021221160889e-03 -1.042127162218093872e-01 9.999374747276306152e-01 1.236223727464675903e-01 -1.894561648368835449e-01 -4.591328501701354980e-01 9.806672930717468262e-01 9.796805381774902344e-01 -8.924697339534759521e-02 -5.072006583213806152e-01 -9.967212080955505371e-01 -8.126952648162841797e-01 4.154582023620605469e-01 -9.613107540644705296e-04 1.918858438730239868e-01 3.054019510746002197e-01 9.861842989921569824e-01 7.261861562728881836e-01 9.943472146987915039e-01 2.511554360389709473e-01 9.938059449195861816e-01 -6.418974995613098145e-01 8.817826509475708008e-01 -9.624876976013183594e-01 -9.785442948341369629e-01 9.825068116188049316e-01 2.593629062175750732e-01 5.734463334083557129e-01 5.655063390731811523e-01 -9.949690103530883789e-01 5.887721776962280273e-01 -1.616531759500503540e-01 9.322708845138549805e-01 1.449936032295227051e-01 -5.713309645652770996e-01 -9.362028837203979492e-01 -8.982152342796325684e-01 3.134074509143829346e-01 5.448341742157936096e-02 -7.093013823032379150e-02 7.195504307746887207e-01 4.978209733963012695e-01 -7.479580491781234741e-02 7.194644808769226074e-01 2.203922569751739502e-01 9.889858365058898926e-01 9.935100674629211426e-01 6.066105887293815613e-02 -9.062781333923339844e-01 -1.307391822338104248e-01 2.889192402362823486e-01 2.188023626804351807e-01 9.521783590316772461e-01 -5.949349999427795410e-01 4.789327979087829590e-01 8.509665727615356445e-01 7.724752426147460938e-01 -1.263933256268501282e-02 -6.263756752014160156e-01 3.424533605575561523e-01 -9.665324091911315918e-01 5.088918805122375488e-01 -8.198204636573791504e-01 -3.233981430530548096e-01 -9.712250828742980957e-01 -3.936785757541656494e-01 -5.902857780456542969e-01 9.981495738029479980e-01 2.465822398662567139e-01 4.997466206550598145e-01 1.573157161474227905e-01 1.405251622200012207e-01 9.702613353729248047e-01 1.339243799448013306e-01 -4.782023727893829346e-01 -7.274797558784484863e-02 1.867655068635940552e-01 1.696758568286895752e-01 9.967243671417236328e-01 9.988320469856262207e-01 -7.200072407722473145e-01 9.832589030265808105e-01 9.385605454444885254e-01 6.462706951424479485e-04 9.872032999992370605e-01 -1.466963142156600952e-01 -3.642148077487945557e-01 -2.136108726263046265e-01 3.223909735679626465e-01 1.565057225525379181e-02 -3.656568527221679688e-01 -5.117207020521163940e-02 9.983841776847839355e-01 -5.803397297859191895e-02 -5.590703710913658142e-02 -9.935483932495117188e-01 -2.747595012187957764e-01 -7.468853592872619629e-01 -1.931134909391403198e-01 -9.837661981582641602e-01 4.051113426685333252e-01 7.478020787239074707e-01 3.380789980292320251e-02 8.566982746124267578e-01 9.343534708023071289e-01 -9.995850324630737305e-01 -5.702646449208259583e-02 6.423514336347579956e-02 7.797539830207824707e-01 2.734423279762268066e-01 -9.502048492431640625e-01 9.999209642410278320e-01 -2.871539294719696045e-01 -9.990285038948059082e-01 9.996507763862609863e-01 3.907845914363861084e-02 3.490357697010040283e-01 -1.811974868178367615e-02 -9.922216534614562988e-01 -9.908561110496520996e-01 6.245143413543701172e-01 9.700295925140380859e-01 9.587279558181762695e-01 -2.336252629756927490e-01 -4.676439240574836731e-02 -5.854196473956108093e-02 -9.941595196723937988e-01 -9.999252557754516602e-01 -9.945401549339294434e-01 4.842443168163299561e-01 4.952015876770019531e-01 -9.993466138839721680e-01 9.637165069580078125e-01 -9.891417026519775391e-01 -4.688749611377716064e-01 8.876690864562988281e-01 8.691512048244476318e-02 9.631390571594238281e-01 9.924492835998535156e-01 -9.064703583717346191e-01 -6.214290857315063477e-01 9.904153943061828613e-01 -1.226449236273765564e-01 7.090896368026733398e-01 -4.738675355911254883e-01 9.967023134231567383e-01 -9.185037612915039062e-01 3.751584514975547791e-02 3.329863250255584717e-01 -1.811389625072479248e-01 -8.331485092639923096e-02 9.217304587364196777e-01 1.424367129802703857e-01 -1.128067746758460999e-01 -1.095408424735069275e-01 1.594077423214912415e-02 -1.420078575611114502e-01 9.816976189613342285e-01 -4.114299640059471130e-02 -3.894196748733520508e-01 9.514106065034866333e-02 8.588176965713500977e-02 -9.398124366998672485e-02 -5.724509060382843018e-02 -9.634760618209838867e-01 7.233585119247436523e-01 -8.101303577423095703e-01 -5.948823690414428711e-01 9.764817953109741211e-01 -8.931880444288253784e-02 2.274723052978515625e-01 1.805081218481063843e-01 2.424551099538803101e-01 -8.105282485485076904e-02 -7.397360354661941528e-02 -9.577338695526123047e-01 -8.464459180831909180e-01 5.291485786437988281e-01 9.965230226516723633e-01 -6.605214625597000122e-02 -2.124328613281250000e-01 8.733097314834594727e-01 -9.782164692878723145e-01 7.449960112571716309e-01 8.319752216339111328e-01 9.659300446510314941e-01 1.090591326355934143e-01 9.834465384483337402e-01 2.905284166336059570e-01 -5.408071279525756836e-01 1.301159858703613281e-01 -3.770243003964424133e-02 8.113833069801330566e-01 1.344453892670571804e-03 5.122889280319213867e-01 7.303222548216581345e-03 -3.050637543201446533e-01 -1.496609579771757126e-02 -9.802253842353820801e-01 -7.991800308227539062e-01 6.625073403120040894e-02 -2.213055342435836792e-01 3.376908004283905029e-01 -9.983963966369628906e-01 -8.007345795631408691e-01 -1.082961168140172958e-02 -2.168000787496566772e-01 3.906669914722442627e-01 1.287414808757603168e-03 9.648597836494445801e-01 -5.661838129162788391e-02 2.819348573684692383e-01 4.901734292507171631e-01 -9.976648092269897461e-01 5.823625326156616211e-01 -8.650073409080505371e-02 1.591203808784484863e-01 3.873426020145416260e-01 -6.580888628959655762e-01 1.163410022854804993e-02 -9.977968931198120117e-01 -1.074467450380325317e-01 9.606502652168273926e-01 1.242032200098037720e-01 2.256052792072296143e-01 -8.938218466937541962e-03 8.229401111602783203e-01 -2.141753286123275757e-01 -4.929907619953155518e-02 -1.379557996988296509e-01 -9.997534751892089844e-01 -6.195874810218811035e-01 -3.737989366054534912e-01 -4.495922327041625977e-01 3.138759732246398926e-02 -1.497137397527694702e-01 9.796640872955322266e-01 -2.602651715278625488e-02 -6.210504472255706787e-02 -8.582867980003356934e-01 7.021744251251220703e-01 -1.421024054288864136e-01 7.783347964286804199e-01 -8.940698504447937012e-01 -6.372816562652587891e-01 -6.450233608484268188e-02 3.110179007053375244e-01 -9.974811077117919922e-01 7.111873030662536621e-01 9.786813259124755859e-01 -9.758185744285583496e-01 1.121289562433958054e-03 5.873516201972961426e-01 4.066057801246643066e-01 1.988981813192367554e-01 7.369047999382019043e-01 -7.106998562812805176e-01 -4.633358120918273926e-01 -2.070414572954177856e-01 9.875953793525695801e-01 9.134506434202194214e-02 8.926374912261962891e-01 4.172934591770172119e-01 -9.980002641677856445e-01 7.740068435668945312e-02 -1.047708094120025635e-01 3.806695342063903809e-01 -8.086460083723068237e-02 -4.736208543181419373e-02 -9.102607369422912598e-01 9.716188311576843262e-01 -9.997836947441101074e-01 -7.957343459129333496e-01 4.962601959705352783e-01 -8.151054978370666504e-01 -6.628762483596801758e-01 -4.543415457010269165e-02 -2.412684261798858643e-01 8.062565326690673828e-02 -9.993141293525695801e-01 -9.978630542755126953e-01 1.960740610957145691e-02 -8.497214913368225098e-01 -8.022752404212951660e-01 -9.996668696403503418e-01 2.148996293544769287e-01 -6.889746338129043579e-02 8.923128247261047363e-02 -1.296092290431261063e-02 1.165498420596122742e-01 1.192935332655906677e-01 7.189635038375854492e-01 5.920716375112533569e-02 9.919198751449584961e-01 3.124867081642150879e-01 5.365417525172233582e-02 -2.350387871265411377e-01 9.786911010742187500e-01 -9.057199954986572266e-01 3.461025655269622803e-01 -8.961760997772216797e-01 7.336241751909255981e-02 7.799468636512756348e-01 9.996744394302368164e-01 9.022703170776367188e-01 9.946125149726867676e-01 -9.998899698257446289e-01 -2.716844528913497925e-02 5.442720055580139160e-01 -9.550007581710815430e-01 8.850516676902770996e-01 -1.246097981929779053e-01 2.629454135894775391e-01 -9.564822912216186523e-01 -4.127937853336334229e-01 2.262841016054153442e-01 -9.895165562629699707e-01 9.752358198165893555e-01 -4.187066555023193359e-01 -3.281445801258087158e-02 3.233799636363983154e-01 -1.133009325712919235e-03 2.953279316425323486e-01 -9.337429404258728027e-01 -8.012343049049377441e-01 -5.895658135414123535e-01 1.806200146675109863e-01 -3.534247875213623047e-01 1.561237573623657227e-01 -9.999970793724060059e-01 -7.400689721107482910e-01 -4.202572703361511230e-01 3.247008621692657471e-01 -1.341754347085952759e-01 2.250843495130538940e-01 5.196050405502319336e-01 -8.685162067413330078e-01 9.999006390571594238e-01 -9.981255531311035156e-01 2.763646543025970459e-01 -8.373042196035385132e-02 -4.626642763614654541e-01 2.867145836353302002e-02 -8.776509165763854980e-01 7.354297637939453125e-01 -2.202021777629852295e-01 2.448962330818176270e-01 1.496986150741577148e-01 -3.242933452129364014e-01 -6.317177414894104004e-01
6.236814856529235840e-01 -5.761845111846923828e-01 3.011977076530456543e-01 3.887437582015991211e-01 -4.399684071540832520e-01 9.828580021858215332e-01 9.954628348350524902e-01 -9.329078793525695801e-01 -1.492996513843536377e-01 -9.542798995971679688e-01 1.634052693843841553e-01 -8.548239469528198242e-01 9.958310723304748535e-01 -9.463264942169189453e-01 -6.703757047653198242e-01 -5.380352959036827087e-02 1.926281154155731201e-01 -3.437181189656257629e-02 -4.993578195571899414e-01 -3.298047780990600586e-01 5.946761369705200195e-01 4.140609204769134521e-01 7.712884545326232910e-01 -9.505198001861572266e-01 9.946136474609375000e-01 9.970700144767761230e-01 2.698931843042373657e-02 -3.266598284244537354e-01 -2.104970514774322510e-01 9.984337687492370605e-01 9.841051101684570312e-01 -1.627620905637741089e-01 4.945988655090332031e-01 -1.217419207096099854e-01 -9.716230034828186035e-01 -3.011609017848968506e-01 -6.712804436683654785e-01 -4.710519015789031982e-01 9.891927242279052734e-01 -6.875628978013992310e-02 -3.945484161376953125e-01 2.021797746419906616e-02 4.412520527839660645e-01 -9.714154005050659180e-01 1.713162288069725037e-02 9.864365458488464355e-01 -9.720873236656188965e-01 -4.308234751224517822e-01 3.540462255477905273e-01 -2.440628260374069214e-01 9.916097521781921387e-01 9.015409648418426514e-02 9.096006155014038086e-01 -2.745338380336761475e-01 -1.309879124164581299e-01 2.630212008953094482e-01 2.164407372474670410e-01 9.885753691196441650e-02 -9.929988384246826172e-01 -5.919012427330017090e-01 1.253021229058504105e-02 7.630902528762817383e-02 9.454035758972167969e-01 3.467990159988403320e-01 -2.867988944053649902e-01 -8.777670860290527344e-01 6.457584500312805176e-01 7.462420463562011719e-01 -3.260721266269683838e-01 5.453314781188964844e-01 9.781712889671325684e-01 9.870998859405517578e-01 -5.718995928764343262e-01 -9.382178187370300293e-01 -9.026170372962951660e-01 -8.885677903890609741e-02 1.806344836950302124e-01 3.827796578407287598e-01 -2.524255812168121338e-01 2.499591000378131866e-02 -9.791160821914672852e-01 -3.852958977222442627e-01 9.994086623191833496e-01 -7.081656455993652344e-01 9.914391636848449707e-01 -8.653463125228881836e-01 3.928963840007781982e-01 7.186694443225860596e-02 -1.247751861810684204e-01 4.161412119865417480e-01 -9.526857137680053711e-01 -1.217396110296249390e-01 6.471306085586547852e-01 -9.199646711349487305e-01 6.420627236366271973e-01 3.858036547899246216e-02 9.782767295837402344e-01 -9.021933376789093018e-02 -9.492631554603576660e-01 -3.785206973552703857e-01 7.626407742500305176e-01 3.624555468559265137e-01 5.637427568435668945e-01 -2.167452424764633179e-01 -2.166914343833923340e-01 -2.634553015232086182e-01 9.805766344070434570e-01 6.167457699775695801e-01 -4.072195589542388916e-01 -6.575549244880676270e-01 1.358406096696853638e-01 7.627915143966674805e-01 -7.364368438720703125e-01 -9.790464639663696289e-01 -4.512107670307159424e-01 3.593410253524780273e-01 -5.320657491683959961e-01 5.523925423622131348e-01 1.524797528982162476e-01 9.850006103515625000e-01 -9.742234349250793457e-01 -5.105227231979370117e-01 -9.626019597053527832e-01 9.959192872047424316e-01 -5.223805308341979980e-01 -1.369003951549530029e-01 -8.739394545555114746e-01 -1.449548900127410889e-01 -7.000288367271423340e-01 -3.481022417545318604e-01 2.998071014881134033e-01 8.880204558372497559e-01 -7.026378512382507324e-01 3.312590718269348145e-01 4.620186388492584229e-01 -9.679080247879028320e-01 9.820726513862609863e-01 -9.889306426048278809e-01 2.173332571983337402e-01 -3.796828538179397583e-02 9.991596341133117676e-01 2.833231985569000244e-01 -5.439314842224121094e-01 7.024426460266113281e-01 -1.360145211219787598e-02 -7.854124307632446289e-01 -3.749667108058929443e-01 9.683944582939147949e-01 8.851920962333679199e-01 -9.489716589450836182e-02 -2.391420751810073853e-01 -1.813827753067016602e-01 6.936131119728088379e-01 -2.499238103628158569e-01 2.934872508049011230e-01 -4.679351150989532471e-01 -9.959681630134582520e-01 -6.015299558639526367e-01 -4.465049877762794495e-02 -1.545683294534683228e-01 -2.599423527717590332e-01 3.135398030281066895e-01 -4.050996303558349609e-01 -5.517489314079284668e-01 9.994087219238281250e-01 -1.152813434600830078e-01 -5.684747099876403809e-01 -3.585655987262725830e-01 9.909251332283020020e-01 6.730920076370239258e-01 3.510285317897796631e-01 -3.349961936473846436e-01 -9.781062602996826172e-01 -9.982178807258605957e-01 6.144402176141738892e-02 3.527952730655670166e-01 5.433891434222459793e-03 -1.752119660377502441e-01 9.903357625007629395e-01 9.952650070190429688e-01 9.644338488578796387e-01 -8.613711595535278320e-02 8.414868712425231934e-01 -9.944078326225280762e-01 3.408898115158081055e-01 -8.800491690635681152e-01 -4.127923548221588135e-01 4.761605560779571533e-01 6.622945070266723633e-01 8.679591417312622070e-01 1.173693761229515076e-01 -8.697764277458190918e-01 4.370346963405609131e-01 -6.478831917047500610e-02 8.852741718292236328e-01 -2.585807740688323975e-01 -9.178679585456848145e-01 -9.925706386566162109e-01 -8.345401287078857422e-01 -2.113600671291351318e-01 -3.722725808620452881e-01 1.116296499967575073e-01 8.358207345008850098e-01 3.481974005699157715e-01 2.598318457603454590e-01 -9.551573991775512695e-01 -5.024163722991943359e-01 -1.775312274694442749e-01 8.322194218635559082e-01 -2.260409593582153320e-01 -1.132981106638908386e-01 -9.421801567077636719e-01 1.331972479820251465e-01 5.681339502334594727e-01 9.648057222366333008e-01 -9.120393991470336914e-01 9.534978866577148438e-01 9.758306145668029785e-01 9.977841377258300781e-01 -5.000815391540527344e-01 -8.662917613983154297e-01 -2.356311827898025513e-01 -3.115302622318267822e-01 3.706703782081604004e-01 -9.535845518112182617e-01 3.815330192446708679e-02 -9.846101403236389160e-01 -2.296381294727325439e-01 -6.156194210052490234e-01 9.875230789184570312e-01 4.536065757274627686e-01 -1.261543631553649902e-01 -5.765478014945983887e-01 3.706760108470916748e-01 9.633440375328063965e-01 2.658838927745819092e-01 5.731258988380432129e-01 -5.674017667770385742e-01 2.635069787502288818e-01 1.855857521295547485e-01 9.962698817253112793e-01 9.990529417991638184e-01 -5.825901031494140625e-01 8.649986386299133301e-01 9.989834427833557129e-01 -3.015489280223846436e-01 9.929468631744384766e-01 1.574619859457015991e-02 -5.358670949935913086e-01 3.044586479663848877e-01 3.415854573249816895e-01 -2.325548380613327026e-01 -3.581689298152923584e-01 2.024763077497482300e-01 9.952707290649414062e-01 -2.804270088672637939e-01 -2.661787569522857666e-01 -9.988046288490295410e-01 1.888619959354400635e-01 7.420879602432250977e-01 7.663497328758239746e-02 -9.388943314552307129e-01 -1.386139392852783203e-01 -9.104851484298706055e-01 2.635068297386169434e-01 9.259325265884399414e-01 9.669609069824218750e-01 -9.978646636009216309e-01 -2.700029611587524414e-01 3.235642239451408386e-02 9.828870892524719238e-01 -2.258892953395843506e-01 -6.893466413021087646e-02 9.937179684638977051e-01 -7.624959349632263184e-01 -9.678077101707458496e-01 3.800409734249114990e-01 6.169615387916564941e-01 8.564978837966918945e-01 3.566288650035858154e-01 -9.137096405029296875e-01 -5.012614727020263672e-01 9.951509833335876465e-01 6.090121865272521973e-01 2.845478951930999756e-01 -8.759106695652008057e-02 -2.151236236095428467e-01 3.752894699573516846e-01 -9.960598945617675781e-01 -9.992848634719848633e-01 -9.477644562721252441e-01 4.176762104034423828e-01 3.075990378856658936e-01 -2.752963602542877197e-01 9.898523092269897461e-01 -9.920425415039062500e-01 -1.348124444484710693e-01 9.474556446075439453e-01 -3.140983879566192627e-01 9.802961349487304688e-01 9.940150380134582520e-01 -8.375658392906188965e-01 -6.440497040748596191e-01 9.245251417160034180e-01 -2.440613806247711182e-01 6.817988753318786621e-01 4.661586284637451172e-01 9.747981429100036621e-01 3.707613945007324219e-01 1.411552280187606812e-01 -2.040068507194519043e-01 -9.368973970413208008e-01 -1.184914633631706238e-01 9.921809434890747070e-01 5.796837806701660156e-01 3.051692247390747070e-02 -8.970490843057632446e-02 2.403924912214279175e-01 2.132568955421447754e-01 9.961965084075927734e-01 3.854465782642364502e-01 6.216915249824523926e-01 -1.982402503490447998e-01 -8.278772234916687012e-01 -3.763045370578765869e-01 -2.622433006763458252e-01 -9.661784768104553223e-01 1.171320751309394836e-01 -9.958031177520751953e-01 -9.169526696205139160e-01 9.959337711334228516e-01 3.640874326229095459e-01 -1.853353828191757202e-01 -9.731044173240661621e-01 -7.796700578182935715e-03 5.030379295349121094e-01 1.768509000539779663e-01 -9.479420781135559082e-01 -9.975757598876953125e-01 -1.743174530565738678e-02 9.896247386932373047e-01 -4.814272224903106689e-01 -2.582643926143646240e-01 9.839479923248291016e-01 -7.164270877838134766e-01 -9.707249999046325684e-01 8.619949221611022949e-01 9.994332194328308105e-01 -5.820884555578231812e-02 8.429511189460754395e-01 1.740266680717468262e-01 4.133119285106658936e-01 -5.606565475463867188e-01 -2.944824993610382080e-01 9.979656934738159180e-01 -2.611490190029144287e-01 9.424289464950561523e-01 -2.306355535984039307e-01 -5.131400823593139648e-01 3.903252780437469482e-01 -9.958228468894958496e-01 -9.980215430259704590e-01 -5.018009543418884277e-01 8.427564799785614014e-02 1.257621645927429199e-01 -9.940966963768005371e-01 -9.982767105102539062e-01 2.360558956861495972e-01 3.260527253150939941e-01 7.299422025680541992e-01 -1.533522754907608032e-01 9.463546276092529297e-01 -3.579733073711395264e-01 -1.406491696834564209e-01 -8.619955182075500488e-01 -9.966686367988586426e-01 -2.610516250133514404e-01 5.931646823883056641e-01 -1.888512820005416870e-01 1.868468895554542542e-02 4.711010754108428955e-01 3.506287336349487305e-01 -2.928673326969146729e-01 3.305510580539703369e-01 9.956451654434204102e-01 1.810739636421203613e-01 3.891191184520721436e-01 -5.422368645668029785e-01 9.842091202735900879e-01 -6.031760573387145996e-02 -2.996739149093627930e-01 8.871547579765319824e-01 -9.938631057739257812e-01 5.280030891299247742e-02 -4.376434534788131714e-02 -2.459605932235717773e-01 -2.798860669136047363e-01 -5.615659356117248535e-01 9.924945831298828125e-01 1.531560570001602173e-01 1.330187916755676270e-01 4.351184666156768799e-01 9.915365576744079590e-01 -3.784308433532714844e-01 8.805888891220092773e-01 -8.171591162681579590e-01 -9.962095022201538086e-01 -2.184361666440963745e-01 3.178229331970214844e-01 -9.329071044921875000e-01 -9.648588299751281738e-01 5.075775980949401855e-01 -9.362052679061889648e-01 2.833105623722076416e-01 4.245716333389282227e-01 4.702087342739105225e-01 2.006635218858718872e-01 8.747949004173278809e-01 -1.548229008913040161e-01 -8.879838585853576660e-01 -4.855044782161712646e-01 -2.127658762037754059e-02 1.101218536496162415e-01 9.951865077018737793e-01 5.276271700859069824e-01 -9.645845293998718262e-01 -1.739896535873413086e-01 5.722522735595703125e-01 -6.353275477886199951e-02 4.469989612698554993e-02 9.065239876508712769e-02 -9.851420521736145020e-01 -3.821880817413330078e-01 -9.997391104698181152e-01 -5.403298139572143555e-01 2.543728351593017578e-01 -8.934847116470336914e-01 -7.842182517051696777e-01 -2.227151393890380859e-01 -6.442660689353942871e-01 -4.586705565452575684e-02 -9.484184980392456055e-01 -9.858990311622619629e-01 5.436441898345947266e-01 -9.887449741363525391e-01 -9.475671052932739258e-01 -9.872364997863769531e-01 5.996852517127990723e-01 -5.780634880065917969e-01 6.864037364721298218e-02 1.974572241306304932e-01 -4.478170871734619141e-01 -1.522021889686584473e-01 5.491128563880920410e-01 5.066999793052673340e-01 9.937693476676940918e-01 2.745634615421295166e-01 1.619916558265686035e-01 -1.056879684329032898e-01 8.689669370651245117e-01 3.706511259078979492e-01 3.638978675007820129e-02 -9.930264353752136230e-01 4.816811382770538330e-01 9.941622614860534668e-01 9.910654425621032715e-01 9.927535057067871094e-01 9.951820969581604004e-01 -9.755657911300659180e-01 -4.724962711334228516e-01 1.219389513134956360e-01 7.516551762819290161e-02 8.509994745254516602e-01 -1.088106557726860046e-01 4.651686176657676697e-02 -9.566429853439331055e-01 -8.711499571800231934e-01 3.604099750518798828e-01 -9.916595816612243652e-01 9.723982810974121094e-01 3.333531618118286133e-01 4.176715910434722900e-01 4.974940121173858643e-01 3.009983301162719727e-01 2.860422432422637939e-01 -2.438865602016448975e-01 -9.153118729591369629e-01 -3.002991378307342529e-01 -3.429870009422302246e-01 -2.846583127975463867e-01 1.324415206909179688e-01 -9.997643828392028809e-01 -2.559038400650024414e-01 -9.443397521972656250e-01 1.089792400598526001e-01 -6.117593050003051758e-01 -9.749985486268997192e-02 1.976659744977951050e-01 -1.081887409090995789e-01 9.910713434219360352e-01 -9.966788887977600098e-01 6.257606297731399536e-02 3.010536916553974152e-02 2.516837716102600098e-01 5.681602656841278076e-02 -9.418542981147766113e-01 6.386482119560241699e-01 9.598611593246459961e-01 5.196317434310913086e-01 -1.571930497884750366e-01 -5.415359139442443848e-01 -6.216204762458801270e-01
6.701313853263854980e-01 1.543379668146371841e-02 4.665481671690940857e-02 2.875498235225677490e-01 3.888491392135620117e-01 9.943983554840087891e-01 6.012001037597656250e-01 -9.143366217613220215e-01 -1.731999069452285767e-01 -9.826546907424926758e-01 -9.908377192914485931e-03 -6.927951574325561523e-01 7.967451214790344238e-01 -3.876006603240966797e-01 -9.340701699256896973e-01 2.393375709652900696e-02 -2.149313092231750488e-01 -2.503042519092559814e-01 -5.494993925094604492e-01 -1.141050308942794800e-01 5.018573403358459473e-01 9.952563047409057617e-02 2.327336221933364868e-01 -6.491972804069519043e-01 9.994440078735351562e-01 9.959436058998107910e-01 -1.533164978027343750e-01 -6.994868069887161255e-02 -3.115216828882694244e-02 9.797006845474243164e-01 8.811658024787902832e-01 -2.549175620079040527e-01 4.426217973232269287e-01 -9.861991554498672485e-02 -9.823794364929199219e-01 -3.878921270370483398e-01 -6.205741763114929199e-01 -2.491259425878524780e-01 9.961918592453002930e-01 -2.049879133701324463e-01 -3.688634037971496582e-01 -4.015942513942718506e-01 1.734453737735748291e-01 -9.925160408020019531e-01 -1.024943590164184570e-02 8.205634951591491699e-01 -9.410676360130310059e-01 -1.730459779500961304e-01 9.390944838523864746e-01 -2.299311906099319458e-01 9.977864027023315430e-01 -1.988846659660339355e-01 9.868199229240417480e-01 6.091109244152903557e-04 -1.453700214624404907e-01 -3.290004134178161621e-01 -1.820211857557296753e-01 -1.928540319204330444e-01 -9.998483657836914062e-01 -9.750681519508361816e-01 -3.655225336551666260e-01 1.029626429080963135e-01 9.582063555717468262e-01 -1.900397241115570068e-01 1.264945720322430134e-03 -9.994647502899169922e-01 2.077743560075759888e-01 9.121128320693969727e-01 1.563277840614318848e-01 -7.917316257953643799e-02 9.878190755844116211e-01 9.879829883575439453e-01 -9.439559578895568848e-01 -8.738855123519897461e-01 -9.932916760444641113e-01 -1.377076003700494766e-02 1.047253757715225220e-01 9.195025563240051270e-01 1.330324709415435791e-01 -3.176297247409820557e-01 -9.586033225059509277e-01 -2.008543312549591064e-01 9.996855854988098145e-01 -4.498210921883583069e-02 9.872633218765258789e-01 -6.584112048149108887e-01 2.839029394090175629e-02 -3.939191699028015137e-01 -1.791075468063354492e-01 -2.260014181956648827e-03 -9.855296015739440918e-01 2.799713425338268280e-02 5.903924703598022461e-01 -9.917781352996826172e-01 -9.700530171394348145e-01 -4.487862288951873779e-01 8.797926902770996094e-01 -1.602793037891387939e-01 -7.613421678543090820e-01 -8.990339189767837524e-02 6.019230484962463379e-01 -6.996654868125915527e-01 1.671434193849563599e-01 -2.903989851474761963e-01 1.258464604616165161e-01 1.080261319875717163e-01 9.693487286567687988e-01 5.107686519622802734e-01 -4.576466381549835205e-01 -5.547674298286437988e-01 -3.582915663719177246e-01 8.229027986526489258e-01 2.138746529817581177e-01 -9.930157065391540527e-01 -1.807205080986022949e-01 -5.752357468008995056e-02 -9.193937778472900391e-01 -1.499497890472412109e-01 3.560456335544586182e-01 9.977522492408752441e-01 -9.716449379920959473e-01 -5.123615264892578125e-02 -9.744622111320495605e-01 9.142184853553771973e-01 -2.793430387973785400e-01 -4.723504483699798584e-01 -4.031373262405395508e-01 -5.563779473304748535e-01 -4.775007665157318115e-01 -4.537928402423858643e-01 9.605145454406738281e-01 9.968345165252685547e-01 -1.494440808892250061e-02 6.530536711215972900e-02 2.291119396686553955e-01 -9.883392453193664551e-01 9.970711469650268555e-01 -9.973670244216918945e-01 8.841862678527832031e-01 9.182583540678024292e-02 9.999935626983642578e-01 4.159048795700073242e-01 -1.066395193338394165e-01 2.253796458244323730e-01 -4.924391806125640869e-01 -5.327910184860229492e-05 7.591548562049865723e-01 9.949286580085754395e-01 6.615928560495376587e-02 -2.264811247587203979e-01 -3.755797743797302246e-01 7.566562294960021973e-02 4.343426823616027832e-01 -3.896147012710571289e-01 4.008653014898300171e-02 -1.616248190402984619e-01 -9.384595751762390137e-01 1.675805896520614624e-01 1.092606782913208008e-01 3.599132299423217773e-01 -2.468961030244827271e-01 -3.911482989788055420e-01 5.225545912981033325e-02 -7.204658985137939453e-01 9.999564886093139648e-01 -2.868929207324981689e-01 -4.878971874713897705e-01 -4.766687750816345215e-01 9.201793670654296875e-01 -4.175647199153900146e-01 4.133644327521324158e-02 -9.866036176681518555e-01 -9.927783608436584473e-01 -9.707347750663757324e-01 -3.237927258014678955e-01 2.805581390857696533e-01 -7.274228334426879883e-01 1.686847358942031860e-01 9.937376379966735840e-01 9.983160495758056641e-01 9.337719678878784180e-01 -1.810086518526077271e-01 9.643638730049133301e-01 -9.637410640716552734e-01 3.781656324863433838e-01 -8.645956516265869141e-01 -6.346800923347473145e-01 -8.066893219947814941e-01 1.226686835289001465e-01 7.476357817649841309e-01 -3.689912706613540649e-02 -9.681615829467773438e-01 -9.930601119995117188e-01 1.003285348415374756e-01 8.996963500976562500e-01 7.055304944515228271e-02 -7.159203886985778809e-01 -9.948052763938903809e-01 1.475380957126617432e-01 1.009585037827491760e-01 -1.670154556632041931e-02 6.662437319755554199e-02 4.218265116214752197e-01 -1.261394321918487549e-01 3.410354852676391602e-01 7.941823005676269531e-01 1.439527235925197601e-02 9.868944287300109863e-01 9.590567350387573242e-01 -1.936465054750442505e-01 -7.965163588523864746e-01 1.923051476478576660e-01 -8.257114142179489136e-02 4.164569675922393799e-01 9.742558598518371582e-01 -9.852431416511535645e-01 4.806438684463500977e-01 9.665944576263427734e-01 9.867206811904907227e-01 -7.736210525035858154e-02 -7.939944863319396973e-01 -1.003791764378547668e-01 -7.611802220344543457e-01 4.326436519622802734e-01 -8.170295357704162598e-01 4.312013387680053711e-01 -9.945811629295349121e-01 -2.106645405292510986e-01 -7.967889308929443359e-01 8.648192882537841797e-01 2.363996207714080811e-01 -1.810575723648071289e-01 -3.122180104255676270e-01 7.134531736373901367e-01 9.853013157844543457e-01 3.336976170539855957e-01 -8.925700187683105469e-01 -2.862022221088409424e-01 3.972890675067901611e-01 5.927898362278938293e-02 9.922485351562500000e-01 9.999974966049194336e-01 -4.040533006191253662e-01 8.913900256156921387e-01 9.803353548049926758e-01 6.187473610043525696e-02 6.216483712196350098e-01 8.644148707389831543e-02 5.527691841125488281e-01 3.895375430583953857e-01 3.257504403591156006e-01 -4.745478928089141846e-02 7.931498438119888306e-02 6.287100911140441895e-01 9.997065663337707520e-01 -5.630311742424964905e-02 -4.117663204669952393e-01 -9.997684359550476074e-01 -2.545450031757354736e-01 4.913285970687866211e-01 -1.660601496696472168e-01 -9.991242885589599609e-01 2.116709649562835693e-01 -8.470866680145263672e-01 -2.116511389613151550e-02 6.331127285957336426e-01 9.918559789657592773e-01 -9.760372638702392578e-01 1.078208237886428833e-01 -8.647074550390243530e-02 9.827035069465637207e-01 -1.826329380273818970e-01 -5.148455500602722168e-01 9.999161958694458008e-01 -7.093055844306945801e-01 -9.912049770355224609e-01 9.988183379173278809e-01 4.240079224109649658e-01 9.965010285377502441e-01 2.870453596115112305e-01 -9.959608912467956543e-01 -7.929357290267944336e-01 9.689292907714843750e-01 9.965132474899291992e-01 6.684631109237670898e-01 -2.558197677135467529e-01 8.544708788394927979e-02 2.193748205900192261e-01 -9.997643828392028809e-01 -9.996177554130554199e-01 -4.035683870315551758e-01 6.108822226524353027e-01 9.335408918559551239e-03 9.076501131057739258e-01 9.983024001121520996e-01 -9.926576018333435059e-01 -4.959186613559722900e-01 9.247625470161437988e-01 4.488382022827863693e-03 9.959641695022583008e-01 9.993714094161987305e-01 -7.005253434181213379e-01 -4.240408539772033691e-01 9.636750221252441406e-01 -4.068420529365539551e-01 5.169816017150878906e-01 2.827854156494140625e-01 9.994731545448303223e-01 -1.031822413206100464e-01 2.253056615591049194e-01 -8.014369010925292969e-02 6.544623374938964844e-01 -4.897273704409599304e-02 9.930649995803833008e-01 9.157770276069641113e-01 -4.744129627943038940e-02 2.255164235830307007e-01 3.547815382480621338e-01 5.868374928832054138e-02 9.999563097953796387e-01 2.069665640592575073e-01 -7.431697100400924683e-02 -1.564275920391082764e-01 -9.249327182769775391e-01 -4.434747695922851562e-01 -5.891608595848083496e-01 -9.844102263450622559e-01 -5.211970806121826172e-01 -9.904488921165466309e-01 8.776161670684814453e-01 9.908471703529357910e-01 3.777453899383544922e-01 -5.084905028343200684e-02 3.044593036174774170e-01 2.157353013753890991e-01 2.878390848636627197e-01 -4.055173322558403015e-02 -8.015214800834655762e-01 -9.912933707237243652e-01 1.922515630722045898e-01 9.920928478240966797e-01 -1.688180118799209595e-01 -4.604399800300598145e-01 9.282246828079223633e-01 -5.633413195610046387e-01 -9.224611520767211914e-01 8.209224343299865723e-01 9.999830722808837891e-01 4.153625369071960449e-01 7.366632223129272461e-01 2.380478382110595703e-01 -2.177110873162746429e-02 2.796794101595878601e-02 3.959584608674049377e-02 9.851841926574707031e-01 8.553622663021087646e-02 1.209498271346092224e-01 -8.545798808336257935e-02 -1.144264563918113708e-01 5.817825719714164734e-02 -9.557319283485412598e-01 -9.745273590087890625e-01 -3.094372451305389404e-01 -1.737674176692962646e-01 -1.219763010740280151e-01 -9.739487767219543457e-01 -9.814098477363586426e-01 6.333808898925781250e-01 5.562252402305603027e-01 6.064274907112121582e-01 -4.186190962791442871e-01 9.992134571075439453e-01 -3.615583181381225586e-01 3.288908600807189941e-01 -6.293948292732238770e-01 -9.926249980926513672e-01 -3.643188774585723877e-01 1.196346580982208252e-01 3.836851939558982849e-02 2.284388393163681030e-01 9.444459080696105957e-01 2.500759065151214600e-01 -9.571362137794494629e-01 3.979049324989318848e-01 9.996328949928283691e-01 -9.269563555717468262e-01 6.284429430961608887e-01 -8.609503507614135742e-02 9.771288037300109863e-01 -2.125892788171768188e-02 -3.968041539192199707e-01 8.686930537223815918e-01 -9.995288252830505371e-01 3.382139503955841064e-01 -1.796410828828811646e-01 -3.265493214130401611e-01 -3.511557281017303467e-01 -4.995755851268768311e-01 9.937810301780700684e-01 -1.881685256958007812e-01 4.528765082359313965e-01 -6.101756691932678223e-01 7.578486204147338867e-01 -6.056457161903381348e-01 9.334164857864379883e-01 -9.813990592956542969e-01 -9.405956268310546875e-01 1.484428495168685913e-01 2.569072246551513672e-01 -9.874628782272338867e-01 -8.365854620933532715e-01 6.588275432586669922e-01 -9.308351874351501465e-01 -2.399993538856506348e-01 1.372698098421096802e-01 -5.650876462459564209e-02 4.875018596649169922e-01 2.396071702241897583e-02 -1.945641189813613892e-01 -9.905497431755065918e-01 -4.769289791584014893e-01 -2.830118834972381592e-01 4.907817244529724121e-01 9.997870922088623047e-01 7.294675111770629883e-01 -9.473770856857299805e-01 -3.657601475715637207e-01 5.436040163040161133e-01 -1.394079439342021942e-02 9.335354715585708618e-02 3.572202920913696289e-01 -9.904835820198059082e-01 8.905513882637023926e-01 -9.999167919158935547e-01 -9.570570588111877441e-01 2.792734503746032715e-01 -4.240181446075439453e-01 -7.778301835060119629e-01 -4.808970913290977478e-02 -4.848515391349792480e-01 -2.619346082210540771e-01 -9.915063977241516113e-01 -9.802306294441223145e-01 2.634896636009216309e-01 -9.938907623291015625e-01 -9.989235401153564453e-01 -9.929909110069274902e-01 4.899335801601409912e-01 -3.189241588115692139e-01 2.669649124145507812e-01 6.759116053581237793e-01 1.254968624562025070e-02 5.151983723044395447e-02 9.871829152107238770e-01 5.228549838066101074e-01 9.958347082138061523e-01 9.790339320898056030e-02 3.013023436069488525e-01 -1.902398886159062386e-03 9.927381873130798340e-01 8.878418207168579102e-01 1.024834588170051575e-01 -9.923439025878906250e-01 9.170804172754287720e-02 9.875941276550292969e-01 9.969604611396789551e-01 9.372184872627258301e-01 9.868671298027038574e-01 -9.947648644447326660e-01 -2.071079015731811523e-01 5.219023823738098145e-01 7.954666018486022949e-01 6.738319993019104004e-01 3.881263546645641327e-03 1.618635058403015137e-01 -9.922249317169189453e-01 -9.905371665954589844e-01 4.843690097332000732e-01 -9.889415502548217773e-01 9.991976618766784668e-01 2.212557792663574219e-01 1.028556525707244873e-01 4.527332484722137451e-01 2.302889712154865265e-02 -4.151925072073936462e-02 -8.764327764511108398e-01 -9.921201467514038086e-01 -4.601845443248748779e-01 3.568759560585021973e-02 -3.209270834922790527e-01 -2.538451850414276123e-01 -9.999836683273315430e-01 -9.586577415466308594e-01 -9.854397773742675781e-01 -6.309763528406620026e-03 -6.144487261772155762e-01 -2.793152034282684326e-01 3.365684747695922852e-01 -8.406956791877746582e-01 9.923235177993774414e-01 -9.650781154632568359e-01 -1.701090037822723389e-01 6.004655957221984863e-01 1.258275657892227173e-01 3.625908792018890381e-01 -9.366950988769531250e-01 6.648456454277038574e-01 -3.651645779609680176e-01 3.823350965976715088e-01 7.352907210588455200e-02 -5.619020462036132812e-01 -8.412038683891296387e-01
9.515097737312316895e-01 5.211675763130187988e-01 3.966969624161720276e-02 3.801330924034118652e-01 1.710664182901382446e-01 9.849202632904052734e-01 9.726277589797973633e-01 -9.842640161514282227e-01 1.678981930017471313e-01 -9.852875471115112305e-01 4.429633617401123047e-01 -9.229572415351867676e-01 9.794387221336364746e-01 -9.904984831809997559e-01 -9.544076323509216309e-01 3.087072670459747314e-01 -4.076944589614868164e-01 -1.707277745008468628e-01 -4.867439568042755127e-01 -2.024239301681518555e-01 1.954039484262466431e-01 1.930100470781326294e-01 5.343766808509826660e-01 -2.719922959804534912e-01 9.997742176055908203e-01 9.922508001327514648e-01 -3.576226234436035156e-01 -7.784939557313919067e-02 2.824979424476623535e-01 9.863681197166442871e-01 9.850932955741882324e-01 2.069262564182281494e-01 5.450381636619567871e-01 1.704730242490768433e-01 -9.970914721488952637e-01 1.506914645433425903e-01 -6.452608704566955566e-01 -1.369392275810241699e-01 8.738436102867126465e-01 2.543967962265014648e-02 4.411476552486419678e-01 -2.328037023544311523e-01 2.951406538486480713e-01 -9.970790147781372070e-01 2.812840640544891357e-01 4.984684884548187256e-01 -3.953960835933685303e-01 2.248700857162475586e-01 9.989751577377319336e-01 -2.890577316284179688e-01 9.733902812004089355e-01 -6.089469790458679199e-02 9.352328181266784668e-01 -2.328251898288726807e-01 -2.766551375389099121e-01 -8.671005070209503174e-02 -3.266570866107940674e-01 2.550920238718390465e-03 -9.996352791786193848e-01 -9.918494224548339844e-01 -2.637616395950317383e-01 4.752545431256294250e-02 9.948022365570068359e-01 -3.120470046997070312e-02 1.132606863975524902e-01 -9.215004444122314453e-01 9.603023529052734375e-01 8.746561408042907715e-01 1.308739483356475830e-01 -9.237722158432006836e-01 9.946869611740112305e-01 9.986380934715270996e-01 -9.271343350410461426e-01 -7.024503350257873535e-01 -9.390445351600646973e-01 -5.834962725639343262e-01 -6.732027232646942139e-02 9.671502709388732910e-01 1.847373396158218384e-01 4.165346175432205200e-02 -8.896988630294799805e-01 4.134326577186584473e-01 9.989168643951416016e-01 -2.931221127510070801e-01 9.918830394744873047e-01 3.034932613372802734e-01 2.101909369230270386e-01 3.883423805236816406e-01 -7.068383693695068359e-02 -2.165651619434356689e-01 -9.903118014335632324e-01 -2.719855010509490967e-01 3.496004939079284668e-01 -9.994682073593139648e-01 -6.531020998954772949e-01 -5.982050299644470215e-01 9.172054529190063477e-01 1.727462708950042725e-01 -9.982752203941345215e-01 2.958113253116607666e-01 -9.360390156507492065e-02 -6.004346013069152832e-01 -5.267578363418579102e-01 -1.238875016570091248e-01 1.929075568914413452e-01 3.759009540081024170e-01 9.602555036544799805e-01 2.652273178100585938e-01 -1.185534074902534485e-01 4.072069525718688965e-01 -7.097899913787841797e-02 3.006055653095245361e-01 1.622163802385330200e-01 -9.952201247215270996e-01 -3.026303052902221680e-01 -8.180016279220581055e-02 -8.408123850822448730e-01 6.989632248878479004e-01 1.103305816650390625e-01 9.996832013130187988e-01 -9.694246649742126465e-01 2.333664149045944214e-01 -9.435186982154846191e-01 9.952839612960815430e-01 5.612293630838394165e-02 -2.393095195293426514e-01 8.533692955970764160e-01 7.977362722158432007e-02 -4.167424440383911133e-01 -2.633762955665588379e-01 9.983469843864440918e-01 9.284021854400634766e-01 -7.348152399063110352e-01 1.087924614548683167e-01 4.003545343875885010e-01 1.349655836820602417e-01 9.926924109458923340e-01 -9.977718591690063477e-01 -6.089757680892944336e-01 1.078438311815261841e-01 9.999966621398925781e-01 4.734581112861633301e-01 1.037559881806373596e-01 9.460901021957397461e-01 -2.499572783708572388e-01 7.569344639778137207e-01 -6.536579728126525879e-01 9.986382126808166504e-01 -5.863830447196960449e-01 -3.332612812519073486e-01 -3.923400491476058960e-02 -1.370878964662551880e-01 9.068580865859985352e-01 3.634350597858428955e-01 2.686821222305297852e-01 1.490277945995330811e-01 -9.489039182662963867e-01 9.915354847908020020e-01 2.964663207530975342e-01 1.327731758356094360e-01 -3.121083974838256836e-01 2.035624533891677856e-02 -3.728122711181640625e-01 -5.304750204086303711e-01 9.999902844429016113e-01 -8.920031040906906128e-02 -7.190503180027008057e-02 -6.269372701644897461e-01 9.041420221328735352e-01 -6.080276966094970703e-01 2.535170316696166992e-02 2.149027287960052490e-01 -9.993485808372497559e-01 -9.833469986915588379e-01 1.241293624043464661e-01 1.275018006563186646e-01 6.148559451103210449e-01 1.206839010119438171e-01 9.912315607070922852e-01 9.926024675369262695e-01 7.668469548225402832e-01 -1.151325628161430359e-01 9.957383871078491211e-01 -8.839083909988403320e-01 6.014608144760131836e-01 -9.985403418540954590e-01 -2.903774976730346680e-01 -9.119700789451599121e-01 3.456661701202392578e-01 9.934832453727722168e-01 9.162443876266479492e-01 -9.722707271575927734e-01 -9.944103956222534180e-01 1.847132444381713867e-01 9.761729240417480469e-01 5.047526955604553223e-01 -9.681351184844970703e-01 -9.938667416572570801e-01 6.925419569015502930e-01 1.794263869524002075e-01 1.461218744516372681e-01 -3.546843826770782471e-01 1.102951318025588989e-01 -1.350270807743072510e-01 -7.733447104692459106e-02 5.681843161582946777e-01 -1.254564970731735229e-01 9.825855493545532227e-01 9.683530330657958984e-01 -2.580971419811248779e-01 -6.177091598510742188e-01 -5.104152560234069824e-01 -2.490070164203643799e-01 5.398452281951904297e-01 9.898976087570190430e-01 -9.931880831718444824e-01 4.722789525985717773e-01 9.907492399215698242e-01 9.888285994529724121e-01 3.119632601737976074e-01 -9.063417911529541016e-01 -1.212383657693862915e-01 -9.735754132270812988e-01 3.966385871171951294e-02 -9.593172669410705566e-01 2.180235832929611206e-01 -9.808073043823242188e-01 9.159842133522033691e-02 -8.810993432998657227e-01 9.811050295829772949e-01 -9.035472571849822998e-02 2.524375915527343750e-01 9.639644622802734375e-02 2.314213961362838745e-01 9.579978585243225098e-01 4.752887487411499023e-01 2.257347851991653442e-01 -2.690313160419464111e-01 4.995204880833625793e-02 -2.905872762203216553e-01 9.248244762420654297e-01 9.999981522560119629e-01 -8.118900656700134277e-01 6.122197508811950684e-01 9.364392161369323730e-01 1.590742319822311401e-01 9.799394607543945312e-01 -2.902926504611968994e-01 7.963073253631591797e-01 -9.705477952957153320e-02 1.940064281225204468e-01 7.422851026058197021e-02 -1.749805361032485962e-02 3.900035470724105835e-02 9.980614781379699707e-01 2.241842746734619141e-01 -1.565969586372375488e-01 -9.946086406707763672e-01 -2.489242888987064362e-02 9.786391258239746094e-01 -2.350768744945526123e-01 -9.978750944137573242e-01 -3.090615384280681610e-02 -9.468224048614501953e-01 -7.835781574249267578e-02 9.859691262245178223e-01 9.759012460708618164e-01 -5.582852959632873535e-01 4.192395508289337158e-01 -2.289527505636215210e-01 9.972971677780151367e-01 -3.299717903137207031e-01 1.032457575201988220e-01 9.999486207962036133e-01 -2.580806612968444824e-01 -9.777382612228393555e-01 9.822773337364196777e-01 -5.549360811710357666e-02 9.781910777091979980e-01 1.455982327461242676e-01 -9.869954586029052734e-01 -9.812797307968139648e-01 8.998759984970092773e-01 9.976174235343933105e-01 8.732573390007019043e-01 1.886767446994781494e-01 2.526611089706420898e-01 -7.096866518259048462e-02 -9.987367987632751465e-01 -9.990100860595703125e-01 -9.719672799110412598e-01 2.935641705989837646e-01 4.669741988182067871e-01 9.960695505142211914e-01 9.965512156486511230e-01 -9.974225759506225586e-01 2.906088829040527344e-01 9.667644500732421875e-01 2.343665063381195068e-01 9.790352582931518555e-01 9.948670864105224609e-01 -9.241974353790283203e-01 -6.082201004028320312e-01 7.070389389991760254e-01 -3.036060184240341187e-02 3.436297476291656494e-01 9.820598363876342773e-02 9.984686374664306641e-01 -5.362077355384826660e-01 1.164747700095176697e-01 3.954928219318389893e-01 -8.455348610877990723e-01 -7.134617865085601807e-02 9.982612729072570801e-01 9.871439933776855469e-01 4.744939878582954407e-02 4.785721749067306519e-02 2.550329864025115967e-01 -7.890141010284423828e-02 9.999899864196777344e-01 3.814145177602767944e-02 2.519325613975524902e-01 -4.775200188159942627e-01 -9.743994474411010742e-01 -2.897197008132934570e-01 -5.599370002746582031e-01 -9.512169361114501953e-01 2.823783159255981445e-01 -9.918165802955627441e-01 7.101598978042602539e-01 9.991135597229003906e-01 2.250268608331680298e-01 8.518352359533309937e-02 2.328945696353912354e-01 3.497894704341888428e-01 5.332718789577484131e-02 -1.550681702792644501e-02 -8.949421048164367676e-01 -9.534329771995544434e-01 2.617245018482208252e-01 9.985655546188354492e-01 2.864027917385101318e-01 -2.259850203990936279e-01 9.675704240798950195e-01 8.171298503875732422e-01 -9.865208864212036133e-01 9.323088526725769043e-01 9.999735355377197266e-01 2.012425065040588379e-01 7.060483098030090332e-01 3.870155215263366699e-01 -3.012944161891937256e-01 6.944148540496826172e-01 7.501304149627685547e-03 9.901388287544250488e-01 2.156865894794464111e-01 6.290127038955688477e-01 -2.217670083045959473e-01 3.045678883790969849e-02 -3.572345077991485596e-01 -9.969866871833801270e-01 -9.841458201408386230e-01 -2.969393134117126465e-01 3.378618508577346802e-02 2.216235101222991943e-01 -9.651253819465637207e-01 -9.865902662277221680e-01 -1.987655907869338989e-01 5.894314497709274292e-02 2.395608276128768921e-01 5.230165123939514160e-01 9.965811371803283691e-01 -6.758987158536911011e-02 3.373643457889556885e-01 -7.755233049392700195e-01 -9.990973472595214844e-01 3.357619941234588623e-01 -1.765081286430358887e-01 -1.338669005781412125e-02 -1.250825226306915283e-01 9.899337887763977051e-01 -2.617598772048950195e-01 -7.645895481109619141e-01 -1.239011995494365692e-02 9.992721080780029297e-01 8.136156797409057617e-01 4.185089766979217529e-01 9.609382599592208862e-02 6.175388693809509277e-01 -3.627312183380126953e-01 -1.954826563596725464e-01 9.713737368583679199e-01 -9.989011883735656738e-01 -4.772550463676452637e-01 -4.102237522602081299e-01 6.643003970384597778e-02 -1.052214577794075012e-01 -6.063436269760131836e-01 9.994430541992187500e-01 4.965020343661308289e-02 2.933710813522338867e-01 -8.978431820869445801e-01 8.608696460723876953e-01 -3.695463836193084717e-01 9.833039641380310059e-01 -9.940108656883239746e-01 -9.681043624877929688e-01 -7.931131124496459961e-02 -1.384504884481430054e-01 -9.966053366661071777e-01 -9.461593627929687500e-01 9.295184612274169922e-01 -9.960709810256958008e-01 2.766098454594612122e-02 -4.719885885715484619e-01 1.532604545354843140e-01 2.401945590972900391e-01 -4.966810643672943115e-01 4.609082937240600586e-01 -9.987330436706542969e-01 -4.126958847045898438e-01 8.179956674575805664e-01 7.413990050554275513e-02 9.987664818763732910e-01 -3.760771080851554871e-02 -9.775779843330383301e-01 2.446526736021041870e-01 1.627660840749740601e-01 -2.055002301931381226e-01 -2.375401407480239868e-01 1.371102482080459595e-01 -9.995687603950500488e-01 9.004891514778137207e-01 -9.999109506607055664e-01 -6.684719920158386230e-01 2.837327718734741211e-01 -9.705702066421508789e-01 -9.103114604949951172e-01 -1.270156260579824448e-02 -7.591938227415084839e-02 -2.522322237491607666e-01 -9.929746389389038086e-01 -9.935370087623596191e-01 -2.158081531524658203e-02 -9.973976016044616699e-01 -9.972119331359863281e-01 -9.787597060203552246e-01 4.388180375099182129e-01 -1.715679913759231567e-01 -3.543784469366073608e-02 1.877881139516830444e-01 1.467360854148864746e-01 -2.226004935801029205e-02 9.868115782737731934e-01 2.130013704299926758e-01 9.435943365097045898e-01 1.823563426733016968e-01 -1.881113648414611816e-02 -3.735171854496002197e-01 9.475674033164978027e-01 8.662897348403930664e-01 -1.095909252762794495e-01 -9.089403152465820312e-01 1.904628723859786987e-01 9.901617169380187988e-01 9.995820522308349609e-01 9.178963899612426758e-01 9.577652215957641602e-01 -9.912968873977661133e-01 -2.933084070682525635e-01 4.054965972900390625e-01 8.917072415351867676e-01 9.296220541000366211e-01 3.095337152481079102e-01 2.103027515113353729e-02 -9.909288883209228516e-01 -9.990491271018981934e-01 4.096312820911407471e-01 -9.642117023468017578e-01 9.994763135910034180e-01 -4.428248405456542969e-01 3.627596497535705566e-01 -1.865075230598449707e-01 -1.448680013418197632e-01 2.839377522468566895e-01 -7.996361851692199707e-01 -9.969710111618041992e-01 -1.473029255867004395e-01 1.361847016960382462e-02 1.245063617825508118e-01 -3.951533138751983643e-01 -9.999993443489074707e-01 4.433172568678855896e-02 -6.711683273315429688e-01 -2.084849774837493896e-01 1.527297645807266235e-01 -2.985192835330963135e-01 3.384540379047393799e-01 5.748678743839263916e-02 9.940367937088012695e-01 -8.492839932441711426e-01 1.558587402105331421e-01 5.482296347618103027e-01 -3.257641196250915527e-01 -3.332557901740074158e-02 -7.251381278038024902e-01 7.125780582427978516e-01 4.345523715019226074e-01 -3.691816329956054688e-01 2.755076885223388672e-01 -2.786278352141380310e-02 -6.608010530471801758e-01
1.443496197462081909e-01 6.029834598302841187e-02 2.817740440368652344e-01 3.809848427772521973e-01 -3.920502364635467529e-01 8.931332826614379883e-01 9.915210008621215820e-01 -9.770396351814270020e-01 -1.159213036298751831e-01 -8.246791958808898926e-01 -2.082610130310058594e-02 -9.262372255325317383e-01 9.680106043815612793e-01 -9.833863377571105957e-01 -8.188720941543579102e-01 -4.000835865736007690e-02 1.146809477359056473e-02 1.810577809810638428e-01 -6.785321831703186035e-01 -4.251299202442169189e-01 4.828940927982330322e-01 2.528561055660247803e-01 4.489328563213348389e-01 -8.986890912055969238e-01 9.422816634178161621e-01 3.007524013519287109e-01 -6.210268661379814148e-02 -5.017724037170410156e-01 2.042960524559020996e-01 9.982968568801879883e-01 9.898365139961242676e-01 -3.741479814052581787e-01 4.518229067325592041e-01 1.021319180727005005e-01 -9.440603852272033691e-01 -4.364170134067535400e-01 -5.116205215454101562e-01 -3.259963989257812500e-01 7.581757307052612305e-01 3.087332285940647125e-02 -2.068632096052169800e-01 -2.717192471027374268e-01 2.871317267417907715e-01 7.157221436500549316e-02 -7.685980945825576782e-02 9.858146905899047852e-01 -6.761501431465148926e-01 -1.675484329462051392e-01 8.580280542373657227e-01 -1.894784122705459595e-01 9.849234819412231445e-01 -6.622482091188430786e-02 9.841728806495666504e-01 -3.026979863643646240e-01 4.126682877540588379e-01 2.376599423587322235e-02 9.999261051416397095e-02 -1.338857710361480713e-01 -9.876518249511718750e-01 6.653965115547180176e-01 2.406269777566194534e-03 2.533318400382995605e-01 9.945406913757324219e-01 -8.326674252748489380e-02 8.111122250556945801e-02 -9.923682212829589844e-01 7.373791933059692383e-01 8.080897331237792969e-01 7.363046705722808838e-02 -5.328052639961242676e-01 6.820978522300720215e-01 6.915451884269714355e-01 5.689902603626251221e-02 -9.229183197021484375e-01 -9.569454789161682129e-01 -1.445958018302917480e-01 1.877974420785903931e-01 1.674776896834373474e-02 -1.554442942142486572e-01 -2.544831633567810059e-01 -9.753990173339843750e-01 -9.638523682951927185e-03 9.984605908393859863e-01 -7.478185296058654785e-01 9.967928528785705566e-01 -2.723933160305023193e-01 1.466252207756042480e-01 -2.190156877040863037e-01 -4.033229351043701172e-01 2.740706205368041992e-01 -9.870110750198364258e-01 -9.802278131246566772e-02 4.568740725517272949e-01 -9.942234158515930176e-01 -7.504242062568664551e-01 -7.904289364814758301e-01 7.088640332221984863e-01 -5.910534784197807312e-02 -9.402222633361816406e-01 -1.689630746841430664e-01 -5.463306903839111328e-01 -9.747729897499084473e-01 -7.260001897811889648e-01 -4.838678240776062012e-01 2.193888425827026367e-01 -5.148255452513694763e-02 9.470824003219604492e-01 7.106755971908569336e-01 -4.806233346462249756e-01 -5.478968024253845215e-01 -1.277504712343215942e-01 3.747805655002593994e-01 -5.255299806594848633e-01 -9.942077398300170898e-01 -6.312690377235412598e-01 2.812830209732055664e-01 5.066267773509025574e-02 8.769421577453613281e-01 7.752775680273771286e-03 9.984593987464904785e-01 -8.969519734382629395e-01 -2.238096147775650024e-01 -9.810721874237060547e-01 9.976274967193603516e-01 2.624866180121898651e-02 -4.264717698097229004e-01 9.660871028900146484e-01 2.123774774372577667e-02 -5.737937688827514648e-01 -4.072111546993255615e-01 9.775992035865783691e-01 9.774207472801208496e-01 -7.885790467262268066e-01 4.918454289436340332e-01 1.484952718019485474e-01 -8.800090551376342773e-01 9.860171079635620117e-01 -9.931474924087524414e-01 5.019229054450988770e-01 -1.904705464839935303e-01 9.998847842216491699e-01 -1.629942804574966431e-01 -4.517395794391632080e-01 7.456765174865722656e-01 -2.846676409244537354e-01 2.476654201745986938e-02 -5.057667493820190430e-01 9.772982001304626465e-01 7.720038890838623047e-01 4.269371181726455688e-02 -1.647370457649230957e-01 -1.567425429821014404e-01 9.659551382064819336e-01 -7.360608875751495361e-02 1.964416801929473877e-01 -5.151598453521728516e-01 -9.944830536842346191e-01 8.532593250274658203e-01 -4.309543594717979431e-02 2.880127429962158203e-01 -5.113561153411865234e-01 -5.322245508432388306e-02 -1.779708415269851685e-01 -6.579710245132446289e-01 9.991209506988525391e-01 -1.387366652488708496e-01 -3.805609643459320068e-01 -5.299956798553466797e-01 9.636281728744506836e-01 7.911404967308044434e-01 2.232882827520370483e-01 -8.845564126968383789e-01 -9.167178273200988770e-01 -9.982681870460510254e-01 1.878958493471145630e-01 2.509476244449615479e-01 8.920810818672180176e-01 -2.776743769645690918e-01 9.997004866600036621e-01 9.863023757934570312e-01 9.743732213973999023e-01 -1.371321380138397217e-01 9.965059757232666016e-01 -9.925360083580017090e-01 9.741113185882568359e-01 -9.675467610359191895e-01 -1.729480922222137451e-01 -3.515353500843048096e-01 5.904181003570556641e-01 4.933372139930725098e-01 8.008009195327758789e-01 -2.292711436748504639e-01 -9.063294529914855957e-01 -1.331039052456617355e-02 9.143545031547546387e-01 -1.263914257287979126e-01 -9.536639451980590820e-01 -9.959125518798828125e-01 -9.903693795204162598e-01 5.436998326331377029e-03 -2.805450931191444397e-04 -2.603652775287628174e-01 2.990494966506958008e-01 3.812878131866455078e-01 1.662926077842712402e-01 -5.200057029724121094e-01 -8.043479174375534058e-02 3.784631490707397461e-01 6.344293355941772461e-01 -1.713275611400604248e-01 5.541225075721740723e-01 -7.117502689361572266e-01 3.235107958316802979e-01 5.592775344848632812e-01 9.817800521850585938e-01 -8.129135966300964355e-01 9.706131815910339355e-01 9.358543157577514648e-01 9.976466298103332520e-01 -3.339456021785736084e-02 -8.969368338584899902e-01 -3.041539192199707031e-01 3.957077860832214355e-01 9.491816163063049316e-02 1.772049665451049805e-01 -3.333254158496856689e-01 -9.902552366256713867e-01 -2.722586393356323242e-01 2.865560650825500488e-01 9.491927027702331543e-01 1.568139940500259399e-01 2.074955403804779053e-01 -1.191516369581222534e-01 6.379361748695373535e-01 9.827119708061218262e-01 3.718688189983367920e-01 -2.135863751173019409e-01 -8.261859416961669922e-02 4.542067050933837891e-01 1.754555702209472656e-01 8.733035922050476074e-01 9.995306730270385742e-01 -4.545960128307342529e-01 5.219745039939880371e-01 9.976091384887695312e-01 2.214320749044418335e-01 7.198407649993896484e-01 -2.992640808224678040e-02 -8.588049411773681641e-01 2.000821568071842194e-02 4.719509482383728027e-01 -4.064665138721466064e-01 -1.549337655305862427e-01 7.386168837547302246e-02 9.945428371429443359e-01 -1.175283119082450867e-01 -2.573888003826141357e-01 -9.994099736213684082e-01 3.055973052978515625e-01 7.204802632331848145e-01 1.651859879493713379e-01 -4.736544787883758545e-01 -2.960524559020996094e-01 -8.891637921333312988e-01 -1.317984014749526978e-01 9.702033400535583496e-01 9.814248085021972656e-01 -7.364762425422668457e-01 -2.938031554222106934e-01 -2.460539937019348145e-01 8.772735595703125000e-01 1.242078095674514771e-01 -7.767804265022277832e-01 9.644568562507629395e-01 -6.297824382781982422e-01 -9.879213571548461914e-01 9.329090714454650879e-01 1.649877429008483887e-01 3.579117655754089355e-01 5.488919019699096680e-01 -9.956246614456176758e-01 -9.092417359352111816e-01 9.721422791481018066e-01 8.564357161521911621e-01 9.669349789619445801e-01 -1.513648033142089844e-01 -7.084327936172485352e-02 1.292414516210556030e-01 -9.983184933662414551e-01 -9.996265172958374023e-01 -9.500012397766113281e-01 4.382505416870117188e-01 4.502066969871520996e-01 -6.731378287076950073e-02 9.896677136421203613e-01 -9.894728064537048340e-01 -5.238477513194084167e-02 9.806748628616333008e-01 -3.919275403022766113e-01 9.780318737030029297e-01 9.822348356246948242e-01 -7.904658913612365723e-01 -6.151577234268188477e-01 6.722794771194458008e-01 -5.595923662185668945e-01 -1.035142913460731506e-01 5.891282558441162109e-01 9.517745971679687500e-01 2.394763380289077759e-01 -1.042004600167274475e-01 -3.175532221794128418e-01 -8.604768514633178711e-01 1.285528540611267090e-01 9.817833900451660156e-01 7.540355324745178223e-01 -9.949933737516403198e-02 6.574717909097671509e-02 2.323947101831436157e-01 4.657597839832305908e-01 9.926865100860595703e-01 -1.083380207419395447e-01 9.756960272789001465e-01 -2.908298373222351074e-01 -2.835662066936492920e-01 -4.822283685207366943e-01 -3.923163115978240967e-01 2.377013117074966431e-01 6.097574234008789062e-01 -9.976539611816406250e-01 -2.159381471574306488e-02 9.995732307434082031e-01 2.747029066085815430e-01 -9.163789451122283936e-03 -9.698710441589355469e-01 3.907445371150970459e-01 1.808573454618453979e-01 2.982804477214813232e-01 -8.774960041046142578e-01 -9.971077442169189453e-01 4.094489812850952148e-01 9.314349889755249023e-01 -2.442422322928905487e-02 -3.864128589630126953e-01 9.972530603408813477e-01 -4.081293046474456787e-01 -9.974697828292846680e-01 7.357761263847351074e-01 9.998543262481689453e-01 2.526431158185005188e-02 9.044987559318542480e-01 4.850296974182128906e-01 4.468129277229309082e-01 -2.814161181449890137e-01 1.021640375256538391e-01 9.980887770652770996e-01 -1.646011322736740112e-01 6.261281371116638184e-01 -2.329567968845367432e-01 -2.545320987701416016e-01 1.655479371547698975e-01 -9.992321133613586426e-01 -9.973587989807128906e-01 -4.908884465694427490e-01 6.631457060575485229e-02 -3.087474703788757324e-01 -9.451137185096740723e-01 -9.983759522438049316e-01 2.619651257991790771e-01 4.095891714096069336e-01 3.613685369491577148e-01 -1.941135674715042114e-01 9.764547944068908691e-01 -4.144752621650695801e-01 3.556680083274841309e-01 -7.030320167541503906e-01 -9.969362616539001465e-01 5.100116133689880371e-02 4.992039501667022705e-01 -3.417468369007110596e-01 -4.913377463817596436e-01 4.999414980411529541e-01 1.917483657598495483e-02 4.779462814331054688e-01 -8.577565848827362061e-02 9.990252256393432617e-01 8.243771195411682129e-01 6.411429047584533691e-01 -4.031502008438110352e-01 9.855523109436035156e-01 9.572652168571949005e-03 -2.870635986328125000e-01 9.903680682182312012e-01 -9.924812316894531250e-01 3.648598194122314453e-01 2.186689674854278564e-01 -2.257467806339263916e-01 -3.154354691505432129e-01 -8.533553481101989746e-01 9.543707370758056641e-01 2.525183558464050293e-01 -3.021569689735770226e-03 7.614725828170776367e-01 9.751981496810913086e-01 -4.479779303073883057e-01 9.361839294433593750e-01 -9.692348241806030273e-01 -9.958685040473937988e-01 -1.410331130027770996e-01 2.847664058208465576e-01 -9.447429776191711426e-01 -9.936299920082092285e-01 9.059234857559204102e-01 -9.853810667991638184e-01 -1.134214848279953003e-01 5.209642648696899414e-01 4.336700141429901123e-01 2.813656926155090332e-01 -1.768157035112380981e-01 4.108829796314239502e-01 -8.641197085380554199e-01 -5.136876702308654785e-01 6.310453414916992188e-01 2.794101536273956299e-01 9.961562156677246094e-01 5.076008439064025879e-01 -9.375758767127990723e-01 -6.423789262771606445e-02 2.908301055431365967e-01 3.468908667564392090e-01 -2.432666532695293427e-02 1.970091909170150757e-01 -9.952890872955322266e-01 5.580596327781677246e-01 -9.935845136642456055e-01 -3.753391504287719727e-01 7.739321142435073853e-02 -8.601540327072143555e-01 -8.158351778984069824e-01 -1.801538616418838501e-01 -5.992118120193481445e-01 -2.749256193637847900e-01 -8.880041241645812988e-01 -9.069899916648864746e-01 2.572815716266632080e-01 -5.084443688392639160e-01 -8.282024860382080078e-01 -9.921161532402038574e-01 1.401584744453430176e-01 -6.727490425109863281e-01 4.183815419673919678e-02 5.056176781654357910e-01 -1.538631469011306763e-01 1.860473603010177612e-01 9.480125308036804199e-01 4.660829901695251465e-01 9.964102506637573242e-01 2.749743461608886719e-01 -1.348175853490829468e-01 -8.091023564338684082e-02 7.400617599487304688e-01 -9.174454212188720703e-01 2.652129828929901123e-01 -9.441626667976379395e-01 3.283548355102539062e-01 9.959647655487060547e-01 9.554317593574523926e-01 9.877564907073974609e-01 9.953930377960205078e-01 -9.607784748077392578e-01 -4.959361851215362549e-01 3.480761945247650146e-01 7.965900897979736328e-01 7.921945452690124512e-01 2.912404835224151611e-01 4.381610080599784851e-02 -9.706474542617797852e-01 -9.537441134452819824e-01 3.802640438079833984e-01 -9.995405077934265137e-01 9.686870574951171875e-01 1.877604126930236816e-01 2.211330831050872803e-01 3.586609661579132080e-01 5.935351923108100891e-02 1.110402271151542664e-01 -2.037472873926162720e-01 -9.733616709709167480e-01 -7.542325258255004883e-01 -2.974177300930023193e-01 -2.637118995189666748e-01 -3.501452803611755371e-01 -9.995989799499511719e-01 -4.378488957881927490e-01 -8.417884111404418945e-01 1.843166202306747437e-01 -3.665143251419067383e-01 -1.302298754453659058e-01 2.647078037261962891e-01 3.033964633941650391e-01 9.977453947067260742e-01 -9.692544937133789062e-01 8.233073353767395020e-02 5.238303542137145996e-01 -1.564586348831653595e-02 5.550419911742210388e-02 -8.366227149963378906e-01 6.713973730802536011e-02 7.911996841430664062e-01 4.374092221260070801e-01 -7.652460783720016479e-02 -3.561326563358306885e-01 -2.579302489757537842e-01
-4.759869575500488281e-01 8.689337372779846191e-01 1.223097667098045349e-01 -8.006703853607177734e-02 7.065494358539581299e-02 6.188364028930664062e-01 9.912223219871520996e-01 -9.677483439445495605e-01 1.627298295497894287e-01 -9.769870042800903320e-01 3.916370868682861328e-01 -9.910855293273925781e-01 8.190889954566955566e-01 -9.384596943855285645e-01 -9.416447281837463379e-01 -2.338617295026779175e-01 -4.594006240367889404e-01 2.095807641744613647e-01 -2.471595704555511475e-01 -5.350386500358581543e-01 1.167363487184047699e-02 1.121067535132169724e-02 9.205471277236938477e-01 -9.134232997894287109e-01 9.983862638473510742e-01 9.417136311531066895e-01 2.114157378673553467e-01 -1.018802076578140259e-02 -8.025223016738891602e-02 9.967625737190246582e-01 9.629096388816833496e-01 3.431662917137145996e-02 1.731421947479248047e-01 3.526039719581604004e-01 -9.046476483345031738e-01 -1.699940562248229980e-01 -6.428975462913513184e-01 2.638609893620014191e-02 9.947968721389770508e-01 2.375591397285461426e-01 4.365515708923339844e-01 -8.717659860849380493e-02 -2.341917753219604492e-01 -9.173589348793029785e-01 9.202254563570022583e-02 9.514650702476501465e-01 -6.244962215423583984e-01 3.168985545635223389e-01 9.820356965065002441e-01 2.558932602405548096e-01 9.924716353416442871e-01 2.115620672702789307e-02 9.948557019233703613e-01 1.160427108407020569e-01 8.167082071304321289e-01 -4.043397307395935059e-01 -2.847746908664703369e-01 3.441533446311950684e-02 -9.973787069320678711e-01 7.586582899093627930e-01 -2.294234186410903931e-01 4.419413506984710693e-01 8.820624947547912598e-01 -2.393921613693237305e-01 -1.830389052629470825e-01 -9.969667196273803711e-01 9.629551768302917480e-01 8.714237213134765625e-01 1.424809098243713379e-01 6.424431800842285156e-01 9.198157191276550293e-01 9.758197069168090820e-01 7.081944495439529419e-02 -9.218811988830566406e-01 -9.845619797706604004e-01 -4.843847155570983887e-01 3.021203279495239258e-01 1.668361574411392212e-01 -6.749531626701354980e-02 2.006096690893173218e-01 -7.350958585739135742e-01 5.505289435386657715e-01 9.994058609008789062e-01 -5.677576065063476562e-01 9.952787756919860840e-01 -2.663780748844146729e-01 1.097953915596008301e-01 -2.195482552051544189e-01 2.107530534267425537e-01 -3.198797702789306641e-01 -9.917930364608764648e-01 8.193463087081909180e-03 -4.615789651870727539e-02 -9.976539015769958496e-01 -7.746005654335021973e-01 8.254873752593994141e-02 9.664810895919799805e-01 3.965653479099273682e-01 -9.935414791107177734e-01 -4.279819428920745850e-01 -5.709909796714782715e-01 -9.692209362983703613e-01 -6.447461843490600586e-01 -1.887246966361999512e-01 4.674428999423980713e-01 3.488466143608093262e-01 9.905419945716857910e-01 3.792096376419067383e-01 -1.394069492816925049e-01 -5.549722313880920410e-01 -1.708869189023971558e-01 4.651691019535064697e-01 -7.052472829818725586e-01 -9.947067499160766602e-01 -2.927322387695312500e-01 1.055377498269081116e-01 -8.458023071289062500e-01 8.516908288002014160e-01 -2.272076718509197235e-02 9.991154074668884277e-01 -8.948468565940856934e-01 2.290336936712265015e-01 -9.944242238998413086e-01 9.789906740188598633e-01 3.268716335296630859e-01 -2.793670892715454102e-01 -5.706919357180595398e-02 -1.271957606077194214e-01 -3.510237038135528564e-01 -9.324720501899719238e-02 9.918661117553710938e-01 9.899101853370666504e-01 5.466918349266052246e-01 -1.140032615512609482e-02 -1.730828583240509033e-01 -8.325271010398864746e-01 9.766955971717834473e-01 -9.984257221221923828e-01 8.919720649719238281e-01 -1.648153364658355713e-01 9.999516606330871582e-01 -1.575067192316055298e-01 -9.925591200590133667e-02 9.746323227882385254e-01 -1.420922577381134033e-01 7.628698945045471191e-01 -7.261705994606018066e-01 9.964101314544677734e-01 8.102385997772216797e-01 1.726919859647750854e-01 -3.406100869178771973e-01 -4.175133258104324341e-02 8.394338488578796387e-01 1.739004999399185181e-01 -2.305598407983779907e-01 -7.214380055665969849e-02 -9.941067099571228027e-01 -4.044049680233001709e-01 6.827682955190539360e-04 -1.067628562450408936e-01 -2.704652845859527588e-01 -1.656231433153152466e-01 -5.710601061582565308e-02 -2.115180045366287231e-01 9.997979402542114258e-01 3.832007348537445068e-01 1.891304403543472290e-01 -2.484587281942367554e-01 9.775356054306030273e-01 2.500327527523040771e-01 5.461721494793891907e-02 -9.716510176658630371e-01 -9.824036955833435059e-01 -9.968309402465820312e-01 1.610204577445983887e-01 -2.179870009422302246e-01 6.873877644538879395e-01 6.593271344900131226e-02 9.998542666435241699e-01 9.986277222633361816e-01 9.138021469116210938e-01 -1.526332646608352661e-01 9.998130798339843750e-01 -9.544911980628967285e-01 8.823639154434204102e-01 -9.946928024291992188e-01 -8.675262331962585449e-01 -7.644627690315246582e-01 7.564303278923034668e-02 7.127009630203247070e-01 3.997025191783905029e-01 -9.529599547386169434e-01 -9.555843472480773926e-01 4.757466912269592285e-01 8.920515179634094238e-01 1.306072771549224854e-01 -9.473190903663635254e-01 -9.976051449775695801e-01 -9.041851162910461426e-01 3.762627840042114258e-01 1.173408553004264832e-01 -4.510930180549621582e-01 6.527236700057983398e-01 5.182099994271993637e-03 3.041828572750091553e-01 -7.055841088294982910e-01 2.922401130199432373e-01 4.852139651775360107e-01 6.000678539276123047e-01 -1.046447604894638062e-01 1.661368757486343384e-01 3.877209424972534180e-01 8.940919488668441772e-02 4.631827175617218018e-01 9.909965395927429199e-01 -6.477524042129516602e-01 9.383267164230346680e-01 9.766743779182434082e-01 9.953407049179077148e-01 -2.617771737277507782e-02 -9.301674365997314453e-01 1.292048990726470947e-01 -2.949095070362091064e-01 -1.039154641330242157e-02 5.404595285654067993e-02 -1.122405901551246643e-01 -9.979811310768127441e-01 -2.267640084028244019e-01 -1.578423529863357544e-01 9.695283174514770508e-01 -9.033349156379699707e-02 1.634322851896286011e-01 1.307885497808456421e-01 4.239566326141357422e-01 9.977895617485046387e-01 1.175049915909767151e-01 -8.699440956115722656e-01 8.309004828333854675e-03 2.839941680431365967e-01 -7.446822524070739746e-02 5.302240252494812012e-01 9.999160766601562500e-01 -9.195596575736999512e-01 7.934983968734741211e-01 9.945343136787414551e-01 1.384656429290771484e-01 8.407613635063171387e-01 -1.494119465351104736e-01 -9.483230113983154297e-02 -2.168299257755279541e-01 2.068636268377304077e-01 8.787743747234344482e-02 -2.846771776676177979e-01 4.283576458692550659e-02 9.975166320800781250e-01 3.178525865077972412e-01 -3.311375081539154053e-01 -9.989778399467468262e-01 2.784831523895263672e-01 8.696479201316833496e-01 1.216053292155265808e-01 -4.340872466564178467e-01 -7.164041697978973389e-02 -9.668383002281188965e-01 -2.030145674943923950e-01 9.930047988891601562e-01 9.989414215087890625e-01 -9.120265245437622070e-01 3.334130942821502686e-01 -5.273055434226989746e-01 9.942153096199035645e-01 1.870824843645095825e-01 -9.039523005485534668e-01 9.976969361305236816e-01 -3.105987608432769775e-01 -9.896214008331298828e-01 9.977877736091613770e-01 -4.084160327911376953e-01 -4.351097345352172852e-01 3.826862275600433350e-01 -9.997469186782836914e-01 -9.003319144248962402e-01 9.106319546699523926e-01 9.754410386085510254e-01 9.954359531402587891e-01 8.877624571323394775e-02 -9.823104739189147949e-02 -1.186146140098571777e-01 -9.997168779373168945e-01 -9.999378323554992676e-01 -9.192612171173095703e-01 5.303243994712829590e-01 -1.753450632095336914e-01 7.469471693038940430e-01 9.963324666023254395e-01 -9.940627813339233398e-01 -2.858254313468933105e-01 9.841302037239074707e-01 2.319459617137908936e-01 9.922198057174682617e-01 9.786059260368347168e-01 -9.584605097770690918e-01 -8.325770497322082520e-01 8.257359266281127930e-01 -2.078113853931427002e-01 -5.417629480361938477e-01 3.410477042198181152e-01 9.979125261306762695e-01 7.790954709053039551e-01 7.142523676156997681e-02 4.800432920455932617e-02 -2.006171196699142456e-01 -1.388762891292572021e-01 9.812417030334472656e-01 9.681512713432312012e-01 3.514630198478698730e-01 5.068543553352355957e-02 -2.906884551048278809e-01 -9.852450340986251831e-02 9.825957417488098145e-01 -1.046650260686874390e-01 3.808595612645149231e-02 -3.815549015998840332e-01 -4.587739408016204834e-01 -4.085168540477752686e-01 -1.104954853653907776e-01 -8.197948932647705078e-01 5.245320796966552734e-01 -9.961898922920227051e-01 9.556101560592651367e-01 9.990131258964538574e-01 -1.084011942148208618e-01 3.891030550003051758e-01 -7.098199129104614258e-01 2.733013629913330078e-01 1.078827232122421265e-01 2.081383764743804932e-01 -8.360196948051452637e-01 -9.824916124343872070e-01 3.278405368328094482e-01 9.925484657287597656e-01 3.622284531593322754e-01 -1.519734561443328857e-01 9.556848406791687012e-01 -5.045775175094604492e-01 -9.026947617530822754e-01 9.652131795883178711e-01 9.999157786369323730e-01 -1.768377721309661865e-01 4.268089830875396729e-01 5.375381112098693848e-01 -1.366568207740783691e-01 -2.711358368396759033e-01 3.553400337696075439e-01 9.953336119651794434e-01 -1.700204908847808838e-01 5.064081549644470215e-01 1.347272545099258423e-01 1.295901685953140259e-01 1.722062230110168457e-01 -9.938727617263793945e-01 -9.956895112991333008e-01 -3.186251968145370483e-03 2.004545032978057861e-01 -9.554066509008407593e-02 -8.823093175888061523e-01 -9.966013431549072266e-01 5.184602737426757812e-01 -3.175682127475738525e-01 -5.866369977593421936e-02 7.353629171848297119e-02 9.914382100105285645e-01 1.111077070236206055e-01 6.926133036613464355e-01 -6.695681810379028320e-01 -9.994428157806396484e-01 -2.014699578285217285e-02 1.128328815102577209e-01 1.030023545026779175e-01 -1.762996315956115723e-01 4.260805547237396240e-01 -1.431504487991333008e-01 -9.563834071159362793e-01 -2.521264851093292236e-01 9.988264441490173340e-01 8.780380338430404663e-02 6.153134107589721680e-01 -1.818613708019256592e-01 9.600877761840820312e-01 9.515091776847839355e-02 -1.397187262773513794e-01 7.555893063545227051e-01 -9.996480941772460938e-01 -2.458896934986114502e-01 -1.646935194730758667e-02 7.065073587000370026e-03 -3.890250325202941895e-01 -7.167510390281677246e-01 9.978194832801818848e-01 -2.934623956680297852e-01 -5.096827149391174316e-01 1.782290786504745483e-01 9.779852032661437988e-01 -3.624454140663146973e-01 9.925115108489990234e-01 -7.504141330718994141e-01 -9.944542050361633301e-01 -1.202790811657905579e-01 1.282950192689895630e-01 -9.836999177932739258e-01 -8.375452160835266113e-01 9.365413784980773926e-01 -9.953578114509582520e-01 -1.296007335186004639e-01 -2.083850055932998657e-01 1.621221899986267090e-01 5.917030945420265198e-02 -2.155399024486541748e-01 2.640780806541442871e-01 1.572146564722061157e-01 -3.626779317855834961e-01 -3.644580245018005371e-01 1.155255362391471863e-01 9.609814882278442383e-01 3.555327057838439941e-01 -9.245896935462951660e-01 3.094489574432373047e-01 -2.593907415866851807e-01 -1.125666052103042603e-01 -4.859685301780700684e-01 -1.039876043796539307e-01 -9.603044390678405762e-01 9.930185675621032715e-01 -9.989114999771118164e-01 -9.542930126190185547e-01 1.624307781457901001e-01 -6.272140145301818848e-01 -9.645360112190246582e-01 -4.948780536651611328e-01 -6.861983239650726318e-02 -3.781317770481109619e-01 -9.601451158523559570e-01 -8.918545842170715332e-01 -1.564262658357620239e-01 -9.407001733779907227e-01 -9.268158078193664551e-01 -9.994270205497741699e-01 3.171516656875610352e-01 -3.384700044989585876e-03 6.160470470786094666e-02 3.004805743694305420e-01 9.652610123157501221e-02 -5.167068168520927429e-02 9.390385746955871582e-01 1.849498152732849121e-01 9.391292333602905273e-01 2.896743714809417725e-01 -8.574964106082916260e-02 -3.747638761997222900e-01 9.435273408889770508e-01 -9.118308424949645996e-01 -1.558603644371032715e-01 -9.705678820610046387e-01 1.941666565835475922e-02 9.951488971710205078e-01 9.969350099563598633e-01 9.586957693099975586e-01 9.781610369682312012e-01 -9.981274604797363281e-01 -7.336655259132385254e-02 2.687918841838836670e-01 8.159838318824768066e-01 9.663649201393127441e-01 9.016830474138259888e-02 1.042709723114967346e-01 -9.874906539916992188e-01 -9.557933807373046875e-01 5.746912360191345215e-01 -9.991444945335388184e-01 8.426374197006225586e-01 -3.509869575500488281e-01 2.601527571678161621e-01 -1.842151582241058350e-01 -3.010360896587371826e-01 1.107337698340415955e-01 -6.431804299354553223e-01 -9.908560514450073242e-01 -3.395983576774597168e-01 -4.186331629753112793e-01 1.437918096780776978e-01 -2.430655509233474731e-01 -9.999758601188659668e-01 1.378718018531799316e-01 -7.693235278129577637e-01 3.085840642452239990e-01 -5.116881057620048523e-02 -3.582703471183776855e-01 2.701167464256286621e-01 -9.717052578926086426e-01 9.996525645256042480e-01 -9.408998489379882812e-01 1.284453421831130981e-01 3.597080111503601074e-01 -4.770625233650207520e-01 -1.356237567961215973e-02 -7.053409218788146973e-01 2.109582871198654175e-01 9.399048686027526855e-01 9.063986688852310181e-02 2.826856374740600586e-01 -2.059136331081390381e-01 2.136538736522197723e-02
-5.395804047584533691e-01 9.213750362396240234e-01 3.463697433471679688e-01 1.722909361124038696e-01 -1.159439012408256531e-01 -9.189946055412292480e-01 9.988992810249328613e-01 -9.916556477546691895e-01 -1.269437968730926514e-01 -8.936280608177185059e-01 5.946348235011100769e-02 -7.931112647056579590e-01 6.037519574165344238e-01 -8.661629557609558105e-01 -8.171690702438354492e-01 -2.314975708723068237e-01 -1.139246448874473572e-01 1.086726635694503784e-01 -2.382720559835433960e-01 2.211722582578659058e-01 3.935488164424896240e-01 2.318176776170730591e-01 4.800181686878204346e-01 -1.774706691503524780e-01 9.978110790252685547e-01 9.645403027534484863e-01 -1.217472180724143982e-01 -1.834597140550613403e-01 4.993003904819488525e-01 2.704379558563232422e-01 8.307155370712280273e-01 3.766002655029296875e-01 1.588457077741622925e-01 -4.608634859323501587e-02 -7.656117081642150879e-01 -3.748525083065032959e-01 -3.509734869003295898e-01 -5.399124026298522949e-01 8.880482912063598633e-01 -4.691191315650939941e-01 -1.797570139169692993e-01 -1.749896407127380371e-01 1.395203024148941040e-01 -9.693312048912048340e-01 3.305240273475646973e-01 9.593888521194458008e-01 -9.572266340255737305e-01 -5.201716348528862000e-02 9.421884417533874512e-01 -2.949023246765136719e-01 9.593316912651062012e-01 -9.932401776313781738e-02 -1.662266440689563751e-02 -1.681808531284332275e-01 -5.347316861152648926e-01 3.780914545059204102e-01 -8.534308522939682007e-02 -3.391864597797393799e-01 -9.991454482078552246e-01 -9.823547601699829102e-01 8.811371028423309326e-02 1.200373321771621704e-01 9.312033653259277344e-01 -1.004451140761375427e-02 -5.458205342292785645e-01 -9.718337655067443848e-01 8.624085783958435059e-01 -1.616352051496505737e-01 -1.107975617051124573e-01 9.633198380470275879e-01 9.547920823097229004e-01 9.998877644538879395e-01 -6.495909094810485840e-01 -9.674037098884582520e-01 -6.799119114875793457e-01 -4.117169976234436035e-01 -2.377583086490631104e-01 -7.121238857507705688e-02 -3.165893852710723877e-01 -1.462963521480560303e-01 -9.866794943809509277e-01 4.776243120431900024e-02 9.847990274429321289e-01 4.093402624130249023e-02 5.719492435455322266e-01 -9.169763922691345215e-01 1.671575605869293213e-01 3.434313535690307617e-01 -3.583090305328369141e-01 1.449546664953231812e-01 -7.865869998931884766e-01 -1.210721060633659363e-01 3.198847174644470215e-01 -9.713805913925170898e-01 -9.797044396400451660e-01 -6.695705056190490723e-01 8.943529725074768066e-01 -9.391180239617824554e-03 -9.991641640663146973e-01 -3.097877800464630127e-01 -9.626172184944152832e-01 -9.814013838768005371e-01 -9.288008213043212891e-01 -7.468131929636001587e-02 -4.863487929105758667e-02 2.706421613693237305e-01 9.662048816680908203e-01 3.786661326885223389e-01 -1.908977627754211426e-01 9.116744399070739746e-01 3.866287767887115479e-01 7.979807853698730469e-01 -7.421877384185791016e-01 -8.743493556976318359e-01 -2.012289613485336304e-01 -8.022660017013549805e-02 -7.354372739791870117e-01 5.800759792327880859e-01 2.642579562962055206e-02 9.833568334579467773e-01 -7.381825447082519531e-01 -2.380136549472808838e-01 -9.215430617332458496e-01 9.978101253509521484e-01 -3.276019394397735596e-01 -1.855527516454458237e-03 -8.845978975296020508e-01 -2.755289673805236816e-01 2.646788954734802246e-02 -2.082783877849578857e-01 9.880648851394653320e-01 9.903442263603210449e-01 7.170912027359008789e-01 3.951952755451202393e-01 5.200155973434448242e-01 -3.844390809535980225e-01 8.962981104850769043e-01 -9.738252758979797363e-01 3.320952653884887695e-01 4.239510893821716309e-01 9.999087452888488770e-01 8.086665719747543335e-02 -3.199125826358795166e-01 9.431004524230957031e-01 5.975406244397163391e-02 2.138696312904357910e-01 -7.102641463279724121e-01 8.691425323486328125e-01 -7.472814321517944336e-01 -7.193744927644729614e-02 -3.200022578239440918e-01 2.156514823436737061e-01 5.759397149085998535e-01 -2.722365260124206543e-01 2.559100985527038574e-01 -4.292987585067749023e-01 -4.071210026741027832e-01 4.284100234508514404e-01 -1.577238738536834717e-01 6.209756731986999512e-01 -2.432995289564132690e-01 2.923064827919006348e-01 2.597692888230085373e-03 -1.954882442951202393e-01 9.999524950981140137e-01 -3.485767841339111328e-01 -2.594083845615386963e-01 -4.875876307487487793e-01 9.279317855834960938e-01 8.110807538032531738e-01 4.191537201404571533e-01 -7.616141438484191895e-01 -8.217444419860839844e-01 -2.699941396713256836e-01 1.893319189548492432e-02 9.374956786632537842e-02 8.424264192581176758e-01 9.953533113002777100e-02 9.986006021499633789e-01 9.896635413169860840e-01 9.769565463066101074e-01 -3.503418564796447754e-01 9.991558194160461426e-01 -6.267938017845153809e-01 9.414628744125366211e-01 -9.990454912185668945e-01 -5.050668716430664062e-01 2.276527583599090576e-01 4.297666847705841064e-01 5.467784404754638672e-01 2.807004153728485107e-01 -9.865741729736328125e-01 -5.540189146995544434e-01 4.638594985008239746e-01 9.313596487045288086e-01 -2.321983687579631805e-02 -8.689653277397155762e-01 -8.051165938377380371e-01 -8.412538170814514160e-01 8.970778435468673706e-02 -3.149850070476531982e-01 -9.119778871536254883e-02 4.287517964839935303e-01 -1.574184447526931763e-01 2.111347019672393799e-01 8.896280527114868164e-01 -2.617630548775196075e-02 9.848598241806030273e-01 5.506415367126464844e-01 -1.749294400215148926e-01 -7.878609299659729004e-01 3.695914447307586670e-01 -4.390035942196846008e-02 4.418717622756958008e-01 9.220113754272460938e-01 -9.979131817817687988e-01 4.596174061298370361e-01 9.739106893539428711e-01 3.928192555904388428e-01 1.434274166822433472e-01 -5.065528750419616699e-01 1.804520189762115479e-01 -9.728851318359375000e-01 4.084569513797760010e-01 -3.451931774616241455e-01 5.339416861534118652e-01 -9.383748769760131836e-01 -2.244670242071151733e-01 4.704919755458831787e-01 9.986222982406616211e-01 -3.497518226504325867e-02 3.338726237416267395e-02 -4.109300971031188965e-01 5.117499828338623047e-01 9.412106275558471680e-01 2.215273976325988770e-01 -9.801760911941528320e-01 -3.066078722476959229e-01 3.907903134822845459e-01 -1.480765789747238159e-01 9.857554435729980469e-01 9.999848604202270508e-01 5.524010658264160156e-01 8.774855136871337891e-01 8.977159857749938965e-01 1.715563982725143433e-01 9.407787919044494629e-01 -1.195117309689521790e-01 -5.426907539367675781e-01 1.336118578910827637e-01 3.517276644706726074e-01 2.250606194138526917e-02 -2.498770654201507568e-01 2.574742436408996582e-01 9.997113347053527832e-01 -6.458047777414321899e-02 -6.047106906771659851e-02 -9.990057945251464844e-01 -6.428159773349761963e-02 -3.933218494057655334e-02 -2.258881330490112305e-01 -8.217326402664184570e-01 -2.361900806427001953e-01 -8.392686247825622559e-01 1.043917313218116760e-01 9.623449444770812988e-01 9.923148155212402344e-01 -8.887687325477600098e-01 -5.073517188429832458e-02 -3.744991123676300049e-01 9.952374100685119629e-01 -3.043775260448455811e-01 -9.982109069824218750e-01 9.989937543869018555e-01 -2.136178016662597656e-01 -8.853828907012939453e-01 9.423643350601196289e-01 6.188939809799194336e-01 8.293257355690002441e-01 5.130009651184082031e-01 -9.973229169845581055e-01 -8.270126581192016602e-01 2.305552959442138672e-01 9.852262735366821289e-01 9.958069324493408203e-01 8.411077409982681274e-02 3.294020593166351318e-01 6.304464489221572876e-02 -9.970614910125732422e-01 -9.995035529136657715e-01 -2.186153084039688110e-01 3.952843844890594482e-01 -1.215848252177238464e-01 2.228470593690872192e-01 9.129862785339355469e-01 -8.664964437484741211e-01 -1.709746122360229492e-01 8.978515863418579102e-01 8.998172730207443237e-02 9.982569217681884766e-01 9.975565075874328613e-01 -9.898181557655334473e-01 2.829614579677581787e-01 9.682413339614868164e-01 -2.566993609070777893e-02 5.464668869972229004e-01 -3.662309944629669189e-01 9.604922533035278320e-01 -9.468742609024047852e-01 2.184012383222579956e-01 -2.922557294368743896e-01 -8.241521716117858887e-01 2.912704646587371826e-02 9.493641853332519531e-01 9.308803677558898926e-01 -1.546515226364135742e-01 2.616648972034454346e-01 3.918631970882415771e-01 4.225808382034301758e-01 9.996564984321594238e-01 2.757500708103179932e-01 -6.636891365051269531e-01 -3.706663548946380615e-01 1.645051091909408569e-01 -9.793570637702941895e-02 -5.181493759155273438e-01 -7.888787388801574707e-01 1.147021278738975525e-01 -5.234011411666870117e-01 2.823441326618194580e-01 9.745523333549499512e-01 2.236418053507804871e-02 1.677084416151046753e-01 5.213248729705810547e-01 1.523431390523910522e-01 1.922584772109985352e-01 -4.911924898624420166e-02 -5.148018002510070801e-01 -8.253389596939086914e-01 1.354893147945404053e-01 9.982229471206665039e-01 -1.413551811128854752e-02 -2.734942734241485596e-01 9.677600264549255371e-01 -9.616342186927795410e-01 6.768336892127990723e-01 4.903921782970428467e-01 9.998165369033813477e-01 -7.259898632764816284e-02 7.348799705505371094e-01 6.110265851020812988e-01 1.734034866094589233e-01 7.499836683273315430e-01 3.287703916430473328e-02 3.632631897926330566e-01 1.146725863218307495e-01 -3.882503509521484375e-01 -2.927057631313800812e-02 -3.871777951717376709e-01 7.435833662748336792e-02 -9.957225918769836426e-01 -1.901485472917556763e-01 -3.054493963718414307e-01 1.379070580005645752e-01 -9.958368539810180664e-02 -9.721388816833496094e-01 -3.119920492172241211e-01 2.839889824390411377e-01 4.411598742008209229e-01 2.662836015224456787e-01 -7.756337523460388184e-02 9.904945492744445801e-01 -4.592805802822113037e-01 1.157475113868713379e-01 2.566861212253570557e-01 -9.945124983787536621e-01 5.176121592521667480e-01 5.472335815429687500e-01 -1.045312359929084778e-01 -3.592378497123718262e-01 -7.679084539413452148e-01 -2.648149430751800537e-01 -9.570884704589843750e-01 8.271971344947814941e-02 9.526916146278381348e-01 -5.778443813323974609e-01 1.483919918537139893e-01 -9.993907809257507324e-02 9.120106101036071777e-01 -2.201211750507354736e-01 -2.291649878025054932e-01 -6.973354816436767578e-01 -9.986895322799682617e-01 -4.015555679798126221e-01 -5.633674263954162598e-01 -4.302757792174816132e-03 -1.873619854450225830e-01 -6.524100303649902344e-01 9.900344610214233398e-01 1.979227811098098755e-01 1.456681787967681885e-01 -9.527724385261535645e-01 2.749681472778320312e-01 -2.940573990345001221e-01 9.747324585914611816e-01 -7.243379354476928711e-01 -9.527911990880966187e-02 -2.469899505376815796e-01 1.494696438312530518e-01 -9.969652891159057617e-01 9.669313430786132812e-01 9.930526018142700195e-01 -9.971004724502563477e-01 2.626097798347473145e-01 -3.089991770684719086e-02 3.259236216545104980e-01 1.097141206264495850e-01 -6.127077341079711914e-01 -8.329312205314636230e-01 -2.408093214035034180e-01 -5.529624223709106445e-01 9.624242186546325684e-01 4.998362157493829727e-03 9.794119596481323242e-01 2.935029566287994385e-01 -9.983046054840087891e-01 3.184685707092285156e-01 2.371023595333099365e-01 -1.892946362495422363e-01 -2.729601860046386719e-01 5.722733736038208008e-01 -9.823700189590454102e-01 6.440074741840362549e-02 -9.997543692588806152e-01 -9.756046533584594727e-01 2.956346794962882996e-02 -5.349383354187011719e-01 3.918451964855194092e-01 1.555248945951461792e-01 -5.485849454998970032e-02 3.902575075626373291e-01 -9.828667640686035156e-01 -9.813442826271057129e-01 4.021658599376678467e-01 -6.939604282379150391e-01 8.028407394886016846e-02 -9.979873299598693848e-01 5.199504494667053223e-01 -2.200739085674285889e-01 2.108785361051559448e-01 1.964110285043716431e-01 -9.185012429952621460e-02 5.794861540198326111e-02 9.588198661804199219e-01 3.770573437213897705e-01 9.805545806884765625e-01 2.955776453018188477e-01 7.486581802368164062e-02 1.187794432044029236e-01 9.209153652191162109e-01 4.177407920360565186e-01 1.577133871614933014e-02 -9.962154626846313477e-01 1.687932945787906647e-02 4.678231775760650635e-01 9.993864297866821289e-01 7.111710309982299805e-01 9.983379244804382324e-01 -9.995616674423217773e-01 -1.283255498856306076e-02 5.274778008460998535e-01 -9.166698455810546875e-01 5.064800381660461426e-01 -1.271464824676513672e-01 3.861887753009796143e-01 -9.754244685173034668e-01 -9.536804556846618652e-01 3.739413321018218994e-01 -9.991400837898254395e-01 9.943231940269470215e-01 -1.382716447114944458e-01 3.582812547683715820e-01 3.907083272933959961e-01 3.476032614707946777e-01 2.157721370458602905e-01 -9.684812426567077637e-01 -6.838589906692504883e-01 -4.511171281337738037e-01 8.057056367397308350e-02 2.579931020736694336e-01 -4.936470985412597656e-01 -9.999913573265075684e-01 -5.918672084808349609e-01 -8.054923415184020996e-01 1.712112426757812500e-01 1.203598976135253906e-01 -3.309709429740905762e-01 8.091617375612258911e-02 5.932001471519470215e-01 9.990981221199035645e-01 -9.353712201118469238e-01 -4.576069861650466919e-02 3.545135855674743652e-01 -2.130582481622695923e-01 9.976557642221450806e-02 5.480365455150604248e-02 6.486141085624694824e-01 -3.792841136455535889e-01 2.360461950302124023e-01 -3.319702297449111938e-02 -5.895895957946777344e-01 -8.627215623855590820e-01
6.782422065734863281e-01 5.575281977653503418e-01 1.212206259369850159e-01 7.436282932758331299e-02 1.561497002840042114e-01 9.218719601631164551e-01 9.884416460990905762e-01 -9.691148996353149414e-01 -3.815906643867492676e-01 -5.504371523857116699e-01 -1.617042571306228638e-01 -7.321633696556091309e-01 6.020568013191223145e-01 -9.933906793594360352e-01 -1.433474719524383545e-01 1.535649597644805908e-01 4.230713546276092529e-01 1.251476556062698364e-01 -8.469412922859191895e-01 -3.154214620590209961e-01 1.534548699855804443e-01 5.114275962114334106e-02 9.258054494857788086e-01 9.159217476844787598e-01 9.812037348747253418e-01 9.993794560432434082e-01 -7.218848913908004761e-02 -4.978502988815307617e-01 4.702288210391998291e-01 -1.404056996107101440e-01 9.856911897659301758e-01 3.653176128864288330e-01 6.391441226005554199e-01 -8.911423385143280029e-03 -9.944684505462646484e-01 -2.935431599617004395e-01 -4.916355609893798828e-01 -4.732839465141296387e-01 9.357789754867553711e-01 -4.698200523853302002e-01 -5.126705765724182129e-01 -2.976658344268798828e-01 9.557929821312427521e-03 -9.895993471145629883e-01 2.319156974554061890e-01 8.507453799247741699e-01 -7.003421187400817871e-01 -2.083723843097686768e-01 9.066414833068847656e-01 -3.968910314142704010e-03 3.046988248825073242e-01 -5.734995007514953613e-03 9.908359646797180176e-01 -6.256619095802307129e-01 -9.579948782920837402e-01 3.114520311355590820e-01 -8.208017796277999878e-02 -1.061300337314605713e-01 -9.994039535522460938e-01 -9.601919651031494141e-01 -1.183812227100133896e-02 2.688557207584381104e-01 8.686409592628479004e-01 -2.014773190021514893e-01 -1.614523679018020630e-01 -9.896990656852722168e-01 7.873504161834716797e-01 -2.445375323295593262e-01 1.223642602562904358e-01 9.097522497177124023e-01 9.881353974342346191e-01 9.753791093826293945e-01 -9.054191708564758301e-01 -9.490600824356079102e-01 -9.887287020683288574e-01 -2.663374841213226318e-01 3.156776772812008858e-03 3.699603378772735596e-01 2.120640128850936890e-01 -1.835614889860153198e-01 -9.787095189094543457e-01 -2.060217708349227905e-01 9.994122982025146484e-01 -7.341917157173156738e-01 2.016538530588150024e-01 -5.041353404521942139e-02 3.795198500156402588e-01 -2.366415783762931824e-02 -4.304313659667968750e-02 -6.062813103199005127e-02 -4.671426117420196533e-01 3.215309977531433105e-01 6.548506617546081543e-01 -9.997414350509643555e-01 -9.189382791519165039e-01 9.981657862663269043e-01 9.708080291748046875e-01 -1.542689204216003418e-01 -9.985184073448181152e-01 2.203843928873538971e-02 -9.330398440361022949e-01 -4.750090539455413818e-01 3.488935232162475586e-01 -2.429201900959014893e-01 -4.457133114337921143e-01 -3.363806605339050293e-01 9.998393058776855469e-01 5.943180918693542480e-01 -4.667536020278930664e-01 -8.036916255950927734e-01 1.992045193910598755e-01 -1.436123251914978027e-01 4.848407208919525146e-01 -6.660197377204895020e-01 -3.271362781524658203e-01 2.201660275459289551e-01 -9.152593612670898438e-01 1.395401805639266968e-01 -8.333516120910644531e-02 9.795915484428405762e-01 -9.982240796089172363e-01 -2.835904993116855621e-02 -9.080184102058410645e-01 9.793089032173156738e-01 -5.911285281181335449e-01 -3.084656000137329102e-01 -5.017618536949157715e-01 1.704345047473907471e-01 -5.946451425552368164e-01 -3.188571035861968994e-01 9.988790154457092285e-01 6.128848791122436523e-01 -4.808453917503356934e-01 6.175206601619720459e-02 -2.333234064280986786e-02 -2.913284301757812500e-01 9.967882037162780762e-01 -9.776477217674255371e-01 -8.171812891960144043e-01 1.123643592000007629e-01 9.998531341552734375e-01 3.473154604434967041e-01 -6.748736500740051270e-01 9.335029721260070801e-01 3.552827611565589905e-02 2.128801643848419189e-01 -7.321484684944152832e-01 9.946957826614379883e-01 -5.641728043556213379e-01 -4.709810912609100342e-01 -2.956728041172027588e-01 -2.154358774423599243e-01 9.795191884040832520e-01 -1.284440159797668457e-01 3.933630585670471191e-01 -3.150416016578674316e-01 4.349293410778045654e-01 2.279851287603378296e-01 3.428117632865905762e-01 2.841866612434387207e-01 -3.536411225795745850e-01 2.248076200485229492e-01 -5.040363073348999023e-01 -8.264889717102050781e-01 9.999307394027709961e-01 1.658424288034439087e-01 -2.976463139057159424e-01 -5.422749519348144531e-01 8.869755864143371582e-01 9.372398853302001953e-01 2.252824455499649048e-01 -6.722538266330957413e-03 -9.981401562690734863e-01 1.440689265727996826e-01 -4.970737397670745850e-01 2.976301610469818115e-01 -8.870632052421569824e-01 9.337467700242996216e-02 9.881090521812438965e-01 9.995737075805664062e-01 8.783679008483886719e-01 -3.831373155117034912e-01 9.668793678283691406e-01 -4.886562824249267578e-01 9.308627843856811523e-01 -2.494037300348281860e-01 -4.469102323055267334e-01 -8.394559621810913086e-01 4.558151960372924805e-01 9.909126162528991699e-01 9.982488751411437988e-01 -9.760611653327941895e-01 -3.817670643329620361e-01 5.487911030650138855e-02 9.829597473144531250e-01 1.327834725379943848e-01 -9.894639253616333008e-01 -6.158096194267272949e-01 -8.558585047721862793e-01 -1.391456276178359985e-01 -3.545147776603698730e-01 -3.363172411918640137e-01 -9.872649312019348145e-01 6.582885235548019409e-02 3.188021779060363770e-01 7.432761043310165405e-02 -5.412092804908752441e-01 8.466890454292297363e-01 9.503738880157470703e-01 -4.608286023139953613e-01 -9.087717533111572266e-01 8.708295822143554688e-01 9.114734828472137451e-02 4.601896405220031738e-01 7.333912849426269531e-01 -9.814396500587463379e-01 -9.275931715965270996e-01 1.981786042451858521e-01 -1.108318641781806946e-01 -2.494716793298721313e-01 3.988508880138397217e-01 -6.139291524887084961e-01 -6.975166797637939453e-01 3.821185529232025146e-01 -9.900265932083129883e-01 9.807031750679016113e-01 -8.197607994079589844e-01 1.987415999174118042e-01 -9.960153698921203613e-01 5.851577520370483398e-01 5.398336052894592285e-01 -2.573633380234241486e-02 -5.647765994071960449e-01 1.882001608610153198e-01 7.037694454193115234e-01 3.807677328586578369e-01 8.670233488082885742e-01 -2.931414842605590820e-01 5.179460048675537109e-01 3.429036438465118408e-01 9.493303894996643066e-01 9.999755024909973145e-01 6.988027691841125488e-01 8.558483719825744629e-01 7.214214801788330078e-01 1.925655007362365723e-01 9.833459854125976562e-01 -1.357176899909973145e-02 6.775049567222595215e-01 2.802806794643402100e-01 4.761168062686920166e-01 -4.908687770366668701e-01 -2.697519958019256592e-01 3.134399056434631348e-01 9.773215055465698242e-01 -4.876871109008789062e-01 -7.091618180274963379e-01 -9.658422470092773438e-01 -8.877575397491455078e-01 9.258598685264587402e-01 -1.644487380981445312e-01 -9.893453121185302734e-01 9.977054595947265625e-02 -8.130942583084106445e-01 -1.132076829671859741e-01 9.867212772369384766e-01 7.578577399253845215e-01 -9.975854754447937012e-01 -2.749006450176239014e-01 6.150045394897460938e-01 9.947463274002075195e-01 -1.428505219519138336e-02 9.564518928527832031e-01 9.993355274200439453e-01 -7.032613158226013184e-01 -7.824057340621948242e-01 9.667613506317138672e-01 3.498744368553161621e-01 9.790757298469543457e-01 -1.090652123093605042e-01 -9.772598147392272949e-01 -1.739398203790187836e-02 9.228191971778869629e-01 9.945991635322570801e-01 8.556199073791503906e-01 -8.122266083955764771e-02 1.015813574194908142e-01 6.043655276298522949e-01 -9.862617850303649902e-01 -9.986956715583801270e-01 -9.930862188339233398e-01 1.479148119688034058e-01 1.834431141614913940e-01 -2.775058448314666748e-01 9.035719037055969238e-01 -9.985910058021545410e-01 1.172172464430332184e-02 3.659941256046295166e-01 9.384524077177047729e-03 9.835332632064819336e-01 9.982261061668395996e-01 -9.986190795898437500e-01 8.835411667823791504e-01 8.295511603355407715e-01 -3.626622855663299561e-01 -4.342066822573542595e-04 2.532804906368255615e-01 9.797523021697998047e-01 9.324038028717041016e-01 -1.771542727947235107e-01 -2.641590833663940430e-01 -5.418251156806945801e-01 3.160968720912933350e-01 9.996216297149658203e-01 9.944861531257629395e-01 -2.158618867397308350e-01 -1.152988076210021973e-01 7.432578802108764648e-01 4.584175050258636475e-01 9.999335408210754395e-01 2.254032641649246216e-01 -1.168444752693176270e-01 -8.030042052268981934e-02 -9.804194569587707520e-01 -3.542697727680206299e-01 -3.471199870109558105e-01 -9.452631473541259766e-01 -5.960187911987304688e-01 -1.306475847959518433e-01 9.906702637672424316e-01 9.898586869239807129e-01 3.788827657699584961e-01 -1.417647451162338257e-01 6.266899406909942627e-03 4.240715205669403076e-01 4.452690854668617249e-02 -8.851708471775054932e-02 -7.166482210159301758e-01 -7.658539414405822754e-01 -4.560344815254211426e-01 9.977450966835021973e-01 -1.151780635118484497e-01 -4.385679960250854492e-01 -9.418682456016540527e-01 4.293985366821289062e-01 -7.178933024406433105e-01 -5.725309252738952637e-01 9.999790787696838379e-01 1.676547229290008545e-01 8.260771632194519043e-01 3.147098124027252197e-01 4.215408265590667725e-01 9.339614510536193848e-01 -3.384601324796676636e-02 -8.181206881999969482e-02 -4.382763504981994629e-01 1.406660825014114380e-01 -3.619227409362792969e-01 1.786560751497745514e-02 4.826150536537170410e-01 -9.956148862838745117e-01 1.496564596891403198e-01 -3.565541207790374756e-01 3.080746233463287354e-01 -1.036067977547645569e-01 8.538070321083068848e-02 1.626066714525222778e-01 7.684161663055419922e-01 2.604573667049407959e-01 4.709832668304443359e-01 1.064520478248596191e-01 8.787581324577331543e-01 -2.442110180854797363e-01 2.681281864643096924e-01 5.433178544044494629e-01 -9.980785250663757324e-01 5.298739299178123474e-02 6.641994416713714600e-02 -1.291955858469009399e-01 2.041700631380081177e-01 3.196202814579010010e-01 2.389960438013076782e-01 -9.592028260231018066e-01 5.322372317314147949e-01 9.971904158592224121e-01 -4.973677396774291992e-01 6.737519502639770508e-01 -6.784608960151672363e-01 4.318874180316925049e-01 1.492713838815689087e-01 -6.401164922863245010e-03 9.558552503585815430e-01 -9.996908307075500488e-01 8.162729442119598389e-02 -1.246818229556083679e-01 -2.754348218441009521e-01 -4.237355887889862061e-01 -7.357968688011169434e-01 9.893636107444763184e-01 7.705759257078170776e-02 5.127595067024230957e-01 -8.904314041137695312e-01 -4.936873912811279297e-01 -1.398901343345642090e-01 -5.173878371715545654e-02 -9.979755282402038574e-01 3.660070300102233887e-01 5.192518234252929688e-02 -8.380426466464996338e-02 -8.953594565391540527e-01 -9.646552801132202148e-01 4.446228742599487305e-01 -4.318116903305053711e-01 -1.380148716270923615e-02 -9.799249768257141113e-01 4.228080511093139648e-01 3.159397244453430176e-01 -8.817715048789978027e-01 -7.430013418197631836e-01 -9.970147609710693359e-01 -4.469425380229949951e-01 6.087682843208312988e-01 1.891168802976608276e-01 9.981458783149719238e-01 3.534891605377197266e-01 -9.664978384971618652e-01 -4.696558713912963867e-01 3.072138428688049316e-01 -2.118027955293655396e-01 4.226734861731529236e-02 2.520785331726074219e-01 -9.994794130325317383e-01 9.100354909896850586e-01 -9.984840750694274902e-01 -7.903200984001159668e-01 1.046244576573371887e-01 -7.826443314552307129e-01 5.820887684822082520e-01 3.671763092279434204e-02 -3.519785106182098389e-01 3.317590430378913879e-02 -8.458415865898132324e-01 -8.250631690025329590e-01 -2.077479287981987000e-02 -9.882947802543640137e-01 -9.910790920257568359e-01 -9.461936354637145996e-01 3.876593410968780518e-01 -5.138514637947082520e-01 5.988872647285461426e-01 4.148192703723907471e-01 -2.940967381000518799e-01 3.396552428603172302e-02 9.583911299705505371e-01 2.859876453876495361e-01 1.397174745798110962e-01 4.689506888389587402e-01 3.242014348506927490e-02 3.188265264034271240e-01 9.983413219451904297e-01 7.936674356460571289e-01 9.022776782512664795e-02 -9.966430664062500000e-01 6.011693477630615234e-01 7.221485674381256104e-02 9.682453274726867676e-01 8.746036291122436523e-01 7.654256820678710938e-01 -9.997024536132812500e-01 -6.042718887329101562e-01 3.232086598873138428e-01 5.410821437835693359e-01 -1.826472431421279907e-01 2.125270366668701172e-01 -1.908429116010665894e-01 -9.927454590797424316e-01 -9.750095009803771973e-01 3.854821026325225830e-01 -8.704512715339660645e-01 9.951470494270324707e-01 3.649168312549591064e-01 3.479478657245635986e-01 7.759813070297241211e-01 3.151730298995971680e-01 3.323293626308441162e-01 -9.935473799705505371e-01 -3.680207729339599609e-01 -1.305689364671707153e-01 -6.850570440292358398e-01 -1.794442534446716309e-01 -7.006905078887939453e-01 -9.999687075614929199e-01 -5.749679803848266602e-01 -9.293211102485656738e-01 1.837104409933090210e-01 -4.474730789661407471e-01 -2.168950811028480530e-02 4.796071946620941162e-01 4.000389277935028076e-01 9.992436170578002930e-01 -8.353307247161865234e-01 -1.655649095773696899e-01 1.139216125011444092e-02 3.069784343242645264e-01 2.777528464794158936e-01 -9.782140254974365234e-01 9.699778556823730469e-01 3.697147369384765625e-01 7.458087801933288574e-02 4.780654609203338623e-01 -1.711012125015258789e-01 -9.415988922119140625e-01
6.700822710990905762e-01 -4.080894887447357178e-01 3.560531139373779297e-01 1.283310055732727051e-01 -6.012732386589050293e-01 5.380553007125854492e-01 9.922016263008117676e-01 -9.997394680976867676e-01 -4.777592141181230545e-03 -9.785199165344238281e-01 5.271791294217109680e-02 -8.327211737632751465e-01 -8.866840600967407227e-01 -8.195442557334899902e-01 -6.371672749519348145e-01 -1.092927902936935425e-01 -1.833853125572204590e-01 -1.989470124244689941e-01 -3.752842247486114502e-01 1.695339679718017578e-01 1.559056788682937622e-01 1.707728952169418335e-01 8.951146006584167480e-01 8.626608848571777344e-01 9.973962903022766113e-01 9.498727917671203613e-01 -2.734193503856658936e-01 -2.679034322500228882e-02 -7.976672798395156860e-02 -7.330285850912332535e-03 9.957037568092346191e-01 2.522998154163360596e-01 3.117178082466125488e-01 1.111041307449340820e-01 -9.968013167381286621e-01 -1.274035871028900146e-01 -2.411822676658630371e-01 -1.071263551712036133e-01 9.981299638748168945e-01 8.644126355648040771e-03 2.257020324468612671e-01 -3.886051476001739502e-01 1.702103018760681152e-01 -9.980270266532897949e-01 2.558969259262084961e-01 3.312765061855316162e-01 -9.956888556480407715e-01 -3.980734050273895264e-01 7.899622917175292969e-01 -5.990450084209442139e-02 9.673447608947753906e-01 -1.079833358526229858e-01 9.906998872756958008e-01 -3.373564183712005615e-01 -6.604864001274108887e-01 4.017556905746459961e-01 1.074661612510681152e-01 -8.983928710222244263e-02 -9.998642802238464355e-01 -8.461346030235290527e-01 -3.941953778266906738e-01 1.702410578727722168e-01 4.559152126312255859e-01 2.718420922756195068e-01 -1.036721765995025635e-01 -9.764170646667480469e-01 9.997238516807556152e-01 -4.553133249282836914e-02 1.271027773618698120e-01 9.830605387687683105e-01 9.907841682434082031e-01 9.998881220817565918e-01 -9.810315370559692383e-01 -9.245832562446594238e-01 -6.958617568016052246e-01 -4.345967173576354980e-01 2.457233816385269165e-01 8.860443234443664551e-01 -1.042233034968376160e-01 -5.514252558350563049e-02 -9.994857311248779297e-01 -2.279179692268371582e-01 9.959369301795959473e-01 1.700706630945205688e-01 5.174701213836669922e-01 -3.417601883411407471e-01 2.589921951293945312e-01 4.328519403934478760e-01 4.487109556794166565e-02 -2.655493021011352539e-01 -8.700805902481079102e-01 -1.042503044009208679e-01 5.332105159759521484e-01 -9.958418011665344238e-01 -9.804654717445373535e-01 -1.499417424201965332e-01 9.810906648635864258e-01 -2.275092713534832001e-02 -9.988741278648376465e-01 1.116909906268119812e-01 2.600538730621337891e-01 -9.684574604034423828e-01 4.608705639839172363e-01 1.890112757682800293e-01 3.770782649517059326e-01 -9.434013813734054565e-02 9.971420764923095703e-01 3.785522878170013428e-01 1.131842657923698425e-01 -1.121433600783348083e-01 -1.971117109060287476e-01 5.325267910957336426e-01 -8.008344173431396484e-01 -9.047499895095825195e-01 -3.926296830177307129e-01 1.979041695594787598e-01 -9.742808341979980469e-01 5.093986988067626953e-01 2.888379693031311035e-01 9.931626319885253906e-01 -6.265231966972351074e-01 -4.377323761582374573e-02 -9.353499412536621094e-01 9.923663735389709473e-01 -1.327915042638778687e-01 5.614094808697700500e-02 -7.536585330963134766e-01 -2.056174427270889282e-01 -5.064882636070251465e-01 1.694590225815773010e-02 8.400998115539550781e-01 9.887588620185852051e-01 9.486169815063476562e-01 5.805985257029533386e-02 -1.604394763708114624e-01 -9.000274538993835449e-01 9.947406649589538574e-01 -9.858562350273132324e-01 -9.976682662963867188e-01 4.057401418685913086e-01 9.999188780784606934e-01 3.217769563198089600e-01 -1.134939026087522507e-02 8.522561788558959961e-01 -1.446040719747543335e-01 6.039633154869079590e-01 3.953290358185768127e-02 9.731692075729370117e-01 -9.209464192390441895e-01 -2.738385796546936035e-01 -5.227879062294960022e-02 1.342420727014541626e-01 6.198333501815795898e-01 -1.731629520654678345e-01 7.077851891517639160e-02 -2.485416829586029053e-01 3.228136897087097168e-01 9.071567654609680176e-01 1.251334846019744873e-01 3.471902012825012207e-01 -2.858353257179260254e-01 3.510009497404098511e-02 1.002272125333547592e-02 -4.026398658752441406e-01 9.999898672103881836e-01 -2.271808683872222900e-01 -3.988980874419212341e-02 -4.303112924098968506e-01 9.912326335906982422e-01 -6.880351901054382324e-02 4.493601620197296143e-01 2.942607104778289795e-01 -9.997002482414245605e-01 1.135964989662170410e-01 -4.432965442538261414e-02 -1.341238617897033691e-02 9.919114112854003906e-01 1.380628049373626709e-01 9.939364194869995117e-01 9.900748133659362793e-01 7.507851719856262207e-01 7.425533980131149292e-02 9.669045805931091309e-01 -4.410442709922790527e-01 9.092642068862915039e-01 -8.920468091964721680e-01 -6.056410670280456543e-01 -5.630709528923034668e-01 6.751711368560791016e-01 7.489054799079895020e-01 9.874625205993652344e-01 -9.778074622154235840e-01 5.394725203514099121e-01 -8.353300392627716064e-02 9.951369166374206543e-01 -6.378854066133499146e-02 -9.939125776290893555e-01 -8.081650137901306152e-01 1.349651515483856201e-01 -1.039457023143768311e-01 -3.345137238502502441e-01 -5.727761387825012207e-01 -9.398657083511352539e-01 -9.864529967308044434e-02 4.329991042613983154e-01 9.480690360069274902e-01 -2.616022527217864990e-01 9.307025671005249023e-01 9.975482821464538574e-01 -3.684384226799011230e-01 -9.622555971145629883e-01 2.384061366319656372e-01 -2.436625212430953979e-01 2.512595355510711670e-01 9.298062920570373535e-01 -9.314206242561340332e-01 -7.634274363517761230e-01 9.476259350776672363e-01 1.838481575250625610e-01 -4.252364337444305420e-01 -1.842011511325836182e-01 -1.727968007326126099e-01 -9.745051264762878418e-01 3.745240271091461182e-01 -9.752579927444458008e-01 6.390976905822753906e-01 -9.241430163383483887e-01 -5.230420455336570740e-02 -9.203255176544189453e-01 9.317120909690856934e-01 2.253233343362808228e-01 3.777906894683837891e-01 1.145319417119026184e-01 -2.210298553109169006e-02 8.035863041877746582e-01 1.470372676849365234e-01 5.366612076759338379e-01 -3.926682174205780029e-01 -3.063454329967498779e-01 5.990216508507728577e-02 9.997898340225219727e-01 9.999914765357971191e-01 3.267802596092224121e-01 8.033626079559326172e-01 6.891774535179138184e-01 -1.556960642337799072e-01 9.833216667175292969e-01 -2.847585380077362061e-01 7.583189010620117188e-01 8.094681799411773682e-02 3.115868866443634033e-01 -4.572401195764541626e-02 -1.161305382847785950e-01 3.474762439727783203e-01 9.989416003227233887e-01 -3.823216557502746582e-01 5.904323607683181763e-02 -9.963857531547546387e-01 -7.667468190193176270e-01 -3.818282857537269592e-02 -6.183134317398071289e-01 -9.981511235237121582e-01 2.400802373886108398e-01 -2.911223769187927246e-01 4.362311661243438721e-01 9.304593205451965332e-01 9.546518325805664062e-01 -9.447602629661560059e-01 -1.013922169804573059e-01 2.432334236800670624e-02 9.983443617820739746e-01 -3.151817321777343750e-01 -9.441941380500793457e-01 9.999692440032958984e-01 -5.045210719108581543e-01 -9.947116374969482422e-01 7.898479700088500977e-01 4.495952427387237549e-01 9.934067726135253906e-01 -2.387315481901168823e-01 -9.472116827964782715e-01 -9.085918664932250977e-01 7.664255499839782715e-01 9.992103576660156250e-01 9.904732108116149902e-01 -1.431974619626998901e-01 3.289001584053039551e-01 -1.987481713294982910e-01 -9.989242553710937500e-01 -9.982754588127136230e-01 -8.752552270889282227e-01 2.274424880743026733e-01 1.650080084800720215e-04 8.442059755325317383e-01 9.956018328666687012e-01 -9.981672167778015137e-01 1.103465538471937180e-02 6.226912736892700195e-01 -3.347376883029937744e-01 9.923110008239746094e-01 9.982290267944335938e-01 -9.962086677551269531e-01 6.607875823974609375e-01 9.922016859054565430e-01 -1.876089163124561310e-02 8.880130052566528320e-01 2.326458692550659180e-01 9.895429015159606934e-01 -8.322621583938598633e-01 1.365729719400405884e-01 -1.321366876363754272e-01 -9.509184360504150391e-01 3.365669250488281250e-01 9.937818050384521484e-01 9.921381473541259766e-01 8.591169491410255432e-03 4.860322549939155579e-02 4.171787500381469727e-01 1.345846503973007202e-01 9.999868273735046387e-01 9.454344213008880615e-02 7.811957597732543945e-01 2.516596019268035889e-01 -8.262742161750793457e-01 -1.534759402275085449e-01 -3.031110763549804688e-01 -8.171084523200988770e-01 -4.997905194759368896e-01 -4.641712903976440430e-01 7.270585000514984131e-02 9.960923194885253906e-01 -1.887034326791763306e-01 -1.050039604306221008e-01 -7.197878956794738770e-01 1.899686455726623535e-01 9.916289895772933960e-02 1.319145411252975464e-02 3.386467695236206055e-01 5.620108172297477722e-02 -1.436777263879776001e-01 9.928528070449829102e-01 -5.561562255024909973e-02 -1.870626807212829590e-01 9.797716736793518066e-01 -8.836683034896850586e-01 -8.502350449562072754e-01 3.539862632751464844e-01 9.998908042907714844e-01 1.309206485748291016e-01 6.252081394195556641e-01 3.383648693561553955e-01 1.163708195090293884e-01 9.761128425598144531e-01 -5.311257019639015198e-02 9.738815575838088989e-02 5.564071238040924072e-02 6.593418866395950317e-02 -3.602309525012969971e-01 2.348065935075283051e-02 -2.449901103973388672e-01 -9.962594509124755859e-01 9.310375154018402100e-02 -1.117441281676292419e-01 -3.682900965213775635e-01 6.207447499036788940e-02 -9.857236146926879883e-01 -1.778719387948513031e-02 -1.654550880193710327e-01 1.286312192678451538e-01 4.364874362945556641e-01 -1.060791686177253723e-02 9.125536680221557617e-01 6.004970148205757141e-02 1.393977850675582886e-01 5.648320913314819336e-01 -9.995911121368408203e-01 -9.032972902059555054e-02 2.164749801158905029e-01 -6.666968762874603271e-02 2.837470173835754395e-02 1.749237477779388428e-01 -5.286413431167602539e-02 -9.813395142555236816e-01 3.478303849697113037e-01 9.984003305435180664e-01 2.193478643894195557e-01 3.741145133972167969e-01 -1.832596957683563232e-02 3.051150143146514893e-01 -7.647380977869033813e-02 -1.169855222105979919e-01 6.297463774681091309e-01 -9.999019503593444824e-01 -1.044928357005119324e-01 -2.661083340644836426e-01 -1.725788265466690063e-01 1.294670253992080688e-01 -5.008136034011840820e-01 9.983881115913391113e-01 -1.749133318662643433e-01 -1.761068254709243774e-01 -8.275994062423706055e-01 -5.691319108009338379e-01 -2.367386408150196075e-02 9.563809037208557129e-01 -9.935767650604248047e-01 2.933650314807891846e-01 2.648383080959320068e-01 -2.117045968770980835e-02 -9.989682435989379883e-01 -7.275558114051818848e-01 9.083136320114135742e-01 -9.793922305107116699e-01 -3.232764601707458496e-01 -9.466775059700012207e-01 2.439796924591064453e-01 1.406833678483963013e-01 -9.336797595024108887e-01 -5.565032958984375000e-01 -8.851108551025390625e-01 -6.142969056963920593e-02 9.290028214454650879e-01 1.673400960862636566e-02 9.988950490951538086e-01 -4.625899717211723328e-02 -8.290588259696960449e-01 1.836609542369842529e-01 6.013586521148681641e-01 -1.560095250606536865e-01 2.090359292924404144e-02 -1.675588451325893402e-02 -9.996583461761474609e-01 6.406183242797851562e-01 -9.999122619628906250e-01 -9.733475446701049805e-01 3.429201841354370117e-01 -8.774896264076232910e-01 1.761698275804519653e-01 4.082630574703216553e-01 -3.965304493904113770e-01 -8.135148882865905762e-02 -9.888748526573181152e-01 -9.811908006668090820e-01 -9.342692792415618896e-02 -9.875610470771789551e-01 -9.905567169189453125e-01 -9.994097948074340820e-01 5.126951336860656738e-01 -1.593940854072570801e-01 7.139872759580612183e-02 6.754267960786819458e-02 -3.232501447200775146e-01 1.250693649053573608e-01 9.756587147712707520e-01 3.225176334381103516e-01 8.117370605468750000e-01 -7.489250600337982178e-02 1.883095353841781616e-01 2.192587032914161682e-02 9.943874478340148926e-01 -7.743631601333618164e-01 -1.003701463341712952e-01 -9.976370930671691895e-01 7.267866283655166626e-02 3.768441379070281982e-01 9.975880384445190430e-01 7.895893454551696777e-01 9.329876303672790527e-01 -9.995847940444946289e-01 -7.371404021978378296e-02 5.093154683709144592e-02 -6.188269853591918945e-01 6.545597910881042480e-01 -1.567604839801788330e-01 1.965311914682388306e-01 -9.853386282920837402e-01 -9.878756999969482422e-01 3.314660191535949707e-01 -9.178736209869384766e-01 9.875946044921875000e-01 -1.180229038000106812e-01 3.503201529383659363e-02 1.468163877725601196e-01 2.357290685176849365e-01 3.782200813293457031e-01 -9.934946894645690918e-01 -9.740527272224426270e-01 -3.965025544166564941e-01 1.273634433746337891e-01 9.882523864507675171e-02 2.046343386173248291e-01 -9.999830722808837891e-01 -3.841422498226165771e-02 -3.662030994892120361e-01 1.184344887733459473e-01 -1.432976219803094864e-02 -1.001747995615005493e-01 3.093972504138946533e-01 -4.367374777793884277e-01 9.996368288993835449e-01 -8.969780802726745605e-01 5.836886912584304810e-02 4.135681390762329102e-01 8.810295164585113525e-02 -2.941170334815979004e-01 -8.948836326599121094e-01 8.486941456794738770e-01 -9.376379847526550293e-01 5.366338044404983521e-02 2.316701412200927734e-01 -1.313097029924392700e-01 -9.435268044471740723e-01
-9.193630814552307129e-01 9.665510058403015137e-01 1.003216058015823364e-01 3.694266676902770996e-01 -4.402049481868743896e-01 -1.629195809364318848e-01 9.963560104370117188e-01 -9.991344809532165527e-01 -1.747335344552993774e-01 -7.971276044845581055e-01 -3.110852837562561035e-01 -8.558110594749450684e-01 9.698835015296936035e-01 -9.968571662902832031e-01 -4.275604784488677979e-01 1.426667869091033936e-01 2.276985198259353638e-01 2.223619371652603149e-01 -6.109380125999450684e-01 8.232076652348041534e-03 3.987381458282470703e-01 1.452113538980484009e-01 3.206745907664299011e-02 -7.355787754058837891e-01 9.975517392158508301e-01 9.504212141036987305e-01 -1.293247193098068237e-01 -5.285791158676147461e-01 1.877515614032745361e-01 9.989456534385681152e-01 7.495886683464050293e-01 -3.493503630161285400e-01 4.064235985279083252e-01 -5.944039672613143921e-02 -9.816510081291198730e-01 -2.380409687757492065e-01 -7.080741524696350098e-01 -4.141118228435516357e-01 9.425516128540039062e-01 -1.113889813423156738e-01 -2.154214531183242798e-01 -2.255695313215255737e-01 1.926734000444412231e-01 -9.841177463531494141e-01 3.647293746471405029e-01 3.192993998527526855e-01 -8.845419287681579590e-01 -3.662865161895751953e-01 9.329988360404968262e-01 -2.701413035392761230e-01 9.297607541084289551e-01 -4.606406688690185547e-01 9.992366433143615723e-01 -2.200505584478378296e-01 6.492958068847656250e-01 -1.388714369386434555e-02 -1.576551049947738647e-01 -1.383358687162399292e-01 -9.756569266319274902e-01 -9.728196859359741211e-01 -2.163050472736358643e-01 1.951640588231384754e-03 9.938134551048278809e-01 1.674678474664688110e-01 2.550213336944580078e-01 -9.983022212982177734e-01 9.859804511070251465e-01 7.768433690071105957e-01 3.512201607227325439e-01 6.943722963333129883e-01 9.993166923522949219e-01 9.987193942070007324e-01 -4.033829271793365479e-01 -9.925261139869689941e-01 -9.977232217788696289e-01 -1.199861168861389160e-01 -1.203080192208290100e-01 -2.652423977851867676e-01 -2.204813621938228607e-02 -4.842455983161926270e-01 -8.632815480232238770e-01 -4.036055207252502441e-01 9.981202483177185059e-01 -6.160999536514282227e-01 9.987121820449829102e-01 -8.755692243576049805e-01 3.154186606407165527e-01 2.096185237169265747e-01 -2.812918126583099365e-01 1.228448525071144104e-01 -9.974318742752075195e-01 -2.493450939655303955e-01 6.328804492950439453e-01 -9.817138910293579102e-01 3.336052894592285156e-01 5.024055242538452148e-01 9.998742938041687012e-01 -1.816525459289550781e-01 -9.821686148643493652e-01 5.546783655881881714e-02 -9.360498189926147461e-01 -8.700954318046569824e-01 -4.841790199279785156e-01 3.787939995527267456e-02 -2.003704309463500977e-01 -4.138218760490417480e-01 7.007826566696166992e-01 3.146494626998901367e-01 -5.327688455581665039e-01 -6.928697824478149414e-01 2.490443410351872444e-03 7.648151516914367676e-01 1.773652285337448120e-01 -9.989491105079650879e-01 -3.150231242179870605e-01 5.384471416473388672e-01 -6.970766782760620117e-01 7.619741559028625488e-01 -2.791096568107604980e-01 9.351354837417602539e-01 -7.793726325035095215e-01 -3.272945582866668701e-01 -9.988703131675720215e-01 5.904173254966735840e-01 -2.973361015319824219e-01 -2.485890388488769531e-01 1.636470258235931396e-01 -3.754380643367767334e-01 -4.341332316398620605e-01 -4.753984138369560242e-02 3.260433673858642578e-01 6.940506696701049805e-01 8.590571284294128418e-01 2.153897471725940704e-02 3.667483329772949219e-01 8.889266103506088257e-02 9.938160181045532227e-01 -9.977565407752990723e-01 -8.748471140861511230e-01 1.714252978563308716e-01 9.961587786674499512e-01 2.218283265829086304e-01 -6.182498931884765625e-01 9.719984531402587891e-01 -5.209733247756958008e-01 1.728982627391815186e-01 -9.332236647605895996e-01 8.679491281509399414e-01 9.322829246520996094e-01 -3.889197111129760742e-01 -1.788697093725204468e-01 -2.243523150682449341e-01 9.505741596221923828e-01 -3.603923022747039795e-01 3.166375160217285156e-01 -1.049808636307716370e-01 -9.979971051216125488e-01 9.126180410385131836e-01 2.645299434661865234e-01 -4.499235376715660095e-02 -3.161282539367675781e-01 -2.159986644983291626e-01 -3.766258433461189270e-02 -6.869931817054748535e-01 9.995619058609008789e-01 4.296257160604000092e-03 -1.731647849082946777e-01 -5.914135575294494629e-01 9.280186891555786133e-01 4.658410251140594482e-01 3.514969050884246826e-01 -4.863792359828948975e-01 -9.332524538040161133e-01 -9.987393617630004883e-01 4.842626750469207764e-01 2.065776884555816650e-01 -2.163887917995452881e-01 -6.119501218199729919e-02 9.994940161705017090e-01 9.814683794975280762e-01 9.700419902801513672e-01 -4.641847684979438782e-02 9.893741011619567871e-01 -9.815055131912231445e-01 9.982692003250122070e-01 -9.998214840888977051e-01 -9.726090431213378906e-01 -9.890346527099609375e-01 2.176722437143325806e-01 9.214121103286743164e-01 9.930244684219360352e-01 -8.179554939270019531e-01 -9.820134639739990234e-01 -2.983279824256896973e-01 9.966275691986083984e-01 -1.879364699125289917e-01 -5.982662439346313477e-01 -9.990828037261962891e-01 -2.012907862663269043e-01 -2.142761796712875366e-01 2.009431868791580200e-01 -3.797534704208374023e-01 -2.980335056781768799e-01 -1.023740097880363464e-01 -2.423656135797500610e-01 -3.876835405826568604e-01 -1.382852792739868164e-01 8.479414582252502441e-01 9.236867427825927734e-01 -2.754513174295425415e-03 -6.877199411392211914e-01 -8.572955429553985596e-02 -6.793854385614395142e-02 4.735326766967773438e-01 9.979690909385681152e-01 -4.291111826896667480e-01 8.306173682212829590e-01 9.906942248344421387e-01 9.986267685890197754e-01 -1.556645985692739487e-02 -8.443775177001953125e-01 -3.206774592399597168e-01 -3.281908631324768066e-01 3.450388014316558838e-01 -1.591051518917083740e-01 2.190322577953338623e-01 -9.988682270050048828e-01 -2.917699515819549561e-01 5.894910097122192383e-01 8.759283423423767090e-01 1.118433848023414612e-01 1.828793250024318695e-02 -6.377040147781372070e-01 4.463645815849304199e-01 9.984893798828125000e-01 4.975013434886932373e-01 7.728094458580017090e-01 -2.719758450984954834e-02 1.512993425130844116e-01 2.894141674041748047e-01 7.558389306068420410e-01 9.999907016754150391e-01 -9.095148444175720215e-01 9.747513532638549805e-01 9.934370517730712891e-01 2.508945167064666748e-01 7.321494221687316895e-01 -1.743066310882568359e-02 8.621795177459716797e-01 5.440807715058326721e-02 5.810069292783737183e-02 -2.067987322807312012e-01 -5.744281411170959473e-01 2.361969649791717529e-01 9.993175268173217773e-01 -1.772517710924148560e-01 -4.348862171173095703e-01 -9.918527007102966309e-01 -1.716675609350204468e-01 9.923690557479858398e-01 -2.730644941329956055e-01 -5.064603686332702637e-01 -2.163875550031661987e-01 -9.993546605110168457e-01 1.596929877996444702e-01 9.172524213790893555e-01 9.988064169883728027e-01 -6.104339361190795898e-01 5.219552293419837952e-02 -3.111277520656585693e-01 9.996569752693176270e-01 -2.416739314794540405e-01 -9.120585918426513672e-01 9.998676776885986328e-01 -6.422421932220458984e-01 -7.327277660369873047e-01 3.188628852367401123e-01 3.850272893905639648e-01 6.851147413253784180e-01 1.439690291881561279e-01 -9.408348202705383301e-01 -9.717050790786743164e-01 9.680088162422180176e-01 9.996975064277648926e-01 8.159552216529846191e-01 -4.660683274269104004e-01 1.989841759204864502e-01 2.074803113937377930e-01 -9.994232654571533203e-01 -9.996984601020812988e-01 -6.243433952331542969e-01 5.012423396110534668e-01 6.155835390090942383e-01 1.123642772436141968e-01 9.963922500610351562e-01 -9.982029795646667480e-01 1.945831775665283203e-01 9.695821404457092285e-01 -1.727261692285537720e-01 9.906829595565795898e-01 9.997345209121704102e-01 -6.332660317420959473e-01 -9.258826375007629395e-01 9.747341275215148926e-01 -3.574726581573486328e-01 -3.041167557239532471e-01 6.196364164352416992e-01 9.979856610298156738e-01 9.790447354316711426e-01 4.259248971939086914e-01 -3.934142738580703735e-02 -8.340964317321777344e-01 3.168256580829620361e-01 9.892583489418029785e-01 -5.033759400248527527e-02 -1.913993507623672485e-01 -1.082136631011962891e-01 4.531223177909851074e-01 3.701151311397552490e-01 9.950965642929077148e-01 -2.686791718006134033e-01 -7.784678936004638672e-01 -1.416352987289428711e-01 7.770155072212219238e-01 -4.706555604934692383e-01 -3.891829252243041992e-01 -9.384023547172546387e-01 3.163643181324005127e-01 -9.989933371543884277e-01 8.934752643108367920e-02 9.994009733200073242e-01 3.837827146053314209e-01 2.463973611593246460e-01 -2.992701530456542969e-01 3.449865281581878662e-01 -8.444290608167648315e-03 -1.107455417513847351e-01 6.354683041572570801e-01 -9.944756031036376953e-01 5.617625117301940918e-01 9.973129630088806152e-01 -2.559859156608581543e-01 -4.880444407463073730e-01 8.707483410835266113e-01 2.778850495815277100e-01 9.348143339157104492e-01 9.682628512382507324e-01 9.998769164085388184e-01 -1.445930153131484985e-01 8.208681941032409668e-01 2.144344002008438110e-01 3.624979555606842041e-01 2.275485396385192871e-01 -1.012942716479301453e-01 9.988375902175903320e-01 -1.539559066295623779e-01 8.998629450798034668e-01 -4.034046828746795654e-01 -4.374711811542510986e-01 1.016434282064437866e-02 -3.731664717197418213e-01 -9.983686804771423340e-01 -4.025868773460388184e-01 9.586510062217712402e-02 -3.112741112709045410e-01 -9.281806945800781250e-01 -9.989312291145324707e-01 4.411189854145050049e-01 4.888017773628234863e-01 6.103656888008117676e-01 1.664397865533828735e-01 8.771875500679016113e-01 -6.903102993965148926e-01 6.269846856594085693e-02 -9.548392891883850098e-01 -9.927538037300109863e-01 -9.691134095191955566e-03 3.735886514186859131e-01 -3.553032279014587402e-01 -1.586970388889312744e-01 8.473845720291137695e-01 -1.471040546894073486e-01 -9.931445121765136719e-01 7.262048870325088501e-02 9.975989460945129395e-01 9.523434042930603027e-01 2.636040151119232178e-01 -4.247232079505920410e-01 9.859593510627746582e-01 -2.006439566612243652e-01 -5.364589095115661621e-01 9.333316683769226074e-01 -9.983497262001037598e-01 -1.240847408771514893e-01 -2.310507372021675110e-02 -3.534873723983764648e-01 -1.178286299109458923e-01 -3.716210722923278809e-01 9.862731099128723145e-01 2.258926033973693848e-01 -1.889501661062240601e-01 1.354294866323471069e-01 9.966024756431579590e-01 -4.880248904228210449e-01 5.361807942390441895e-01 -6.112229228019714355e-01 -9.984194636344909668e-01 -1.597328335046768188e-01 -3.201212584972381592e-01 -9.999156594276428223e-01 -1.519049108028411865e-01 8.771302103996276855e-01 -9.995883703231811523e-01 1.574325263500213623e-01 5.305249691009521484e-01 3.286615014076232910e-01 3.345565497875213623e-01 -7.229980826377868652e-01 -5.017462372779846191e-01 -9.144892692565917969e-01 -7.433474063873291016e-02 9.656788110733032227e-01 2.239921689033508301e-01 9.443457722663879395e-01 4.512110650539398193e-01 -6.799631714820861816e-01 -3.340606689453125000e-01 4.289246201515197754e-01 3.179639577865600586e-01 -2.923127412796020508e-01 2.123970389366149902e-01 -9.674435853958129883e-01 9.753145575523376465e-01 -9.997963309288024902e-01 -8.468955755233764648e-01 -8.209630846977233887e-02 -9.163311123847961426e-01 -9.781291484832763672e-01 -1.648419052362442017e-01 -2.986864447593688965e-01 1.129450183361768723e-02 -9.969736337661743164e-01 -9.914464354515075684e-01 4.272303283214569092e-01 -9.882565736770629883e-01 -9.733869433403015137e-01 -9.970830082893371582e-01 3.915643692016601562e-01 -3.399027585983276367e-01 -6.813129410147666931e-03 1.541199088096618652e-01 9.957898408174514771e-02 3.383533358573913574e-01 -6.077270507812500000e-01 5.056707859039306641e-01 9.786873459815979004e-01 4.371030926704406738e-01 -2.526030540466308594e-01 -3.600957989692687988e-01 7.660399675369262695e-01 5.282793641090393066e-01 2.384015917778015137e-01 -9.987514019012451172e-01 3.325564861297607422e-01 9.988884925842285156e-01 9.975645542144775391e-01 9.857707023620605469e-01 9.760164618492126465e-01 -8.622486591339111328e-01 -5.974055528640747070e-01 5.547031760215759277e-01 8.412788510322570801e-01 9.271707534790039062e-01 9.761871397495269775e-02 4.633175432682037354e-01 -9.354530572891235352e-01 -7.314733266830444336e-01 2.439781427383422852e-01 -4.804551601409912109e-01 9.091431498527526855e-01 1.426453888416290283e-01 4.678162038326263428e-01 3.500837683677673340e-01 5.285714268684387207e-01 -1.141123473644256592e-01 5.262961387634277344e-01 -9.340048432350158691e-01 -5.522583723068237305e-01 1.211304143071174622e-01 -2.143352180719375610e-01 3.988609313964843750e-01 -9.999995231628417969e-01 3.232717216014862061e-01 -9.644684195518493652e-01 1.674898713827133179e-01 1.202901005744934082e-01 -6.779240071773529053e-02 2.498712241649627686e-01 -8.502397537231445312e-01 9.998757839202880859e-01 -5.777218341827392578e-01 1.297368854284286499e-01 -2.275160513818264008e-02 -1.273111701011657715e-01 4.451638758182525635e-01 -9.859420657157897949e-01 5.349259376525878906e-01 7.900509834289550781e-01 4.998678565025329590e-01 -3.039085268974304199e-01 -4.286583364009857178e-01 -7.357566952705383301e-01
3.241412341594696045e-01 9.823418855667114258e-01 4.231784939765930176e-01 1.894105039536952972e-02 2.593673765659332275e-01 8.498549461364746094e-01 9.672902226448059082e-01 -9.979341626167297363e-01 -1.318369619548320770e-02 -9.954557418823242188e-01 -9.341272711753845215e-02 1.733529381453990936e-02 9.566011428833007812e-01 -9.649799466133117676e-01 -7.111747860908508301e-01 1.940909922122955322e-01 -1.911399811506271362e-01 2.326099127531051636e-01 -5.693224668502807617e-01 -1.703527867794036865e-01 4.259013831615447998e-01 1.234139502048492432e-01 -1.077227443456649780e-01 9.441268444061279297e-01 9.999397993087768555e-01 9.995554089546203613e-01 -2.657859921455383301e-01 -4.227343201637268066e-01 3.326635062694549561e-01 -8.510369062423706055e-01 9.963394403457641602e-01 -1.045861989259719849e-01 7.671967744827270508e-01 1.146282479166984558e-01 -9.892696142196655273e-01 -1.278242021799087524e-01 -7.115392088890075684e-01 -4.069756567478179932e-01 9.946663975715637207e-01 7.059969939291477203e-03 -1.286159921437501907e-02 -4.938525557518005371e-01 -2.523718774318695068e-01 -9.936833381652832031e-01 3.265778720378875732e-01 8.234536647796630859e-01 -9.857630729675292969e-01 9.407213330268859863e-02 9.894420504570007324e-01 -1.773405224084854126e-01 9.828210473060607910e-01 2.683846056461334229e-01 9.867606759071350098e-01 2.317767292261123657e-01 -9.374313354492187500e-01 1.547691971063613892e-01 -2.287066578865051270e-01 -2.379701137542724609e-01 -9.968878626823425293e-01 -9.789952635765075684e-01 -2.116776555776596069e-01 3.068224340677261353e-02 9.901542067527770996e-01 8.398319780826568604e-02 1.678793430328369141e-01 -9.940531253814697266e-01 9.978010058403015137e-01 -5.568221807479858398e-01 1.094321087002754211e-01 6.090245246887207031e-01 9.988923072814941406e-01 9.994821548461914062e-01 -9.896827936172485352e-01 -9.154489040374755859e-01 -9.721325635910034180e-01 -2.965435683727264404e-01 -3.804310560226440430e-01 5.316997766494750977e-01 7.006628066301345825e-02 -3.449737429618835449e-01 -8.760385513305664062e-01 3.921263813972473145e-01 9.944354295730590820e-01 5.596449375152587891e-01 -4.488492012023925781e-01 -3.649777173995971680e-01 3.481665551662445068e-01 3.111001551151275635e-01 -2.316315919160842896e-01 9.750133752822875977e-02 -1.805636882781982422e-01 4.565794020891189575e-02 6.148284673690795898e-01 -9.888470768928527832e-01 9.404527395963668823e-02 -6.005494594573974609e-01 9.991601109504699707e-01 -1.530132889747619629e-01 -9.995254874229431152e-01 1.003249362111091614e-01 -5.964133739471435547e-01 -8.663208484649658203e-01 -9.634762406349182129e-01 -1.323706805706024170e-01 -1.258360408246517181e-02 9.924863465130329132e-03 9.118641018867492676e-01 3.722475767135620117e-01 -5.552641749382019043e-01 -5.120587944984436035e-01 -1.098683103919029236e-01 -7.309941202402114868e-02 7.952811717987060547e-01 -3.389511406421661377e-01 -2.073864489793777466e-01 2.596183717250823975e-01 -9.947041273117065430e-01 -9.389507174491882324e-01 3.093025982379913330e-01 9.836506843566894531e-01 -9.736053943634033203e-01 -2.458730489015579224e-01 -9.469014406204223633e-01 3.272387385368347168e-01 -2.559573650360107422e-01 -2.485077828168869019e-01 -9.058714509010314941e-01 -5.978103280067443848e-01 -5.879431962966918945e-01 -3.784933388233184814e-01 9.947597980499267578e-01 9.300147294998168945e-01 5.250467061996459961e-01 -5.071273446083068848e-02 1.920583099126815796e-01 -7.261149287223815918e-01 9.969704151153564453e-01 -8.273454308509826660e-01 -8.770232796669006348e-01 2.103752195835113525e-01 9.999668598175048828e-01 5.727927684783935547e-01 -4.565537571907043457e-01 9.975796937942504883e-01 -6.692064553499221802e-02 -3.936487138271331787e-01 2.995712161064147949e-01 9.998780488967895508e-01 -9.366329908370971680e-01 -4.089902341365814209e-01 -3.597809672355651855e-01 -2.401214838027954102e-01 4.299645423889160156e-01 -4.393669366836547852e-01 5.337957739830017090e-01 -2.194347232580184937e-01 7.181062698364257812e-01 6.119271516799926758e-01 2.567400634288787842e-01 4.312661588191986084e-01 -3.404381275177001953e-01 1.843029111623764038e-01 -3.238648772239685059e-01 -6.244118213653564453e-01 9.996041655540466309e-01 -2.653623521327972412e-01 -3.845511674880981445e-01 -6.488485336303710938e-01 9.897315502166748047e-01 8.739605545997619629e-01 -6.980741769075393677e-02 -5.420774593949317932e-02 -9.174777269363403320e-01 8.566935658454895020e-01 -3.437487185001373291e-01 3.833848834037780762e-01 -6.943591237068176270e-01 1.615281105041503906e-01 9.959160685539245605e-01 9.541894793510437012e-01 9.605171680450439453e-01 -3.966417908668518066e-01 9.902475476264953613e-01 1.697106361389160156e-01 7.437368631362915039e-01 -9.987591505050659180e-01 -9.507312178611755371e-01 -9.797160029411315918e-01 2.337003871798515320e-02 9.950859546661376953e-01 9.819454550743103027e-01 -8.781874775886535645e-01 -8.912816643714904785e-01 -1.568558365106582642e-01 9.225198030471801758e-01 -2.681486606597900391e-01 -5.323266144841909409e-03 6.401249021291732788e-02 1.893291026353836060e-01 -2.324752956628799438e-01 -4.090919792652130127e-01 -3.501025438308715820e-01 -9.630395770072937012e-01 -7.328015565872192383e-02 6.785199791193008423e-02 9.082014560699462891e-01 9.066354483366012573e-02 9.259704947471618652e-01 2.251677364110946655e-01 -3.050940632820129395e-01 -9.971927404403686523e-01 7.697740793228149414e-01 9.499944746494293213e-03 5.006512403488159180e-01 2.617136947810649872e-02 -8.768505454063415527e-01 -4.432485997676849365e-01 9.997881054878234863e-01 -7.860468029975891113e-01 -1.277588456869125366e-01 -6.727699637413024902e-01 2.185274846851825714e-02 -5.970312952995300293e-01 5.482457876205444336e-01 -7.487524151802062988e-01 -6.793805956840515137e-01 -8.754551410675048828e-01 -5.993425101041793823e-02 -2.424625158309936523e-01 9.735999107360839844e-01 2.073626369237899780e-01 6.157708168029785156e-02 -1.426009237766265869e-01 6.155528426170349121e-01 9.670925140380859375e-01 1.686225682497024536e-01 -9.730666875839233398e-01 -3.068397939205169678e-01 6.968500465154647827e-02 -2.280083149671554565e-01 9.816478490829467773e-01 9.999812245368957520e-01 9.393894076347351074e-01 9.908223152160644531e-01 -3.105856478214263916e-01 -1.083541512489318848e-01 9.653605222702026367e-01 2.965209782123565674e-01 7.710074782371520996e-01 1.546562314033508301e-01 -8.928343653678894043e-02 -4.410803020000457764e-01 -2.188443988561630249e-01 3.533174395561218262e-01 9.998982548713684082e-01 8.194289356470108032e-02 -5.288607478141784668e-01 -9.943413734436035156e-01 -8.017230629920959473e-01 9.774842262268066406e-01 -3.849745690822601318e-01 -6.505162715911865234e-01 -1.107013374567031860e-01 -9.756432771682739258e-01 -2.465802580118179321e-01 -1.865797340869903564e-01 9.969686269760131836e-01 -9.757576584815979004e-01 -8.700820803642272949e-02 3.216155571863055229e-03 9.999095201492309570e-01 -2.789589166641235352e-01 -9.884800910949707031e-01 9.999641776084899902e-01 -7.405055761337280273e-01 -9.276283979415893555e-01 8.939662575721740723e-01 4.926364719867706299e-01 9.968767166137695312e-01 1.431080549955368042e-01 -9.231711626052856445e-01 -9.872266054153442383e-01 7.483304943889379501e-03 9.995694160461425781e-01 9.518366456031799316e-01 -3.304294310510158539e-03 2.159062474966049194e-01 4.564773738384246826e-01 -9.946982860565185547e-01 -9.992938041687011719e-01 -7.986043095588684082e-01 6.946536302566528320e-01 4.160801470279693604e-01 9.876903891563415527e-01 8.528256416320800781e-01 -9.996109008789062500e-01 6.347174942493438721e-02 9.424215555191040039e-01 -2.022172957658767700e-01 9.963106513023376465e-01 9.998769164085388184e-01 1.554315984249114990e-01 7.167474031448364258e-01 9.545108675956726074e-01 -4.889469742774963379e-01 -1.957374513149261475e-01 2.472215145826339722e-01 9.979251027107238770e-01 7.727696895599365234e-01 4.828295111656188965e-01 6.473704427480697632e-02 -9.588015675544738770e-01 3.921071588993072510e-01 9.627062082290649414e-01 9.762680530548095703e-01 -2.379788458347320557e-01 2.827380597591400146e-01 5.226344466209411621e-01 3.205519914627075195e-01 9.998125433921813965e-01 3.054128214716911316e-02 -8.193112611770629883e-01 -3.599444627761840820e-01 -9.079803228378295898e-01 -2.665825784206390381e-01 -7.141093015670776367e-01 -6.647568345069885254e-01 -9.080399870872497559e-01 6.316831707954406738e-01 -4.167398512363433838e-01 9.995168447494506836e-01 2.731664292514324188e-02 -4.591468349099159241e-02 5.337033867835998535e-01 2.751942276954650879e-01 3.661948144435882568e-01 2.220660597085952759e-01 -9.306572675704956055e-01 1.305005550384521484e-01 5.600048303604125977e-01 9.943786263465881348e-01 -2.944879233837127686e-01 -3.200660347938537598e-01 2.395127713680267334e-01 -8.774148225784301758e-01 -5.157932043075561523e-01 -2.741189599037170410e-01 9.998733997344970703e-01 2.652535438537597656e-01 8.957260251045227051e-01 2.625713050365447998e-01 2.290167808532714844e-01 8.224173188209533691e-01 -1.329497545957565308e-01 -8.110250830650329590e-01 1.450828909873962402e-01 -5.791598558425903320e-01 -2.399050891399383545e-01 -1.497250646352767944e-01 -2.480107992887496948e-01 -9.866157174110412598e-01 8.662657141685485840e-01 -1.356272697448730469e-01 9.687095135450363159e-02 2.353933304548263550e-01 -8.679426312446594238e-01 8.567651510238647461e-01 9.586444497108459473e-01 6.910376995801925659e-02 7.059717178344726562e-01 -4.800904989242553711e-01 9.504463076591491699e-01 -4.598058760166168213e-01 4.421346187591552734e-01 9.108152985572814941e-01 -9.272456169128417969e-01 -2.471414655447006226e-01 -2.063708901405334473e-01 -3.417816758155822754e-01 2.121064215898513794e-01 6.889075040817260742e-01 4.771027863025665283e-01 -9.925848245620727539e-01 5.080338120460510254e-01 9.765698909759521484e-01 -8.965402841567993164e-01 5.846081376075744629e-01 -3.250783383846282959e-01 7.267692591995000839e-03 -2.587670087814331055e-01 -4.024948775768280029e-01 9.290874600410461426e-01 -9.841204881668090820e-01 -5.447158124297857285e-03 -1.526926159858703613e-01 -3.113220036029815674e-01 -4.044433832168579102e-01 -6.630080342292785645e-01 9.931541085243225098e-01 1.034797579050064087e-01 4.306189417839050293e-01 -9.601468443870544434e-01 -7.571560740470886230e-01 -6.202684640884399414e-01 9.993810057640075684e-01 -8.377753943204879761e-02 7.726361751556396484e-01 -7.888306677341461182e-02 -1.481135026551783085e-03 -9.992256760597229004e-01 2.086011767387390137e-01 5.853939652442932129e-01 -9.999452233314514160e-01 1.049477607011795044e-01 8.713554143905639648e-01 2.084205150604248047e-01 6.545030474662780762e-01 -9.700210094451904297e-01 -9.521155357360839844e-01 -9.934851527214050293e-01 -1.135823428630828857e-01 9.285207986831665039e-01 1.864981353282928467e-01 9.720783829689025879e-01 4.822919666767120361e-01 -9.971727132797241211e-01 -1.270995289087295532e-01 2.419065088033676147e-01 2.840706892311573029e-02 -3.193117678165435791e-01 3.233401477336883545e-01 -6.802878975868225098e-01 9.529560804367065430e-01 -9.998317360877990723e-01 -9.901387691497802734e-01 3.505456447601318359e-02 9.865545481443405151e-02 8.722893595695495605e-01 1.459091901779174805e-02 -4.568387567996978760e-01 -3.903766572475433350e-01 -9.988214373588562012e-01 -9.274314641952514648e-01 2.398364394903182983e-01 -9.882382154464721680e-01 -9.416689872741699219e-01 -9.926362633705139160e-01 4.978578537702560425e-03 -4.314842820167541504e-01 4.493585824966430664e-01 5.407008528709411621e-01 1.595405042171478271e-01 2.191278636455535889e-01 9.643082618713378906e-01 5.889767408370971680e-01 9.241017699241638184e-01 3.141994774341583252e-01 2.906472980976104736e-01 -1.953388936817646027e-02 9.951483011245727539e-01 8.555417656898498535e-01 4.172423388808965683e-03 -9.879433512687683105e-01 5.187748670578002930e-01 -6.145372986793518066e-01 9.996664524078369141e-01 6.456243991851806641e-01 8.729457259178161621e-01 -9.122312664985656738e-01 -1.513710469007492065e-01 6.115596890449523926e-01 -5.025996565818786621e-01 -6.380723714828491211e-01 1.931582093238830566e-01 3.673793077468872070e-01 -9.383299350738525391e-01 -9.860425591468811035e-01 5.048111677169799805e-01 -8.576974868774414062e-01 5.617588758468627930e-01 3.880591094493865967e-01 3.414774835109710693e-01 6.045871376991271973e-01 2.511858344078063965e-01 -8.109750598669052124e-02 8.125499486923217773e-01 -4.860644042491912842e-01 -2.390710115432739258e-01 -1.891051679849624634e-01 -3.765128552913665771e-01 -1.293184310197830200e-01 -9.999972581863403320e-01 1.597025543451309204e-01 -9.750087857246398926e-01 2.214210778474807739e-01 -2.346608936786651611e-01 -4.027611389756202698e-02 2.991441190242767334e-01 -9.906433820724487305e-01 9.995713829994201660e-01 -6.758808493614196777e-01 2.557676434516906738e-01 2.669129669666290283e-01 1.548371911048889160e-01 2.738786935806274414e-01 -7.515330910682678223e-01 9.872828125953674316e-01 -9.393065571784973145e-01 -1.988091617822647095e-01 1.135329455137252808e-01 -4.514294266700744629e-01 -9.946392178535461426e-01
-2.882702946662902832e-01 7.405645847320556641e-01 -6.280416157096624374e-03 1.802176386117935181e-01 -7.599114626646041870e-02 9.251927137374877930e-01 9.969414472579956055e-01 -9.985808134078979492e-01 -1.035477779805660248e-02 -9.740785956382751465e-01 -1.371182948350906372e-01 -9.307299852371215820e-01 9.574457406997680664e-01 -9.988098144531250000e-01 -9.469380974769592285e-01 1.297373324632644653e-01 3.614681065082550049e-01 4.435570240020751953e-01 -7.093085646629333496e-01 -1.919101774692535400e-01 2.206049859523773193e-01 -3.568865358829498291e-02 4.385647475719451904e-01 6.871361136436462402e-01 9.994514584541320801e-01 9.476981759071350098e-01 -2.840602993965148926e-01 -4.648014307022094727e-01 2.402591407299041748e-01 6.874333620071411133e-01 9.943997263908386230e-01 -7.241258770227432251e-02 2.920662760734558105e-01 -8.080970495939254761e-02 -9.921637773513793945e-01 -1.920648813247680664e-01 -7.347840666770935059e-01 1.429045479744672775e-02 9.951000809669494629e-01 5.994208902120590210e-02 2.209327369928359985e-02 -2.002655118703842163e-01 8.484934270381927490e-02 -9.988277554512023926e-01 3.639073371887207031e-01 4.185571074485778809e-01 -9.987249374389648438e-01 -1.556718200445175171e-01 8.007990717887878418e-01 2.803647704422473907e-02 8.391023278236389160e-01 -1.619159057736396790e-02 9.987119436264038086e-01 -3.225572705268859863e-01 -1.349089145660400391e-01 1.320663690567016602e-01 -2.358740717172622681e-01 2.930912375450134277e-01 -9.488065242767333984e-01 -8.636339306831359863e-01 1.291414648294448853e-01 2.051833271980285645e-02 9.979854226112365723e-01 -1.414236277341842651e-01 1.978773921728134155e-01 -9.810699224472045898e-01 9.997780919075012207e-01 -1.913102716207504272e-02 3.057039156556129456e-02 9.624729156494140625e-01 9.883762001991271973e-01 9.995476603507995605e-01 -8.614915609359741211e-01 -9.034860730171203613e-01 -9.824587702751159668e-01 -4.947739541530609131e-01 -8.730182051658630371e-02 -2.686785534024238586e-02 -3.252111673355102539e-01 -3.702819049358367920e-01 -9.682452082633972168e-01 1.324542313814163208e-01 9.930097460746765137e-01 1.097045987844467163e-01 7.243267893791198730e-01 -9.937120079994201660e-01 2.469453262165188789e-03 4.680426120758056641e-01 -4.989306926727294922e-01 1.745698601007461548e-02 -7.882567644119262695e-01 3.389693563804030418e-03 6.480653285980224609e-01 -9.370537400245666504e-01 -1.999865472316741943e-02 9.216426610946655273e-01 9.969728589057922363e-01 -1.303102225065231323e-01 -9.998252987861633301e-01 1.608647964894771576e-02 -5.808956623077392578e-01 -6.435530781745910645e-01 -4.423681497573852539e-01 9.471798688173294067e-02 -4.727947711944580078e-01 -4.733338356018066406e-01 6.925073862075805664e-01 2.937632203102111816e-01 -4.489375948905944824e-01 -9.393641948699951172e-01 1.107163876295089722e-01 6.418373584747314453e-01 4.087237715721130371e-01 -9.009118676185607910e-01 -5.246226787567138672e-01 4.352241158485412598e-01 -9.395693540573120117e-01 3.136611729860305786e-02 -3.580480068922042847e-02 9.929646849632263184e-01 -6.586273908615112305e-01 -3.636146187782287598e-01 -9.830796122550964355e-01 -2.430663704872131348e-01 -3.508950471878051758e-01 -2.743529081344604492e-01 -9.769361019134521484e-01 -1.477077752351760864e-01 -2.471529543399810791e-01 -2.378849387168884277e-01 6.690184473991394043e-01 1.389370113611221313e-01 8.369361162185668945e-01 -8.324703574180603027e-02 -1.986909098923206329e-02 -7.333166599273681641e-01 9.735664129257202148e-01 -9.722909331321716309e-01 -9.770846366882324219e-01 -2.468078136444091797e-01 9.923734664916992188e-01 3.001074194908142090e-01 -3.775916099548339844e-01 9.384552836418151855e-01 1.050261687487363815e-02 2.885719388723373413e-02 -7.457168698310852051e-01 9.800236225128173828e-01 1.084026470780372620e-01 -3.882711231708526611e-01 1.193365827202796936e-01 -1.688777059316635132e-01 4.982743263244628906e-01 -1.255580782890319824e-01 4.575093686580657959e-01 -2.753826081752777100e-01 -7.083158493041992188e-01 8.958991616964340210e-02 -1.189270466566085815e-01 5.856509879231452942e-02 -4.220562428236007690e-02 -1.194718852639198303e-01 4.559747129678726196e-02 -4.727317988872528076e-01 9.998594522476196289e-01 1.314594745635986328e-01 -8.697506855241954327e-04 -7.832502722740173340e-01 9.863594174385070801e-01 9.058066010475158691e-01 2.053073495626449585e-01 -2.280371487140655518e-01 -9.666402935981750488e-01 -6.948171257972717285e-01 -1.429333388805389404e-01 4.597952663898468018e-01 -3.684273660182952881e-01 6.514771282672882080e-02 9.979188442230224609e-01 9.279509782791137695e-01 9.812393784523010254e-01 -2.133367359638214111e-01 8.040135502815246582e-01 -6.685555577278137207e-01 9.962346553802490234e-01 -9.997741580009460449e-01 -9.594692587852478027e-01 -7.042323350906372070e-01 2.887360453605651855e-01 9.806525707244873047e-01 9.347152113914489746e-01 -9.959853291511535645e-01 9.135845303535461426e-01 -3.637404441833496094e-01 9.942678809165954590e-01 -8.792053163051605225e-02 3.607342541217803955e-01 -9.205269813537597656e-01 -3.065726757049560547e-01 -4.656616449356079102e-01 -4.583968222141265869e-01 -3.093205094337463379e-01 -8.234669566154479980e-01 1.792420148849487305e-01 1.851017326116561890e-01 -2.432404607534408569e-01 -1.840571463108062744e-01 9.949450492858886719e-01 9.765236973762512207e-01 1.657647788524627686e-01 -9.322545528411865234e-01 -4.303179681301116943e-01 1.280932575464248657e-01 2.487117499113082886e-01 8.775427937507629395e-01 -9.468691349029541016e-01 5.691820383071899414e-01 9.986169338226318359e-01 6.661384701728820801e-01 -2.039360702037811279e-01 2.136460095643997192e-01 7.179959863424301147e-02 -1.332892924547195435e-01 2.947568595409393311e-01 -8.969231247901916504e-01 -2.966285347938537598e-01 -9.850807189941406250e-01 -2.335718832910060883e-02 5.409347414970397949e-01 7.451485991477966309e-01 3.693898022174835205e-01 -2.162415832281112671e-01 -5.149335265159606934e-01 2.220364063978195190e-01 9.902441501617431641e-01 3.143324255943298340e-01 5.113958716392517090e-01 -1.224317029118537903e-01 4.215520340949296951e-03 5.395315214991569519e-02 9.907792806625366211e-01 9.999362230300903320e-01 -3.520182967185974121e-01 9.609130620956420898e-01 8.655841350555419922e-01 -2.373988032341003418e-01 9.914731383323669434e-01 3.788038492202758789e-01 6.995410323143005371e-01 -6.451829522848129272e-02 2.783419787883758545e-01 -2.625040411949157715e-01 -3.194194734096527100e-01 1.259708702564239502e-01 9.998077154159545898e-01 1.133213564753532410e-01 -2.609936520457267761e-02 -9.646934270858764648e-01 -4.815334975719451904e-01 9.895678758621215820e-01 -1.728194653987884521e-01 -3.923335969448089600e-01 3.279842063784599304e-02 -9.944432973861694336e-01 1.129532307386398315e-01 1.997393220663070679e-01 9.989300966262817383e-01 -9.902108311653137207e-01 -1.885942667722702026e-01 -5.268809199333190918e-02 9.999381303787231445e-01 2.122231817338615656e-04 -3.324348032474517822e-01 9.999184012413024902e-01 -5.354723334312438965e-01 -4.282887876033782959e-01 8.277792334556579590e-01 2.276434749364852905e-01 8.565610647201538086e-01 -1.422674506902694702e-01 2.121268212795257568e-01 -9.812656044960021973e-01 8.227788209915161133e-01 9.988794922828674316e-01 3.394251763820648193e-01 -2.137516289949417114e-01 -4.392528906464576721e-02 2.823952138423919678e-01 -9.987097382545471191e-01 -9.997951388359069824e-01 -9.909442067146301270e-01 2.802834808826446533e-01 3.869946300983428955e-01 2.792317867279052734e-01 8.979477286338806152e-01 -9.916173219680786133e-01 -1.822962611913681030e-01 8.919278979301452637e-01 -1.506292670965194702e-01 9.961093664169311523e-01 9.997958540916442871e-01 6.948304176330566406e-01 -5.336161255836486816e-01 9.959102869033813477e-01 -3.922464549541473389e-01 -2.362249605357646942e-02 -5.223260447382926941e-02 9.956296086311340332e-01 9.906394481658935547e-01 -6.803822517395019531e-02 -5.692553706467151642e-03 -9.984814524650573730e-01 4.694562554359436035e-01 9.896641373634338379e-01 -2.786722183227539062e-01 -2.769598178565502167e-02 -1.654892116785049438e-01 3.790684342384338379e-01 2.650918066501617432e-01 9.995427727699279785e-01 -7.408525794744491577e-02 -9.042006134986877441e-01 3.310894668102264404e-01 -8.629462718963623047e-01 -2.807870209217071533e-01 -3.377034068107604980e-01 -9.952241778373718262e-01 -4.068678319454193115e-01 -7.372499704360961914e-01 -6.501428037881851196e-02 9.989877343177795410e-01 -7.394611835479736328e-02 8.992324769496917725e-02 9.103666543960571289e-01 3.861149549484252930e-01 3.196928799152374268e-01 7.980656623840332031e-02 -8.257154226303100586e-01 -8.416860699653625488e-01 3.159385025501251221e-01 9.954611063003540039e-01 -5.370623245835304260e-02 -3.520748615264892578e-01 6.482670903205871582e-01 -5.384582281112670898e-01 6.518399715423583984e-01 7.989585399627685547e-01 9.999504685401916504e-01 -3.756809532642364502e-01 7.267868518829345703e-01 1.336309313774108887e-02 4.609554409980773926e-01 -5.075619220733642578e-01 -3.337831199169158936e-01 6.578276157379150391e-01 -3.661687672138214111e-01 -3.799791634082794189e-01 -3.101760447025299072e-01 -2.024551033973693848e-01 -1.358240377157926559e-02 -9.307401776313781738e-01 -5.853917002677917480e-01 -2.319117635488510132e-01 2.804526686668395996e-01 -6.495225243270397186e-03 -9.724223613739013672e-01 -6.162777543067932129e-01 6.484371423721313477e-01 5.503835082054138184e-01 5.488274693489074707e-01 -3.784112036228179932e-01 9.105396270751953125e-01 -4.677650630474090576e-01 4.979257285594940186e-01 2.783640623092651367e-01 -9.979091882705688477e-01 2.958892881870269775e-01 3.110821247100830078e-01 -6.885443627834320068e-02 1.674549654126167297e-02 3.471233248710632324e-01 -3.757527470588684082e-02 -9.989175796508789062e-01 4.884926676750183105e-01 9.921377897262573242e-01 -4.233256280422210693e-01 3.479489684104919434e-01 -3.611567318439483643e-01 7.203782796859741211e-01 -3.253281712532043457e-01 -2.138979732990264893e-01 9.134892225265502930e-01 -9.983912706375122070e-01 -2.503972649574279785e-01 -1.468570083379745483e-01 -5.727409124374389648e-01 -1.508714407682418823e-01 -2.640044987201690674e-01 9.668585062026977539e-01 -2.273304387927055359e-02 -1.419536024332046509e-01 -7.371374368667602539e-01 8.227418661117553711e-01 -2.240763902664184570e-01 9.483236670494079590e-01 2.269862294197082520e-01 -7.236190438270568848e-01 9.327173978090286255e-02 -3.369416594505310059e-01 -9.870312213897705078e-01 -2.404199168086051941e-02 7.949953675270080566e-01 -9.995715618133544922e-01 3.068510890007019043e-01 5.296183824539184570e-01 2.063569426536560059e-01 2.578908503055572510e-01 9.475222788751125336e-03 -7.306414246559143066e-01 -9.947995543479919434e-01 -1.654499024152755737e-01 9.541927576065063477e-01 1.484562903642654419e-01 8.852071762084960938e-01 3.923888802528381348e-01 -9.785453677177429199e-01 -3.834032416343688965e-01 3.243339955806732178e-01 5.475198626518249512e-01 -1.436862200498580933e-01 3.025079518556594849e-02 -4.038046002388000488e-01 9.954669475555419922e-01 -9.998922944068908691e-01 -9.916852116584777832e-01 -1.119767948985099792e-01 -3.001869022846221924e-01 -4.897811114788055420e-01 2.180918157100677490e-01 -2.587783038616180420e-01 -3.872371017932891846e-01 -9.984737634658813477e-01 -9.247838258743286133e-01 3.094622194766998291e-01 -9.962899684906005859e-01 -9.865039587020874023e-01 -9.699954390525817871e-01 2.311818003654479980e-01 -3.311864137649536133e-01 -1.602528840303421021e-01 1.013954058289527893e-01 1.324870740063488483e-03 4.603472650051116943e-01 9.729459881782531738e-01 3.684062957763671875e-01 3.818927109241485596e-01 4.057385623455047607e-01 1.312808990478515625e-01 -5.785701274871826172e-01 9.383453130722045898e-01 8.946927189826965332e-01 1.036705821752548218e-01 -9.969725012779235840e-01 2.261482477188110352e-01 7.694638967514038086e-01 9.997115731239318848e-01 8.973562121391296387e-01 3.799481987953186035e-01 -9.920352697372436523e-01 -4.358546435832977295e-01 5.408024787902832031e-01 -4.201004207134246826e-01 6.710605025291442871e-01 9.415763616561889648e-02 1.565832942724227905e-01 -9.175949096679687500e-01 -9.508121013641357422e-01 3.736532926559448242e-01 5.660139322280883789e-01 7.872726321220397949e-01 4.788547158241271973e-01 3.118202388286590576e-01 3.036940395832061768e-01 3.189950585365295410e-01 1.236210810020565987e-03 -4.722112119197845459e-01 -2.203930020332336426e-01 -2.959122657775878906e-01 1.492587625980377197e-01 1.154590696096420288e-01 -1.284404695034027100e-01 -9.999997019767761230e-01 7.178827524185180664e-01 -8.971528410911560059e-01 -4.102565646171569824e-01 -1.139855757355690002e-01 1.205979287624359131e-01 2.339155972003936768e-01 -9.979382753372192383e-01 9.999467134475708008e-01 -9.689728617668151855e-01 2.070977240800857544e-01 8.721923828125000000e-02 -1.454186439514160156e-01 -6.236026808619499207e-02 -9.718615412712097168e-01 9.870790839195251465e-01 -3.913173079490661621e-01 2.711390256881713867e-01 -2.122050151228904724e-02 -2.931370139122009277e-01 -9.513746500015258789e-01
-9.377305507659912109e-01 9.714309573173522949e-01 2.885966897010803223e-01 3.629571199417114258e-01 -4.019002020359039307e-01 8.903610706329345703e-01 9.991863369941711426e-01 -9.953481554985046387e-01 -2.380720078945159912e-01 -9.700799584388732910e-01 1.324545890092849731e-01 -9.036133289337158203e-01 4.222259521484375000e-01 -8.247398734092712402e-01 -3.027153313159942627e-01 3.851748257875442505e-02 1.652795523405075073e-01 2.808361649513244629e-01 -6.990265846252441406e-01 -2.397710233926773071e-01 3.780696392059326172e-01 1.941285580396652222e-01 9.640455842018127441e-01 8.185020089149475098e-02 9.994965791702270508e-01 9.580661654472351074e-01 -3.611455261707305908e-01 -3.756131231784820557e-01 -8.609110862016677856e-02 6.994439959526062012e-01 9.992365241050720215e-01 -9.099169075489044189e-02 1.100719347596168518e-01 -5.187959223985671997e-02 -9.560903906822204590e-01 -4.396648705005645752e-01 -6.509519815444946289e-01 -2.701340615749359131e-02 9.602342247962951660e-01 4.466201364994049072e-02 2.295534312725067139e-01 -2.614260315895080566e-01 2.607901990413665771e-01 -9.953041076660156250e-01 4.884508550167083740e-01 1.422288715839385986e-01 -9.725545048713684082e-01 -8.288146555423736572e-02 3.888846933841705322e-01 -3.589448034763336182e-01 9.786170125007629395e-01 1.685418747365474701e-02 9.560511112213134766e-01 -2.958476543426513672e-01 -2.640676498413085938e-01 -8.347854763269424438e-02 -3.901747465133666992e-01 -8.109935373067855835e-02 -9.974585175514221191e-01 -8.189207911491394043e-01 -5.619482398033142090e-01 2.138556987047195435e-01 9.983893036842346191e-01 2.240716218948364258e-01 3.436278700828552246e-01 -9.034979939460754395e-01 9.821652770042419434e-01 2.913583517074584961e-01 1.927787065505981445e-01 1.745660006999969482e-01 9.829718470573425293e-01 9.979266524314880371e-01 -8.459197878837585449e-01 -9.843791723251342773e-01 -9.996828436851501465e-01 9.420779347419738770e-02 -2.706235647201538086e-01 -6.622175574302673340e-01 -1.054814904928207397e-01 -3.076002597808837891e-01 -9.671965837478637695e-01 -1.477571427822113037e-01 9.996889829635620117e-01 -4.426595270633697510e-01 7.445800900459289551e-01 -9.854815602302551270e-01 3.286190330982208252e-01 3.234846591949462891e-01 -3.084789514541625977e-01 2.740221917629241943e-01 -8.946563601493835449e-01 -1.897476613521575928e-01 5.293157696723937988e-01 -9.609011411666870117e-01 3.500769138336181641e-01 -3.420553207397460938e-01 9.979437589645385742e-01 3.689422830939292908e-02 -9.960466027259826660e-01 -1.262912154197692871e-01 7.293078899383544922e-01 -9.115311503410339355e-01 -2.309914231300354004e-01 -3.642135560512542725e-01 7.998035103082656860e-02 -1.401096284389495850e-01 7.579470872879028320e-01 2.566081881523132324e-01 -6.408824920654296875e-01 7.709046602249145508e-01 -1.803481727838516235e-01 7.068718671798706055e-01 5.945833921432495117e-01 -9.076076745986938477e-01 -4.980159103870391846e-01 4.993469119071960449e-01 -9.545002579689025879e-01 3.627051413059234619e-01 1.922075403854250908e-03 9.731355905532836914e-01 -9.554579854011535645e-01 -4.680646061897277832e-01 -8.083713054656982422e-01 9.863501787185668945e-01 -1.401916295289993286e-01 -4.737464189529418945e-01 -9.945995211601257324e-01 -1.763469576835632324e-01 -3.216946423053741455e-01 -5.174232721328735352e-01 3.232074975967407227e-01 5.889455676078796387e-01 9.039885401725769043e-01 -6.318060308694839478e-02 4.892984330654144287e-01 -9.962718486785888672e-01 9.553349614143371582e-01 -9.664306044578552246e-01 -6.447116136550903320e-01 9.647027403116226196e-02 9.984262585639953613e-01 2.079445719718933105e-01 -4.564813673496246338e-01 9.524099826812744141e-01 -2.529134154319763184e-01 -4.715309739112854004e-01 -9.445016384124755859e-01 9.786495566368103027e-01 1.794401258230209351e-01 -2.338809072971343994e-01 -2.610709071159362793e-01 -3.723664283752441406e-01 7.680513262748718262e-01 -4.699299633502960205e-01 4.617836177349090576e-01 -4.144750237464904785e-01 -7.931536436080932617e-01 -6.429358720779418945e-01 3.624919652938842773e-01 1.538274288177490234e-01 2.681937068700790405e-02 7.083650678396224976e-02 1.589026749134063721e-01 -3.996047973632812500e-01 9.998169541358947754e-01 -1.481277644634246826e-01 -1.212322413921356201e-01 -5.950124263763427734e-01 9.293610453605651855e-01 9.475067257881164551e-01 2.541992664337158203e-01 4.030722379684448242e-01 -9.179324507713317871e-01 -7.289117574691772461e-01 5.710861682891845703e-01 -4.215090593788772821e-04 -7.396084070205688477e-01 -5.767819471657276154e-03 9.910441040992736816e-01 8.429322242736816406e-01 9.833340048789978027e-01 -3.520689010620117188e-01 9.952881932258605957e-01 -6.318424940109252930e-01 9.662159085273742676e-01 -9.671248793601989746e-01 -8.790161013603210449e-01 -7.771734595298767090e-01 3.072390854358673096e-01 9.778572916984558105e-01 9.632651805877685547e-01 -9.889594316482543945e-01 -7.467785477638244629e-01 -2.687553763389587402e-01 9.652332067489624023e-01 -1.182340458035469055e-01 -4.771706163883209229e-01 -8.928743600845336914e-01 -1.096328422427177429e-01 -9.910264611244201660e-02 1.267697066068649292e-01 -1.557667851448059082e-01 6.622962653636932373e-02 4.560206234455108643e-01 -1.922709196805953979e-01 -1.706337928771972656e-01 1.212944909930229187e-01 9.826483130455017090e-01 8.242370486259460449e-01 9.481500089168548584e-02 -9.751164913177490234e-01 6.541174054145812988e-01 -2.599862217903137207e-01 6.832659244537353516e-01 9.244432449340820312e-01 -4.376278221607208252e-01 3.134148418903350830e-01 9.923554658889770508e-01 6.236162781715393066e-01 1.515393704175949097e-01 -7.908561229705810547e-01 -1.788055747747421265e-01 -7.826343178749084473e-01 3.533507287502288818e-01 -7.061582207679748535e-01 -4.934414029121398926e-01 -9.206727743148803711e-01 -4.788243770599365234e-02 6.006055474281311035e-01 9.953833222389221191e-01 6.262727826833724976e-02 2.076647430658340454e-01 -4.221285879611968994e-01 4.128137826919555664e-01 9.447838068008422852e-01 3.962068259716033936e-01 1.991000473499298096e-01 -3.049094416201114655e-02 2.645252346992492676e-01 2.203960418701171875e-01 9.017502069473266602e-01 9.999443888664245605e-01 -1.609780937433242798e-01 7.001096606254577637e-01 9.382849335670471191e-01 6.944288313388824463e-02 7.684678435325622559e-01 -1.653741747140884399e-01 8.369713425636291504e-01 2.311587184667587280e-01 9.722278267145156860e-02 -1.613928675651550293e-01 -5.488840341567993164e-01 2.958576083183288574e-01 9.839323759078979492e-01 8.417791128158569336e-02 -3.331954181194305420e-01 -9.983024001121520996e-01 -1.424530297517776489e-01 9.634475708007812500e-01 -2.045762091875076294e-01 -8.055326938629150391e-01 -1.207023113965988159e-01 -8.124583959579467773e-01 -1.422960162162780762e-01 9.862664937973022461e-01 9.950922727584838867e-01 -9.924977421760559082e-01 -4.203098267316818237e-02 -2.884049713611602783e-01 9.981313943862915039e-01 5.871727690100669861e-02 -9.904555082321166992e-01 9.986537694931030273e-01 -8.246335983276367188e-01 -9.970476031303405762e-01 9.631358981132507324e-01 5.039572119712829590e-01 9.381024837493896484e-01 8.733475953340530396e-02 -9.783672690391540527e-01 -9.729072451591491699e-01 7.522539496421813965e-01 9.809698462486267090e-01 8.956620693206787109e-01 -4.569447338581085205e-01 7.047765702009201050e-02 4.150364696979522705e-01 -9.835137724876403809e-01 -9.998226761817932129e-01 -9.856788516044616699e-01 4.961964488029479980e-01 5.201016068458557129e-01 2.007741630077362061e-01 8.540011644363403320e-01 -9.992524385452270508e-01 -3.312206566333770752e-01 9.861796498298645020e-01 -2.243653535842895508e-01 9.446871876716613770e-01 9.955563545227050781e-01 -8.856503963470458984e-01 -4.114749729633331299e-01 9.703701138496398926e-01 -5.590072870254516602e-01 2.783910930156707764e-01 2.976386845111846924e-01 9.955059289932250977e-01 4.289065003395080566e-01 3.675471842288970947e-01 1.674936115741729736e-01 -8.087087273597717285e-01 5.084298253059387207e-01 9.906454086303710938e-01 8.143275976181030273e-01 -5.114266872406005859e-01 -2.182996124029159546e-01 3.078935444355010986e-01 3.525478243827819824e-01 9.978970289230346680e-01 -3.360845148563385010e-01 -8.824004530906677246e-01 -1.678648591041564941e-01 -4.921571612358093262e-01 -3.573368191719055176e-01 -2.980533242225646973e-01 -8.631380796432495117e-01 2.103591561317443848e-01 -7.415458559989929199e-01 -7.215120792388916016e-01 9.999618530273437500e-01 -5.123756080865859985e-02 2.986362278461456299e-01 3.073078989982604980e-01 3.313678801059722900e-01 2.553317844867706299e-01 -1.319599896669387817e-02 -9.291058778762817383e-01 -9.038747549057006836e-01 3.542605042457580566e-01 9.934695363044738770e-01 -4.755828380584716797e-01 -3.551087081432342529e-01 9.817841649055480957e-01 -9.101418852806091309e-01 6.255127191543579102e-01 5.669012069702148438e-01 9.996963143348693848e-01 -3.605329245328903198e-02 9.686224460601806641e-01 7.075021862983703613e-01 -1.767706498503684998e-02 7.552339434623718262e-01 -3.155117630958557129e-01 6.789943575859069824e-01 3.229305148124694824e-01 -4.238979220390319824e-01 -3.568600714206695557e-01 -6.097210049629211426e-01 2.034301310777664185e-01 -5.629230737686157227e-01 -6.598544716835021973e-01 -1.364750564098358154e-01 2.608559131622314453e-01 -1.347922384738922119e-01 -9.832093715667724609e-01 -6.506347656250000000e-01 3.801682591438293457e-02 4.396817684173583984e-01 5.216475725173950195e-01 -9.929112344980239868e-02 9.264453053474426270e-01 -5.343977808952331543e-01 3.415392339229583740e-01 3.110763728618621826e-01 -9.875110983848571777e-01 2.024007737636566162e-01 2.635774575173854828e-02 -5.608458518981933594e-01 -1.488607227802276611e-01 8.390047550201416016e-01 -8.466074615716934204e-02 -9.323719143867492676e-01 1.795792281627655029e-01 8.651999235153198242e-01 2.730311155319213867e-01 1.710405051708221436e-01 -3.901338279247283936e-01 8.105792403221130371e-01 -3.046292364597320557e-01 -4.728033542633056641e-01 9.299171566963195801e-01 -9.978029727935791016e-01 -1.630423069000244141e-01 -3.171561658382415771e-01 -4.437812268733978271e-01 -1.805555075407028198e-01 -5.108247995376586914e-01 9.805175662040710449e-01 1.033587083220481873e-01 -4.240754842758178711e-01 -7.176586985588073730e-01 8.722897171974182129e-01 -4.206697344779968262e-01 9.455894231796264648e-01 -8.038154244422912598e-01 -7.698461413383483887e-01 -5.060424208641052246e-01 1.430492103099822998e-01 -9.996837973594665527e-01 -8.656420707702636719e-01 -9.736891835927963257e-02 -9.997205734252929688e-01 1.976712346076965332e-01 2.533612772822380066e-03 5.907429456710815430e-01 4.524783194065093994e-01 -5.202921479940414429e-02 -8.546107411384582520e-01 -9.839668869972229004e-01 -5.016354322433471680e-01 9.313400387763977051e-01 3.731620013713836670e-01 9.783563613891601562e-01 5.181761384010314941e-01 -9.803091287612915039e-01 -4.113384783267974854e-01 6.963422987610101700e-03 3.812307119369506836e-01 -1.497515141963958740e-01 1.056580618023872375e-01 -9.840670228004455566e-01 6.803101301193237305e-01 -9.942131042480468750e-01 -9.703599214553833008e-01 -9.276553988456726074e-02 -8.023024797439575195e-01 2.262923680245876312e-02 -2.036426216363906860e-01 -6.692536473274230957e-01 -3.076223433017730713e-01 -9.984740614891052246e-01 -9.967764616012573242e-01 8.532718569040298462e-02 -9.974782466888427734e-01 -9.736111760139465332e-01 -9.995263218879699707e-01 4.273733496665954590e-01 -1.997251808643341064e-01 1.086600199341773987e-01 2.123124003410339355e-01 1.700906604528427124e-01 -1.560298260301351547e-02 9.440538883209228516e-01 5.889399647712707520e-01 9.946481585502624512e-01 4.379447102546691895e-01 1.278234571218490601e-01 -2.799239456653594971e-01 9.197608828544616699e-01 2.817361652851104736e-01 4.007058441638946533e-01 -9.970389604568481445e-01 4.169760346412658691e-01 7.375174760818481445e-01 9.974806308746337891e-01 9.508715271949768066e-01 9.915844798088073730e-01 -8.900954723358154297e-01 -4.461441934108734131e-01 6.919538378715515137e-01 6.589853167533874512e-01 6.733960509300231934e-01 3.431497812271118164e-01 1.328743845224380493e-01 -9.560951590538024902e-01 -4.109488725662231445e-01 -9.182558953762054443e-02 -9.615864157676696777e-01 9.788129329681396484e-01 2.168857306241989136e-01 4.030112624168395996e-01 3.679700195789337158e-01 3.336058855056762695e-01 -2.807113826274871826e-01 -3.673660457134246826e-01 -4.143570363521575928e-01 -3.922504931688308716e-02 5.680401995778083801e-02 -3.364254832267761230e-01 -1.063939034938812256e-01 -9.999979734420776367e-01 1.210783869028091431e-01 -9.595271348953247070e-01 3.639021217823028564e-01 -3.806160092353820801e-01 -2.541399598121643066e-01 4.420163929462432861e-01 -4.258534014225006104e-01 9.999406933784484863e-01 -9.835262894630432129e-01 3.975726962089538574e-01 9.963989257812500000e-02 -2.432577610015869141e-01 3.104000091552734375e-01 -9.363035559654235840e-01 6.834768652915954590e-01 7.065280675888061523e-01 4.802017807960510254e-01 -7.023578137159347534e-02 -3.140994310379028320e-01 -9.235810637474060059e-01
-3.085775971412658691e-01 9.654219150543212891e-01 3.205109387636184692e-02 1.629063040018081665e-01 5.250463485717773438e-01 9.969528913497924805e-01 9.372853040695190430e-01 -9.908815622329711914e-01 1.155556067824363708e-01 -9.977856278419494629e-01 3.430018126964569092e-01 -9.857044816017150879e-01 9.271785616874694824e-01 -9.921784996986389160e-01 -5.517320632934570312e-01 3.140637278556823730e-01 3.920571208000183105e-01 2.485677450895309448e-01 -5.866100192070007324e-01 -5.233113765716552734e-01 6.326183676719665527e-01 5.276711583137512207e-01 -2.308101803064346313e-01 5.290374755859375000e-01 9.999046325683593750e-01 9.916807413101196289e-01 -3.568489551544189453e-01 -4.371898770332336426e-01 -1.374381035566329956e-01 9.235256314277648926e-01 9.932495355606079102e-01 3.015098571777343750e-01 5.878663063049316406e-01 1.109061837196350098e-01 -9.798347949981689453e-01 3.511739522218704224e-02 -6.641886234283447266e-01 -4.441830813884735107e-01 9.943625926971435547e-01 -1.713518947362899780e-01 2.964483499526977539e-01 -3.074316680431365967e-01 4.614667892456054688e-01 -9.998905658721923828e-01 3.293794989585876465e-01 8.509237170219421387e-01 -9.933888912200927734e-01 4.238946437835693359e-01 8.081383109092712402e-01 -2.435818463563919067e-01 9.920118451118469238e-01 -1.661640405654907227e-01 9.459065794944763184e-01 -2.287009209394454956e-01 2.646967470645904541e-01 -2.869450300931930542e-02 -2.564150393009185791e-01 9.984467178583145142e-02 -9.987865090370178223e-01 -8.716881275177001953e-01 -2.670842707157135010e-01 -1.795690208673477173e-01 8.684722781181335449e-01 2.888516485691070557e-01 2.450430244207382202e-01 -9.998523592948913574e-01 9.876698851585388184e-01 7.087116837501525879e-01 -6.342293322086334229e-02 -4.788622260093688965e-01 9.976388812065124512e-01 9.994990825653076172e-01 -9.589132666587829590e-01 -9.609352946281433105e-01 -9.946609139442443848e-01 -6.493579149246215820e-01 -3.047560751438140869e-01 9.431870579719543457e-01 2.895446121692657471e-01 -2.081485092639923096e-01 -9.797623157501220703e-01 2.909064292907714844e-01 9.997057914733886719e-01 1.376288980245590210e-01 9.872676730155944824e-01 -9.871971607208251953e-01 5.644326210021972656e-01 4.076670110225677490e-01 1.005766317248344421e-01 1.953049302101135254e-01 -9.911087155342102051e-01 -2.475258708000183105e-01 4.367055892944335938e-01 -9.939838647842407227e-01 -9.361613392829895020e-01 -1.901540607213973999e-01 9.995303153991699219e-01 -2.218970656394958496e-01 -9.947954416275024414e-01 -5.506727695465087891e-01 4.106222391128540039e-01 -9.577788114547729492e-01 -4.789648652076721191e-01 -8.922631293535232544e-02 -5.964126586914062500e-01 1.351780295372009277e-01 8.219326734542846680e-01 3.368378877639770508e-01 -4.542955756187438965e-01 -9.024239778518676758e-01 1.607551276683807373e-01 6.444854736328125000e-01 9.167185425758361816e-01 -9.941760897636413574e-01 1.416500657796859741e-01 2.768185734748840332e-01 -9.667090773582458496e-01 -6.219547390937805176e-01 7.374758273363113403e-02 9.938928484916687012e-01 -7.204347848892211914e-01 1.473129689693450928e-01 -9.567852616310119629e-01 -7.990239858627319336e-01 -3.934732675552368164e-01 -3.811357319355010986e-01 -5.231294035911560059e-01 1.820805668830871582e-01 -4.449839293956756592e-01 -2.233988493680953979e-01 8.424974679946899414e-01 9.750521183013916016e-01 9.891483783721923828e-01 5.312974750995635986e-02 4.259642362594604492e-01 -9.725853204727172852e-01 9.936417937278747559e-01 -9.941903352737426758e-01 6.022417917847633362e-02 3.266535103321075439e-01 9.999992847442626953e-01 3.979918658733367920e-01 -4.357793927192687988e-01 6.697967648506164551e-01 -1.725542843341827393e-01 9.099465012550354004e-01 1.317023187875747681e-01 9.999112486839294434e-01 -7.827204465866088867e-01 -5.833041071891784668e-01 -2.206309437751770020e-01 -1.962680183351039886e-02 8.173081874847412109e-01 -4.068723022937774658e-01 3.815898299217224121e-01 1.221099402755498886e-02 -8.971698284149169922e-01 6.628484129905700684e-01 7.123555056750774384e-03 1.533559411764144897e-01 1.484881341457366943e-01 8.527748286724090576e-02 -1.705867052078247070e-01 -6.323330402374267578e-01 9.998775124549865723e-01 3.439795970916748047e-01 -1.089241355657577515e-01 -6.181595325469970703e-01 9.584224224090576172e-01 7.458253502845764160e-01 -2.524174749851226807e-01 -9.790402054786682129e-01 -9.787309765815734863e-01 -9.064007401466369629e-01 -1.890782564878463745e-01 2.395619750022888184e-01 -1.105599552392959595e-01 3.194409906864166260e-01 9.959570765495300293e-01 9.993058443069458008e-01 8.872528672218322754e-01 -4.662013947963714600e-01 9.988095164299011230e-01 -6.546579003334045410e-01 5.161623954772949219e-01 -9.881466627120971680e-01 -9.925370216369628906e-01 -8.519283533096313477e-01 -1.342171132564544678e-01 9.969425201416015625e-01 8.301236033439636230e-01 -9.856020212173461914e-01 -9.972171187400817871e-01 -1.359073519706726074e-01 9.976304769515991211e-01 2.114073336124420166e-01 1.184034422039985657e-01 -9.954440593719482422e-01 -1.563916206359863281e-01 6.557878851890563965e-02 1.449156552553176880e-01 -1.164912208914756775e-01 -8.543876409530639648e-01 2.197862043976783752e-02 1.620777100324630737e-01 8.799108266830444336e-01 -6.381832808256149292e-02 9.983189702033996582e-01 8.855777382850646973e-01 -5.894521251320838928e-02 -7.382262349128723145e-01 3.714987933635711670e-01 -3.486530482769012451e-01 6.513775587081909180e-01 9.912251830101013184e-01 -9.438949227333068848e-01 6.617753505706787109e-01 9.960944652557373047e-01 9.497286081314086914e-01 -1.048483029007911682e-01 -9.712606668472290039e-01 2.197155058383941650e-01 8.145475983619689941e-01 -1.984487473964691162e-02 2.524286210536956787e-01 -7.898492813110351562e-01 -9.899907112121582031e-01 1.606935709714889526e-01 -7.022166997194290161e-02 9.829700589179992676e-01 -1.007807776331901550e-01 -4.189264178276062012e-01 -3.828518986701965332e-01 -3.208711370825767517e-02 9.710854291915893555e-01 5.140405893325805664e-01 -8.294869065284729004e-01 -2.107804566621780396e-01 1.251268535852432251e-01 6.378147006034851074e-02 8.020893931388854980e-01 9.999979138374328613e-01 -7.118330001831054688e-01 9.974468350410461426e-01 9.275950789451599121e-01 1.529405415058135986e-01 8.743254542350769043e-01 9.971202909946441650e-02 9.838251471519470215e-01 -1.998957619071006775e-02 2.433969527482986450e-01 1.980778127908706665e-01 -7.439530491828918457e-01 1.542900949716567993e-01 9.998981356620788574e-01 -4.180499818176031113e-03 -5.914843678474426270e-01 -9.934501647949218750e-01 -3.399933576583862305e-01 9.656682610511779785e-01 3.007556498050689697e-02 -9.995850324630737305e-01 2.074430733919143677e-01 -9.803439974784851074e-01 -2.153305523097515106e-02 9.799288511276245117e-01 9.916585683822631836e-01 -9.233970046043395996e-01 2.634586691856384277e-01 1.214950680732727051e-01 9.997790455818176270e-01 -4.233178198337554932e-01 -9.207504987716674805e-01 9.999952912330627441e-01 -5.705620050430297852e-01 -8.981326222419738770e-01 9.971801638603210449e-01 5.981476232409477234e-02 4.573112130165100098e-01 3.101487159729003906e-01 -9.897645711898803711e-01 -8.304348587989807129e-01 9.461472034454345703e-01 9.998859763145446777e-01 6.922354549169540405e-02 -9.039891511201858521e-02 1.387417763471603394e-01 2.972094714641571045e-01 -9.989973306655883789e-01 -9.992902874946594238e-01 -6.638810038566589355e-01 2.476809024810791016e-01 4.224316477775573730e-01 9.919589161872863770e-01 9.980371594429016113e-01 -9.998545646667480469e-01 1.350182574242353439e-02 6.215210556983947754e-01 3.127470985054969788e-02 9.926747679710388184e-01 9.990443587303161621e-01 1.109715923666954041e-01 -8.679839968681335449e-01 9.515027403831481934e-01 -4.278749525547027588e-01 -2.251011580228805542e-01 3.161127492785453796e-02 9.994425177574157715e-01 9.898334145545959473e-01 6.262790560722351074e-01 4.261720478534698486e-01 -8.558314442634582520e-01 2.574706077575683594e-02 9.859188795089721680e-01 9.923321604728698730e-01 2.513691484928131104e-01 1.559954434633255005e-01 2.840062677860260010e-01 4.357756078243255615e-01 9.998085498809814453e-01 1.366446465253829956e-01 -4.297387897968292236e-01 -1.974073201417922974e-01 -6.015863418579101562e-01 -2.779390513896942139e-01 -7.291422486305236816e-01 -9.585356712341308594e-01 -3.655067682266235352e-01 -9.864291548728942871e-01 8.802003860473632812e-01 9.975025057792663574e-01 2.732606530189514160e-01 2.536314725875854492e-01 8.333395123481750488e-01 3.974301517009735107e-01 1.521318107843399048e-01 5.584446191787719727e-01 -5.013688206672668457e-01 -8.930842280387878418e-01 3.484551012516021729e-01 9.933331608772277832e-01 -4.647248238325119019e-02 -9.525147825479507446e-02 7.677905261516571045e-02 3.103997707366943359e-01 -1.653741747140884399e-01 9.482229351997375488e-01 9.999850988388061523e-01 -1.374891698360443115e-01 8.796359896659851074e-01 2.584002315998077393e-01 -2.338145077228546143e-01 -1.413877308368682861e-01 -4.722345173358917236e-01 9.502940773963928223e-01 2.566269636154174805e-01 -7.689200043678283691e-01 -9.851501882076263428e-02 -5.474884510040283203e-01 3.706250190734863281e-01 -9.704617857933044434e-01 -9.212375879287719727e-01 -4.296643733978271484e-01 1.191231384873390198e-01 4.776408970355987549e-01 -9.483941793441772461e-01 -9.296165704727172852e-01 6.443276405334472656e-01 -2.292469590902328491e-01 2.549861073493957520e-01 -5.921297892928123474e-02 9.917300343513488770e-01 6.828477978706359863e-02 5.521417260169982910e-01 4.417953193187713623e-01 -9.943853616714477539e-01 7.626191526651382446e-02 1.287571042776107788e-01 -2.537730634212493896e-01 2.294593900442123413e-01 9.917103052139282227e-01 -5.688795074820518494e-02 -9.971429705619812012e-01 4.608810544013977051e-01 9.997447133064270020e-01 -8.727315068244934082e-01 6.132500767707824707e-01 -5.360869169235229492e-01 9.185408949851989746e-01 -4.019220173358917236e-01 -3.131382465362548828e-01 9.441198110580444336e-01 -9.991370439529418945e-01 -5.147729516029357910e-01 -5.872809886932373047e-01 -1.141345277428627014e-01 -4.003324806690216064e-01 -6.290093064308166504e-01 9.935860037803649902e-01 3.500692844390869141e-01 -1.215437576174736023e-01 -9.115225076675415039e-01 7.332339882850646973e-01 -4.174149036407470703e-01 9.310294389724731445e-01 -2.051480412483215332e-01 -8.788580298423767090e-01 -1.874220669269561768e-01 2.036995440721511841e-01 -9.995585680007934570e-01 -7.223399877548217773e-01 -4.841553270816802979e-01 -9.997069835662841797e-01 1.011439114809036255e-01 9.161897897720336914e-01 4.716594517230987549e-01 1.571037769317626953e-01 -8.423566818237304688e-01 -6.148431301116943359e-01 -9.981750845909118652e-01 -2.272913902997970581e-01 2.412914037704467773e-01 -1.938691437244415283e-01 6.928614377975463867e-01 -1.993482699617743492e-03 -9.689543247222900391e-01 2.449741214513778687e-01 1.291692703962326050e-01 -1.518625207245349884e-02 -1.851455271244049072e-01 4.607143998146057129e-01 -9.363142251968383789e-01 9.980035424232482910e-01 -9.997099041938781738e-01 -9.990140199661254883e-01 1.890875548124313354e-01 -4.487726390361785889e-01 -8.564060926437377930e-01 -4.244211912155151367e-01 -3.107917308807373047e-01 -2.279430255293846130e-02 -9.988945126533508301e-01 -9.531275629997253418e-01 3.059991598129272461e-01 -9.978244900703430176e-01 -9.992052912712097168e-01 -9.870921373367309570e-01 9.099877625703811646e-02 -7.095458507537841797e-01 1.494874060153961182e-01 2.640984654426574707e-01 1.323556452989578247e-01 -1.921852082014083862e-01 9.993710517883300781e-01 7.524876594543457031e-01 9.759364128112792969e-01 -8.992062509059906006e-02 -3.861856088042259216e-02 -4.778446853160858154e-01 9.974032640457153320e-01 8.727462291717529297e-01 2.126663327217102051e-01 -9.963873624801635742e-01 2.787066400051116943e-01 9.881328344345092773e-01 9.991594552993774414e-01 9.755477309226989746e-01 9.400464892387390137e-01 -9.961795210838317871e-01 -2.984307408332824707e-01 4.803250133991241455e-01 7.039960622787475586e-01 6.489908695220947266e-01 7.866410166025161743e-02 -2.345130145549774170e-01 -9.817830324172973633e-01 -9.872657656669616699e-01 2.525193691253662109e-01 4.743758440017700195e-01 9.921478629112243652e-01 1.351445168256759644e-01 6.472573876380920410e-01 5.036056637763977051e-01 1.651951521635055542e-01 1.737765669822692871e-01 6.934804916381835938e-01 -9.891933798789978027e-01 -1.608344763517379761e-01 1.986119300127029419e-01 -6.921331882476806641e-01 2.827230840921401978e-02 -9.999997615814208984e-01 -8.260055184364318848e-01 -9.391433596611022949e-01 2.067563980817794800e-01 1.157573889940977097e-02 -3.664740324020385742e-01 5.754017233848571777e-01 -9.938018321990966797e-01 9.997689127922058105e-01 -6.936706304550170898e-01 -1.625250726938247681e-01 9.895353019237518311e-02 -4.307320415973663330e-01 -1.917911767959594727e-01 -8.800231814384460449e-01 9.642394185066223145e-01 -1.861932314932346344e-02 -3.534305691719055176e-01 2.086191028356552124e-01 -1.765451282262802124e-01 -7.959023714065551758e-01
-5.344037413597106934e-01 9.910298585891723633e-01 -1.234790608286857605e-01 1.643506884574890137e-01 -4.883462786674499512e-01 -9.112921357154846191e-01 9.933580756187438965e-01 -8.853525519371032715e-01 1.105912029743194580e-01 -9.105919003486633301e-01 -1.937012076377868652e-01 -9.541509151458740234e-01 -8.263426423072814941e-01 3.459113836288452148e-01 -7.396452426910400391e-01 -3.597576618194580078e-01 -2.854406237602233887e-01 4.564424231648445129e-02 -3.810692429542541504e-01 1.233975067734718323e-01 1.758650541305541992e-01 1.598012000322341919e-01 9.926550388336181641e-01 7.564856410026550293e-01 9.998700022697448730e-01 9.977306127548217773e-01 1.270444244146347046e-01 -1.856715232133865356e-01 7.317065447568893433e-02 7.812999486923217773e-01 8.761081099510192871e-01 1.721064150333404541e-01 -8.885646238923072815e-03 7.435758411884307861e-02 3.243061006069183350e-01 -1.180689856410026550e-01 -4.480430483818054199e-01 2.590031325817108154e-01 9.810110330581665039e-01 -4.853052496910095215e-01 3.690978288650512695e-01 -1.604045033454895020e-01 1.999986171722412109e-01 -9.956473112106323242e-01 1.967923492193222046e-01 7.218394875526428223e-01 -4.240164160728454590e-01 8.200968056917190552e-02 9.556893110275268555e-01 -1.505399942398071289e-01 7.950156331062316895e-01 -1.486428827047348022e-01 9.984505176544189453e-01 1.724102348089218140e-01 6.676701307296752930e-01 -4.539475589990615845e-02 -1.887017488479614258e-01 -1.818506866693496704e-01 -9.996110200881958008e-01 5.863298177719116211e-01 -3.631378412246704102e-01 8.816149085760116577e-02 -4.945180416107177734e-01 -1.609405851922929287e-03 -3.068557195365428925e-02 -9.754130840301513672e-01 9.930641055107116699e-01 2.125546932220458984e-01 1.168634891510009766e-01 9.980729222297668457e-01 7.907806634902954102e-01 9.998870491981506348e-01 -7.033687829971313477e-01 -9.850526452064514160e-01 -9.078443050384521484e-01 -2.275894731283187866e-01 1.446897089481353760e-01 -6.163167357444763184e-01 1.551375240087509155e-01 -2.335586398839950562e-01 -2.687756121158599854e-01 -2.785302326083183289e-02 9.996721148490905762e-01 -2.875141799449920654e-01 9.182971119880676270e-01 -8.947479128837585449e-01 1.460849791765213013e-01 3.569269925355911255e-02 -1.428803149610757828e-02 -2.076557427644729614e-01 -9.771959781646728516e-01 -3.486491441726684570e-01 -6.657683849334716797e-02 -9.023795723915100098e-01 -9.890905022621154785e-01 9.936813116073608398e-01 9.982570409774780273e-01 1.872752308845520020e-01 -9.999671578407287598e-01 -2.074635624885559082e-01 -7.723501920700073242e-01 -9.850894808769226074e-01 8.892999887466430664e-01 2.633192576467990875e-03 2.442201077938079834e-01 -1.793524175882339478e-01 9.997646212577819824e-01 3.094431161880493164e-01 -1.638360917568206787e-01 9.606402516365051270e-01 1.039215698838233948e-01 7.659859061241149902e-01 -4.857784211635589600e-01 -9.826399087905883789e-01 -1.555219888687133789e-01 3.499110639095306396e-01 -9.788930416107177734e-01 7.669853568077087402e-01 1.586272753775119781e-02 9.976516962051391602e-01 -7.629084587097167969e-01 6.422521919012069702e-02 -9.939340949058532715e-01 9.810774326324462891e-01 -5.263414606451988220e-02 -1.404091119766235352e-01 -9.984000325202941895e-01 -2.477894574403762817e-01 -3.717021644115447998e-02 -2.952347993850708008e-01 9.778359532356262207e-01 9.633432626724243164e-01 9.866417646408081055e-01 5.921470932662487030e-03 1.636046320199966431e-01 -8.373687267303466797e-01 9.837674498558044434e-01 -9.949760437011718750e-01 -9.663826227188110352e-01 2.196215689182281494e-01 9.984291195869445801e-01 -1.261708587408065796e-01 1.175181046128273010e-01 9.992607831954956055e-01 -1.226747930049896240e-01 6.879417896270751953e-01 -9.904264807701110840e-01 9.832284450531005859e-01 7.661032080650329590e-01 -4.065629839897155762e-02 -4.153186678886413574e-01 2.511595785617828369e-01 9.417949318885803223e-01 -4.859112501144409180e-01 -1.460836641490459442e-02 -1.989106386899948120e-01 -8.043414950370788574e-01 -8.409865498542785645e-01 5.919497832655906677e-02 2.073500603437423706e-01 -4.540476948022842407e-02 1.517351269721984863e-01 1.773977279663085938e-01 -1.846011728048324585e-01 9.999815225601196289e-01 3.311550915241241455e-01 3.434245288372039795e-01 -1.584359258413314819e-01 9.533202648162841797e-01 -2.829891145229339600e-01 2.887937426567077637e-01 -9.940373301506042480e-01 -9.916526675224304199e-01 -7.553367614746093750e-01 3.470239341259002686e-01 -3.919855356216430664e-01 3.746933341026306152e-01 9.646552801132202148e-02 9.987060427665710449e-01 9.998942017555236816e-01 3.721160590648651123e-01 1.401493418961763382e-02 9.993969798088073730e-01 -3.716970980167388916e-02 6.262942552566528320e-01 -9.987891316413879395e-01 -9.399256706237792969e-01 -3.132812976837158203e-01 1.526938527822494507e-01 9.753850698471069336e-01 9.367015957832336426e-01 -9.971081018447875977e-01 -2.884615063667297363e-01 2.430354803800582886e-01 9.957832098007202148e-01 1.241415888071060181e-01 -9.697196483612060547e-01 -9.791619181632995605e-01 -3.638617694377899170e-01 3.457455337047576904e-01 7.236174307763576508e-03 -5.974312424659729004e-01 -3.790855109691619873e-01 1.512790322303771973e-01 1.083231270313262939e-01 4.202691614627838135e-01 3.480682075023651123e-01 9.975189566612243652e-01 9.747664928436279297e-01 -3.167251646518707275e-01 -4.748619198799133301e-01 9.777526855468750000e-01 -1.036323234438896179e-01 2.089685350656509399e-01 9.792688488960266113e-01 -4.298249483108520508e-01 -6.862292289733886719e-01 7.347980737686157227e-01 8.008162975311279297e-01 1.214686408638954163e-01 -8.628837466239929199e-01 2.979157269001007080e-01 -7.978361248970031738e-01 5.734040737152099609e-01 -9.703196883201599121e-01 9.155540466308593750e-01 -9.967769980430603027e-01 -1.648599058389663696e-01 1.726730614900588989e-01 9.797905087471008301e-01 1.633643954992294312e-01 2.417977750301361084e-01 7.508331537246704102e-02 1.781055480241775513e-01 9.949601888656616211e-01 3.571027815341949463e-01 -5.019586682319641113e-01 3.063839673995971680e-01 1.991769373416900635e-01 2.035135477781295776e-01 7.812004089355468750e-01 9.999897480010986328e-01 -9.300113916397094727e-01 9.440954923629760742e-01 9.602223634719848633e-01 1.949930340051651001e-01 9.783284664154052734e-01 8.797754347324371338e-02 9.420246481895446777e-01 -9.057918936014175415e-02 1.818604022264480591e-01 1.313316971063613892e-01 -2.518762052059173584e-01 3.260124102234840393e-02 9.981979131698608398e-01 -2.246166765689849854e-02 -1.665262579917907715e-01 -9.784552454948425293e-01 -2.163363993167877197e-01 -3.946620523929595947e-01 -2.546332776546478271e-01 -7.051386237144470215e-01 3.658357858657836914e-01 -7.067984342575073242e-01 3.149282038211822510e-01 9.886819124221801758e-01 9.987549781799316406e-01 -9.985885024070739746e-01 2.176034599542617798e-01 -5.651224255561828613e-01 9.999173283576965332e-01 -8.381195366382598877e-02 -9.760813117027282715e-01 9.987301826477050781e-01 -1.492874175310134888e-01 -9.040092825889587402e-01 9.990201592445373535e-01 2.972216010093688965e-01 -2.337283641099929810e-01 2.703218162059783936e-01 -9.986929297447204590e-01 4.397100508213043213e-01 -3.782998621463775635e-01 9.921295046806335449e-01 9.992330670356750488e-01 -1.996627599000930786e-01 2.811482548713684082e-01 -1.602008193731307983e-02 -9.990540146827697754e-01 -9.997696876525878906e-01 -9.394066333770751953e-01 5.239969491958618164e-01 5.819251015782356262e-02 9.241968393325805664e-01 9.516585469245910645e-01 -9.940062761306762695e-01 -1.462066620588302612e-01 9.849011898040771484e-01 2.442934811115264893e-01 9.901436567306518555e-01 9.966586828231811523e-01 -9.997470378875732422e-01 -5.807852149009704590e-01 9.946029186248779297e-01 -2.216849327087402344e-01 1.270879209041595459e-01 2.914698719978332520e-01 9.989012479782104492e-01 6.475243568420410156e-01 8.761370927095413208e-02 4.163366183638572693e-02 4.599521458148956299e-01 3.562894091010093689e-02 9.926838874816894531e-01 9.856301546096801758e-01 -1.400852203369140625e-01 -2.452142536640167236e-01 -2.102600932121276855e-01 1.230465993285179138e-01 9.974242448806762695e-01 -1.161978393793106079e-01 -9.996026158332824707e-01 -3.411428630352020264e-01 -8.655266165733337402e-01 -1.304936222732067108e-02 -3.385181128978729248e-01 -7.218980789184570312e-01 5.383651852607727051e-01 -9.333952665328979492e-01 9.956848025321960449e-01 9.291481971740722656e-01 3.786806762218475342e-02 2.949534952640533447e-01 9.552528858184814453e-01 1.302473992109298706e-02 -5.720691010355949402e-02 -1.598770916461944580e-01 -7.022281885147094727e-01 -5.085865259170532227e-01 2.797440588474273682e-01 9.956229329109191895e-01 1.535411179065704346e-01 -3.125428855419158936e-01 9.881273508071899414e-01 -7.377662509679794312e-02 9.888064265251159668e-01 9.434862732887268066e-01 9.993798732757568359e-01 1.128385514020919800e-01 7.986028194427490234e-01 6.048377752304077148e-01 -4.160434007644653320e-01 8.361938595771789551e-01 -2.697057723999023438e-01 7.897597551345825195e-01 -2.104028314352035522e-01 -5.126583576202392578e-01 -2.064441740512847900e-01 -7.026199996471405029e-02 -3.793836012482643127e-02 -6.934435367584228516e-01 -6.871007084846496582e-01 -4.494545608758926392e-02 -1.668517291545867920e-01 2.933091297745704651e-02 -4.092950820922851562e-01 -7.743045091629028320e-01 9.697171859443187714e-03 -1.318212002515792847e-01 8.693070709705352783e-02 -1.218911074101924896e-02 9.548400044441223145e-01 -3.754300773143768311e-01 1.457202732563018799e-01 7.401893734931945801e-01 -9.998857378959655762e-01 3.305701911449432373e-01 1.953722983598709106e-01 -4.659273475408554077e-02 1.466336399316787720e-01 2.060927599668502808e-01 -1.248687356710433960e-01 -9.987841248512268066e-01 -1.343635618686676025e-01 9.901003837585449219e-01 -4.786081910133361816e-01 6.257323622703552246e-01 7.061539590358734131e-02 2.506923675537109375e-02 -2.953848540782928467e-01 -1.957851350307464600e-01 -9.906858205795288086e-01 -9.998668432235717773e-01 -4.522121846675872803e-01 -1.431857645511627197e-01 -4.451435208320617676e-01 2.834814488887786865e-01 -3.171401619911193848e-01 9.994635581970214844e-01 -7.096469402313232422e-02 -6.269096136093139648e-01 -5.778120756149291992e-01 6.818072199821472168e-01 -3.354141116142272949e-01 2.877281308174133301e-01 -9.659422039985656738e-01 -7.295726537704467773e-01 -3.415715098381042480e-01 5.353111191652715206e-04 -9.965506196022033691e-01 7.396810054779052734e-01 9.383551478385925293e-01 -9.999170303344726562e-01 3.589115105569362640e-03 -9.569749236106872559e-01 8.492340892553329468e-02 -1.580645442008972168e-01 -9.138709902763366699e-01 -6.505572199821472168e-01 -3.612670302391052246e-01 1.454745046794414520e-02 5.639653205871582031e-01 1.361835002899169922e-01 9.098381400108337402e-01 1.507746130228042603e-01 -9.787735342979431152e-01 -1.143587306141853333e-01 -1.364359259605407715e-01 -6.921257823705673218e-02 -2.441675961017608643e-01 5.259592533111572266e-01 -9.938335418701171875e-01 9.966150522232055664e-01 -9.998868703842163086e-01 -9.984049797058105469e-01 3.788437247276306152e-01 -9.764556288719177246e-01 -9.431855082511901855e-01 -5.283182486891746521e-02 -2.443866729736328125e-01 1.255492717027664185e-01 -9.826479554176330566e-01 -9.992556571960449219e-01 2.443454563617706299e-01 -9.982092380523681641e-01 -9.853565692901611328e-01 -9.993216395378112793e-01 3.872169852256774902e-01 -1.467971056699752808e-01 -2.137231081724166870e-01 2.048317044973373413e-01 7.115703076124191284e-02 -2.035092376172542572e-02 8.604848384857177734e-01 1.448867619037628174e-01 5.144559741020202637e-01 6.553222537040710449e-01 2.094835788011550903e-01 -3.194326534867286682e-02 9.686706662178039551e-01 -4.521317481994628906e-01 1.174218207597732544e-01 -9.979609847068786621e-01 1.700808852910995483e-01 9.159426093101501465e-01 9.972035884857177734e-01 -2.018873840570449829e-01 8.587784171104431152e-01 -9.996551275253295898e-01 -1.147118285298347473e-01 5.140025615692138672e-01 6.764937192201614380e-02 9.650740623474121094e-01 -2.653056979179382324e-01 5.221934914588928223e-01 -9.415744543075561523e-01 -9.938998818397521973e-01 5.226204395294189453e-01 -9.953860640525817871e-01 9.438661932945251465e-01 -5.263513922691345215e-01 3.848371803760528564e-01 5.323663353919982910e-01 3.071637451648712158e-01 1.260676234960556030e-01 -9.589172005653381348e-01 -8.728440999984741211e-01 -4.517890512943267822e-01 8.275020867586135864e-02 2.440535649657249451e-02 -1.596706956624984741e-01 -9.999992251396179199e-01 -2.653465233743190765e-02 -3.570104837417602539e-01 1.607287377119064331e-01 1.321458965539932251e-01 2.117603458464145660e-02 4.755261838436126709e-01 -8.465961813926696777e-01 9.999358057975769043e-01 -9.980083107948303223e-01 -1.613938063383102417e-02 3.554561436176300049e-01 -4.208389222621917725e-01 -8.531682193279266357e-03 -8.863170146942138672e-01 -1.616932302713394165e-01 9.605476856231689453e-01 -9.354798495769500732e-02 -1.815097033977508545e-01 -4.484149813652038574e-01 -7.410361170768737793e-01
-7.428079247474670410e-01 -4.492462575435638428e-01 2.711173519492149353e-02 1.405713409185409546e-01 -2.255820296704769135e-02 9.969407916069030762e-01 4.706738889217376709e-01 -7.901690602302551270e-01 1.501058787107467651e-01 -9.904783964157104492e-01 -7.468919456005096436e-02 -9.713294506072998047e-01 -8.668346405029296875e-01 6.197468042373657227e-01 -5.586645007133483887e-01 -2.317054867744445801e-01 1.802157908678054810e-01 -2.809613943099975586e-03 -7.364463210105895996e-01 -1.508599370718002319e-01 4.712238013744354248e-01 7.445508986711502075e-02 9.846934080123901367e-01 -2.557494342327117920e-01 9.977409243583679199e-01 9.852038025856018066e-01 -2.305487543344497681e-01 -4.340121448040008545e-01 -9.109743684530258179e-02 7.340262532234191895e-01 9.995972514152526855e-01 -9.913972765207290649e-02 2.533658146858215332e-01 -2.450207062065601349e-02 -9.798817038536071777e-01 -4.071021974086761475e-01 -1.063418164849281311e-01 -2.031713724136352539e-01 9.997181296348571777e-01 -2.036363184452056885e-01 8.434060215950012207e-02 -2.654785513877868652e-01 -1.641016900539398193e-01 -9.949128627777099609e-01 -1.195257157087326050e-01 8.934274315834045410e-01 -9.980834126472473145e-01 -2.568971514701843262e-01 -3.200399279594421387e-01 1.160151809453964233e-01 9.389616847038269043e-01 -8.887349814176559448e-02 9.936170578002929688e-01 -1.893639564514160156e-02 -1.377273947000503540e-01 4.755002558231353760e-01 -1.361091881990432739e-01 -5.797790363430976868e-02 -9.998926520347595215e-01 -7.143760323524475098e-01 -4.896059259772300720e-02 -1.153830345720052719e-02 4.161961078643798828e-01 3.763351738452911377e-01 1.680123507976531982e-01 -9.983542561531066895e-01 9.703933596611022949e-01 -3.704506903886795044e-02 3.469991385936737061e-01 9.915702342987060547e-01 9.840452671051025391e-01 9.972730278968811035e-01 -9.282799959182739258e-01 1.571117490530014038e-01 -9.931260943412780762e-01 -2.692808508872985840e-01 1.605129241943359375e-01 6.462064385414123535e-01 4.917167872190475464e-02 -5.590804666280746460e-02 -9.828494191169738770e-01 -3.818993568420410156e-01 9.998344182968139648e-01 -6.603245735168457031e-01 9.274318218231201172e-01 -9.200443029403686523e-01 2.124275118112564087e-01 5.596171598881483078e-03 -1.822599768638610840e-01 3.757874071598052979e-01 -9.787262678146362305e-01 -8.186393976211547852e-02 5.782076120376586914e-01 -5.877628922462463379e-01 -9.971392154693603516e-01 9.785922169685363770e-01 9.286310076713562012e-01 -2.118862569332122803e-01 -9.977469444274902344e-01 -1.003594323992729187e-01 1.074234768748283386e-01 -9.926910996437072754e-01 8.299540877342224121e-01 4.317804053425788879e-02 -1.668511182069778442e-01 -4.458324015140533447e-01 9.968827962875366211e-01 4.363510906696319580e-01 -1.138082295656204224e-01 -9.796238541603088379e-01 3.156473636627197266e-01 5.413979291915893555e-01 -9.197284579277038574e-01 -9.833983182907104492e-01 -5.279736518859863281e-01 1.618145704269409180e-01 -9.602186083793640137e-01 5.656732916831970215e-01 1.526587754487991333e-01 9.940913915634155273e-01 -9.801361560821533203e-01 -3.061833977699279785e-01 -9.879645705223083496e-01 9.902907013893127441e-01 -1.681836880743503571e-02 -8.867526054382324219e-02 -9.941810965538024902e-01 -1.035411283373832703e-01 -7.128934860229492188e-01 -3.476723432540893555e-01 9.504790902137756348e-01 9.688535928726196289e-01 9.829205870628356934e-01 1.908939182758331299e-01 2.637141048908233643e-01 -6.481587290763854980e-01 9.623314142227172852e-01 -9.916934967041015625e-01 -8.164903149008750916e-03 4.141423404216766357e-01 9.999883174896240234e-01 3.301555812358856201e-01 -3.941099643707275391e-01 -1.355861574411392212e-01 -1.462903320789337158e-01 8.842262029647827148e-01 2.015244513750076294e-01 9.995524287223815918e-01 8.281897753477096558e-02 -5.731423497200012207e-01 -2.003953307867050171e-01 7.215120643377304077e-02 9.563802480697631836e-01 -3.827485740184783936e-01 4.320771396160125732e-01 -4.352703392505645752e-01 -5.527442693710327148e-01 -1.097132340073585510e-01 6.309793097898364067e-04 4.108256995677947998e-01 3.352325856685638428e-01 -2.729756534099578857e-01 2.700867354869842529e-01 -4.450645446777343750e-01 9.999894499778747559e-01 2.458415180444717407e-01 -3.322210013866424561e-01 -5.695806145668029785e-01 7.108172774314880371e-01 -3.040804564952850342e-01 3.281199634075164795e-01 -8.806179165840148926e-01 -9.974575638771057129e-01 -6.746827960014343262e-01 -7.950282096862792969e-02 -8.326996117830276489e-02 3.233863115310668945e-01 -1.060298979282379150e-01 9.985064268112182617e-01 9.979627728462219238e-01 6.295664906501770020e-01 -3.070025444030761719e-01 9.989924430847167969e-01 -8.245264887809753418e-01 3.989068046212196350e-02 7.641474604606628418e-01 -7.591426968574523926e-01 -8.269189596176147461e-01 5.514334440231323242e-01 5.732498764991760254e-01 4.784291386604309082e-01 -9.877670407295227051e-01 9.391710758209228516e-01 -1.011585369706153870e-01 9.961875677108764648e-01 -2.469204813241958618e-01 -9.948375821113586426e-01 -9.802089929580688477e-01 -9.098622202873229980e-01 -3.461765050888061523e-01 -2.357868403196334839e-01 -5.928289294242858887e-01 -4.577405750751495361e-01 4.499225318431854248e-01 2.473780065774917603e-01 -3.534897863864898682e-01 1.129908859729766846e-01 9.832580089569091797e-01 9.844581484794616699e-01 1.003200840204954147e-02 -5.031239390373229980e-01 7.825161814689636230e-01 -2.384196370840072632e-01 5.653891563415527344e-01 9.754096269607543945e-01 -9.863164424896240234e-01 -1.036085337400436401e-01 3.389303386211395264e-01 8.261506557464599609e-01 1.648190766572952271e-01 -3.293478488922119141e-01 -3.324314653873443604e-01 -7.083870172500610352e-01 5.964880585670471191e-01 -9.800956845283508301e-01 -5.511093735694885254e-01 -9.810822606086730957e-01 -2.721702456474304199e-01 1.811711192131042480e-01 9.052169322967529297e-01 5.583094805479049683e-02 1.753519177436828613e-01 -1.191119998693466187e-01 3.234913647174835205e-01 9.371905922889709473e-01 4.299120306968688965e-01 -6.397870182991027832e-01 -4.041219651699066162e-01 3.937405943870544434e-01 4.634220898151397705e-01 9.645310640335083008e-01 9.999279975891113281e-01 -6.747928857803344727e-01 8.840019106864929199e-01 9.486632943153381348e-01 -9.458431601524353027e-02 8.049098849296569824e-01 5.536281317472457886e-02 3.922540321946144104e-02 1.484540104866027832e-01 2.466929256916046143e-01 -1.369204521179199219e-01 -4.078080356121063232e-01 4.040486812591552734e-01 9.992497563362121582e-01 -4.412542283535003662e-01 -2.244911789894104004e-01 -9.960123896598815918e-01 4.480455070734024048e-02 2.127171307802200317e-01 -2.405860573053359985e-01 -9.963895082473754883e-01 -1.647421866655349731e-01 -6.907234787940979004e-01 1.710134148597717285e-01 9.607142806053161621e-01 9.884589910507202148e-01 -9.954620599746704102e-01 -1.397000551223754883e-01 -3.683422505855560303e-01 9.996994137763977051e-01 -2.202876508235931396e-01 -5.291243195533752441e-01 9.999328255653381348e-01 -6.915453076362609863e-01 -9.977606534957885742e-01 9.813354611396789551e-01 1.369465440511703491e-01 8.135223388671875000e-01 3.454005718231201172e-01 -9.997109174728393555e-01 4.228574633598327637e-01 9.880400300025939941e-01 9.985240101814270020e-01 9.870206117630004883e-01 -1.507512629032135010e-01 -8.440317213535308838e-02 2.444347292184829712e-01 -9.992496967315673828e-01 -9.992851614952087402e-01 -9.815785884857177734e-01 3.429896235466003418e-01 3.780024647712707520e-01 8.994864225387573242e-01 9.898018836975097656e-01 -9.999008774757385254e-01 -1.108468249440193176e-01 9.452782273292541504e-01 -4.217301607131958008e-01 9.972172975540161133e-01 9.859105944633483887e-01 -9.997636079788208008e-01 1.914170682430267334e-01 9.868052601814270020e-01 -5.317785143852233887e-01 3.202320933341979980e-01 5.339947715401649475e-02 9.941585063934326172e-01 -6.629958748817443848e-01 4.329242706298828125e-01 -6.853676587343215942e-02 -8.356121778488159180e-01 4.827068150043487549e-01 9.915922284126281738e-01 9.575257301330566406e-01 9.469936788082122803e-02 7.021186500787734985e-02 3.692060708999633789e-01 4.012779593467712402e-01 9.988691210746765137e-01 3.146891891956329346e-01 3.558066487312316895e-01 1.066237986087799072e-01 -6.345675140619277954e-02 -3.082765042781829834e-01 -6.580511331558227539e-01 -2.567171454429626465e-01 4.164820611476898193e-01 -9.299052357673645020e-01 8.009567856788635254e-01 9.894283413887023926e-01 -7.777269184589385986e-02 4.996686801314353943e-02 5.029813647270202637e-01 2.778665535151958466e-02 1.629969179630279541e-01 2.081714868545532227e-01 -2.048857808113098145e-01 -6.815871000289916992e-01 9.634117782115936279e-02 9.898189902305603027e-01 -5.241327285766601562e-01 -3.777984082698822021e-01 2.848260700702667236e-01 -8.312975764274597168e-01 -8.786153793334960938e-01 6.407144069671630859e-01 9.999170899391174316e-01 -4.376732707023620605e-01 8.873845338821411133e-01 3.845607042312622070e-01 2.607253789901733398e-01 8.910778164863586426e-01 -1.423165760934352875e-02 7.780192494392395020e-01 9.370932728052139282e-02 -2.276155501604080200e-01 5.004199966788291931e-02 -2.660569846630096436e-01 -1.964541971683502197e-01 -9.813274145126342773e-01 -6.669903993606567383e-01 1.799225360155105591e-01 -1.837019622325897217e-01 -1.090100035071372986e-01 -9.327957630157470703e-01 -7.508398890495300293e-01 3.814747035503387451e-01 4.580001235008239746e-01 5.162642002105712891e-01 -4.098361730575561523e-01 9.827024936676025391e-01 -8.000235259532928467e-02 7.164620757102966309e-01 5.300654768943786621e-01 -9.999651908874511719e-01 9.377274662256240845e-02 3.873820900917053223e-01 -5.035505890846252441e-01 2.027006894350051880e-01 7.421166300773620605e-01 7.948083430528640747e-02 -9.936876893043518066e-01 2.050390243530273438e-01 9.996921420097351074e-01 -7.148100733757019043e-01 4.691604375839233398e-01 -3.672830462455749512e-01 8.352746367454528809e-01 -1.653146445751190186e-01 -1.526477187871932983e-01 -2.540881931781768799e-01 -9.992344379425048828e-01 -2.552339620888233185e-02 2.099605835974216461e-02 -4.504175782203674316e-01 -4.683324992656707764e-01 -6.430068016052246094e-01 9.892112016677856445e-01 2.208372801542282104e-01 -4.970016181468963623e-01 3.802981674671173096e-01 9.497191011905670166e-02 -3.043776750564575195e-01 6.116905808448791504e-01 -9.005066156387329102e-01 -5.380051732063293457e-01 -7.470653206110000610e-02 1.336936205625534058e-01 -8.335316181182861328e-01 5.005540251731872559e-01 3.849278092384338379e-01 -9.970036149024963379e-01 -2.680948078632354736e-01 -9.548717141151428223e-01 3.862683773040771484e-01 5.521920919418334961e-01 5.229739844799041748e-02 -2.521257400512695312e-01 -9.720440506935119629e-01 -1.997833698987960815e-01 -7.794473767280578613e-01 2.198422253131866455e-01 9.985686540603637695e-01 1.775365918874740601e-01 -9.772342443466186523e-01 -1.054683327674865723e-01 1.532336175441741943e-01 1.833542622625827789e-02 1.731245070695877075e-01 2.444620281457901001e-01 -9.984971880912780762e-01 9.413700699806213379e-01 -9.999223947525024414e-01 -9.987123608589172363e-01 2.157023400068283081e-01 -7.415705323219299316e-01 -6.783069968223571777e-01 -5.661182850599288940e-02 -7.144787907600402832e-01 -1.531668603420257568e-01 -9.854934215545654297e-01 -9.026858210563659668e-02 5.648904442787170410e-01 -7.342922687530517578e-01 -9.986000657081604004e-01 -9.991335272789001465e-01 6.482542753219604492e-01 -6.073083877563476562e-01 -2.169249504804611206e-01 2.043121606111526489e-01 -2.153455764055252075e-01 1.749012023210525513e-01 9.980214834213256836e-01 5.032982826232910156e-01 7.863464951515197754e-01 2.764061987400054932e-01 6.450866162776947021e-02 2.336659431457519531e-01 9.989295601844787598e-01 -8.412964344024658203e-01 1.713971793651580811e-02 -9.999004602432250977e-01 1.435123533010482788e-01 9.197873473167419434e-01 9.938682317733764648e-01 9.504408240318298340e-01 8.489534258842468262e-01 -9.999607801437377930e-01 -2.039490342140197754e-01 3.320880830287933350e-01 -4.524894952774047852e-01 7.255702018737792969e-01 -1.183346733450889587e-01 5.705377086997032166e-02 -9.961593151092529297e-01 -9.337413907051086426e-01 3.350508511066436768e-01 -9.931342005729675293e-01 9.941558241844177246e-01 -1.894509606063365936e-02 2.860728800296783447e-01 2.566905021667480469e-01 2.655716538429260254e-01 3.897896111011505127e-01 -9.993975162506103516e-01 -9.714061617851257324e-01 -5.808537602424621582e-01 -1.392593979835510254e-01 -2.177864164113998413e-01 -7.815483212471008301e-02 -9.999689459800720215e-01 -9.446368217468261719e-01 -5.091794729232788086e-01 3.783577680587768555e-01 -3.930985927581787109e-01 -4.957829043269157410e-02 3.474918305873870850e-01 -7.788105607032775879e-01 9.999591708183288574e-01 -9.854854345321655273e-01 7.474088668823242188e-02 2.563278079032897949e-01 -1.915518045425415039e-01 6.944042444229125977e-02 -9.115027189254760742e-01 -1.869156509637832642e-01 4.916446805000305176e-01 4.517109990119934082e-01 -2.869867980480194092e-01 -1.718993782997131348e-01 -7.753970623016357422e-01
-7.027271389961242676e-01 9.746397733688354492e-01 3.552131950855255127e-01 4.184655547142028809e-01 -5.921187400817871094e-01 -7.118806988000869751e-02 9.976006746292114258e-01 -9.888111352920532227e-01 4.104512929916381836e-01 -9.128903746604919434e-01 2.900303900241851807e-01 -5.134119419381022453e-04 -2.152015268802642822e-01 -8.169477581977844238e-01 -6.528405547142028809e-01 7.349137216806411743e-02 -3.750698566436767578e-01 -1.721507459878921509e-01 -9.064193814992904663e-02 -3.505354225635528564e-01 -2.372617423534393311e-01 2.450946122407913208e-01 8.873044252395629883e-01 -7.168337106704711914e-01 9.930181503295898438e-01 9.610296487808227539e-01 8.692387491464614868e-02 1.223745383322238922e-02 -8.736955374479293823e-02 9.704500436782836914e-01 9.772007465362548828e-01 7.619914412498474121e-02 4.711680710315704346e-01 1.309045702219009399e-01 -9.129925966262817383e-01 -2.079773508012294769e-02 -5.768620371818542480e-01 2.905358187854290009e-02 9.919396042823791504e-01 -3.064098954200744629e-01 8.144029229879379272e-02 2.053351849317550659e-01 3.669748604297637939e-01 -9.916250109672546387e-01 3.254706859588623047e-01 9.549597501754760742e-01 -8.360863924026489258e-01 1.252598911523818970e-01 9.276176691055297852e-01 3.678787872195243835e-02 3.999121487140655518e-02 -4.233371913433074951e-01 9.821624159812927246e-01 -1.950393430888652802e-02 -6.345735788345336914e-01 -2.109255045652389526e-01 2.902003377676010132e-02 -3.199582695960998535e-01 -9.944838285446166992e-01 2.502722740173339844e-01 -1.581558026373386383e-04 3.159461021423339844e-01 7.044884562492370605e-01 -4.306582361459732056e-02 -4.272814989089965820e-01 -9.983824491500854492e-01 9.553378224372863770e-01 1.637831479310989380e-01 1.146271377801895142e-01 9.960339665412902832e-01 9.902226328849792480e-01 9.865966439247131348e-01 -4.024771749973297119e-01 -9.706261157989501953e-01 -9.986884593963623047e-01 -5.502710938453674316e-01 -1.388608366250991821e-01 -4.506012424826622009e-02 -1.788307279348373413e-01 -2.085717618465423584e-01 -9.757360219955444336e-01 6.211141943931579590e-01 9.944374561309814453e-01 9.135194122791290283e-02 9.573181271553039551e-01 5.470775365829467773e-01 3.930884897708892822e-01 3.244344890117645264e-01 3.633702397346496582e-01 -4.261117056012153625e-02 -9.600353837013244629e-01 -5.289513468742370605e-01 3.435010612010955811e-01 -9.990096688270568848e-01 -7.002754509449005127e-02 5.743225216865539551e-01 9.513910412788391113e-01 3.914987146854400635e-01 -9.433872699737548828e-01 -4.223619699478149414e-01 -8.500085473060607910e-01 -9.444276690483093262e-01 4.977040886878967285e-01 -9.552275761961936951e-03 1.763817965984344482e-01 3.273604512214660645e-01 9.034525752067565918e-01 1.195606589317321777e-01 5.240780487656593323e-02 -5.970500111579895020e-01 -2.368835657835006714e-01 5.152169466018676758e-01 -9.396362900733947754e-01 -9.689052700996398926e-01 -2.416306138038635254e-01 1.659186929464340210e-01 -7.673487067222595215e-01 4.399115145206451416e-01 -2.438984811305999756e-01 9.923343062400817871e-01 -8.653139472007751465e-01 4.687045216560363770e-01 -9.881488680839538574e-01 8.265466690063476562e-01 -4.566531479358673096e-01 -4.582995921373367310e-02 -5.606034398078918457e-01 -8.449891582131385803e-03 -2.034125477075576782e-01 -1.565644294023513794e-01 8.815577626228332520e-01 9.977154135704040527e-01 -7.969431579113006592e-02 3.465065062046051025e-01 -6.718876957893371582e-02 -6.589961647987365723e-01 9.964946508407592773e-01 -9.876286387443542480e-01 -6.671230792999267578e-01 3.546069562435150146e-01 9.946841597557067871e-01 1.015772894024848938e-01 -9.771962463855743408e-02 9.923977851867675781e-01 9.736181795597076416e-02 -5.142240524291992188e-01 -9.297733306884765625e-01 9.682573676109313965e-01 2.674474716186523438e-01 1.661755740642547607e-01 -4.802994430065155029e-02 1.764838993549346924e-01 9.857081770896911621e-01 2.339166402816772461e-01 -1.568762660026550293e-01 -1.673226952552795410e-01 -9.534568190574645996e-01 3.182628154754638672e-01 1.835404187440872192e-01 -1.829174906015396118e-02 -3.146953582763671875e-01 5.313741043210029602e-02 4.604336991906166077e-02 -4.589592218399047852e-01 9.998673200607299805e-01 1.913697272539138794e-01 4.110243543982505798e-02 2.839284837245941162e-01 7.423308491706848145e-01 8.365113139152526855e-01 3.806437551975250244e-01 -7.489711046218872070e-01 -9.941858649253845215e-01 -9.664396047592163086e-01 4.703774750232696533e-01 -9.345155954360961914e-02 6.775802373886108398e-01 4.849904775619506836e-02 9.832367300987243652e-01 8.142089843750000000e-01 8.499296307563781738e-01 5.744349956512451172e-02 9.980812668800354004e-01 -8.659040331840515137e-01 9.766061305999755859e-01 -9.912922978401184082e-01 -9.298201203346252441e-01 -9.454707503318786621e-01 3.748489916324615479e-01 1.066684052348136902e-01 9.942515492439270020e-01 -5.801587700843811035e-01 -9.563902020454406738e-02 4.110071063041687012e-02 9.885518550872802734e-01 2.504839897155761719e-01 -7.959081530570983887e-01 -9.620701670646667480e-01 -9.651212692260742188e-01 4.410322010517120361e-01 1.285085082054138184e-01 -1.776930540800094604e-01 -1.259786486625671387e-01 -1.551987379789352417e-01 2.477881163358688354e-01 -6.064015626907348633e-01 2.368091940879821777e-01 -7.772802114486694336e-01 9.417703151702880859e-01 -9.476222097873687744e-02 -5.068783760070800781e-01 9.900504350662231445e-01 -4.365911241620779037e-03 2.246189117431640625e-01 9.753766059875488281e-01 5.599439144134521484e-01 -5.203723907470703125e-01 6.801139712333679199e-01 9.634039998054504395e-01 -1.402404606342315674e-01 -2.899445593357086182e-01 -1.507798791863024235e-03 -9.229983091354370117e-01 -1.541312932968139648e-01 -7.463756799697875977e-01 8.571984767913818359e-01 -9.823374152183532715e-01 -8.592607080936431885e-02 -4.130778312683105469e-01 9.834837913513183594e-01 4.083507061004638672e-01 1.514522731304168701e-01 -5.297816544771194458e-02 2.407965064048767090e-01 9.844928979873657227e-01 6.353592127561569214e-02 -3.268025815486907959e-01 -4.362394660711288452e-02 1.967426538467407227e-01 -2.451349422335624695e-02 9.077489376068115234e-01 9.993620514869689941e-01 -4.295049607753753662e-01 6.448454260826110840e-01 9.845176935195922852e-01 3.721421211957931519e-02 8.959705010056495667e-03 7.009808719158172607e-02 5.019307136535644531e-01 7.438690215349197388e-02 1.121729388833045959e-01 2.936772108078002930e-01 -5.427350997924804688e-01 4.950353130698204041e-02 9.968934655189514160e-01 -1.146549284458160400e-01 -3.567433655261993408e-01 -9.984721541404724121e-01 -7.488172054290771484e-01 8.625106215476989746e-01 7.414247840642929077e-02 9.857294708490371704e-02 2.587574422359466553e-01 -8.781912326812744141e-01 7.757900748401880264e-03 8.252383470535278320e-01 9.979501366615295410e-01 -9.014390707015991211e-01 4.045433700084686279e-01 1.991774737834930420e-01 9.919427037239074707e-01 -7.448532432317733765e-02 -8.870651721954345703e-01 9.849641919136047363e-01 -2.051443457603454590e-01 -9.811275601387023926e-01 5.756479501724243164e-01 -1.146056205034255981e-01 4.944793283939361572e-01 -1.332393437623977661e-01 -9.991053342819213867e-01 -4.746294617652893066e-01 7.597485184669494629e-01 9.960403442382812500e-01 9.998403787612915039e-01 2.092314697802066803e-02 -4.772283602505922318e-03 2.644525468349456787e-01 -9.970874190330505371e-01 -9.997463226318359375e-01 -9.855315685272216797e-01 -3.472268283367156982e-01 -1.697033047676086426e-01 3.754479587078094482e-01 9.521988034248352051e-01 -9.975435733795166016e-01 -1.501915007829666138e-01 2.839055359363555908e-01 5.313122272491455078e-02 9.498660564422607422e-01 9.922757744789123535e-01 -9.943519234657287598e-01 -5.575785040855407715e-01 9.965206980705261230e-01 8.365823328495025635e-02 3.344989120960235596e-01 5.521250367164611816e-01 7.366783022880554199e-01 -7.412511110305786133e-01 2.190320342779159546e-01 1.506606787443161011e-01 -3.919444382190704346e-01 -1.503201723098754883e-01 9.205846190452575684e-01 3.545161336660385132e-02 4.998853057622909546e-02 -1.028132662177085876e-01 -1.351533681154251099e-01 3.880768418312072754e-01 9.480748176574707031e-01 3.923601806163787842e-01 -9.607282876968383789e-01 -5.197706818580627441e-01 8.805345743894577026e-02 -2.482575029134750366e-01 -1.944397389888763428e-01 -6.890177726745605469e-01 -4.871469736099243164e-02 -9.602358341217041016e-01 -9.028558731079101562e-01 9.991036653518676758e-01 8.415690809488296509e-02 -5.695892497897148132e-02 -3.928691148757934570e-01 4.766495153307914734e-02 -1.244819238781929016e-01 1.455398947000503540e-01 -7.353571653366088867e-01 -8.612074255943298340e-01 -1.543798893690109253e-01 9.833577275276184082e-01 2.084269970655441284e-01 -5.509022995829582214e-02 9.836005568504333496e-01 -7.757137417793273926e-01 3.390950560569763184e-01 8.447473645210266113e-01 9.995765089988708496e-01 -2.897767722606658936e-01 4.857978820800781250e-01 5.334291458129882812e-01 -2.055060416460037231e-01 6.505225896835327148e-01 2.580078840255737305e-01 9.634183645248413086e-01 1.740909963846206665e-01 4.957362413406372070e-01 -1.063310056924819946e-01 -1.346763074398040771e-01 4.615475237369537354e-01 -9.513110518455505371e-01 -9.523484110832214355e-01 -3.160795569419860840e-02 6.179621815681457520e-02 3.728790581226348877e-01 -7.026373147964477539e-01 -9.641454219818115234e-01 7.449120879173278809e-01 -1.325695663690567017e-01 -3.111431598663330078e-01 3.019244670867919922e-01 9.836595654487609863e-01 -2.134771496057510376e-01 -3.810796141624450684e-01 -5.557355284690856934e-01 -9.940097928047180176e-01 3.757336363196372986e-02 -1.324418783187866211e-01 -2.381714284420013428e-01 -1.487692743539810181e-01 -3.569084703922271729e-01 -8.541525155305862427e-02 -9.640312790870666504e-01 1.159132346510887146e-01 9.808344841003417969e-01 9.893358945846557617e-01 1.750970184803009033e-01 3.459976017475128174e-01 9.541393518447875977e-01 -8.769002743065357208e-03 -2.134362906217575073e-01 -8.762145042419433594e-01 -9.887365698814392090e-01 -3.943126201629638672e-01 -8.315365761518478394e-03 3.342814743518829346e-01 4.980811476707458496e-02 -3.470750749111175537e-01 9.896696209907531738e-01 -2.981510162353515625e-01 -7.297955155372619629e-01 -8.398199081420898438e-01 8.875654339790344238e-01 4.195882380008697510e-01 7.257529497146606445e-01 -7.650790214538574219e-01 -9.443340301513671875e-01 -8.585932850837707520e-02 -7.295857369899749756e-02 -9.380167126655578613e-01 -8.019663691520690918e-01 9.023632407188415527e-01 -9.976648092269897461e-01 -1.030817627906799316e-01 -4.142951071262359619e-01 -1.467096209526062012e-01 -4.002020359039306641e-01 -9.333491325378417969e-01 -8.567993044853210449e-01 1.065109372138977051e-01 2.515171766281127930e-01 9.942023754119873047e-01 -2.547328174114227295e-01 9.863331913948059082e-01 3.277263641357421875e-01 -9.311004281044006348e-01 4.057333171367645264e-01 1.562859117984771729e-01 1.937175542116165161e-01 3.139059990644454956e-02 2.070908099412918091e-01 -9.929111003875732422e-01 6.278970241546630859e-01 -9.946041107177734375e-01 -7.102262377738952637e-01 -1.362521946430206299e-01 -9.319877624511718750e-01 -6.329562664031982422e-01 -2.598230168223381042e-02 1.661704480648040771e-02 7.576554268598556519e-02 -8.596767783164978027e-01 -9.883331060409545898e-01 3.441078662872314453e-01 -9.357665181159973145e-01 -8.186345100402832031e-01 -9.970985054969787598e-01 -4.782224446535110474e-02 -7.432755082845687866e-02 -9.812735766172409058e-02 4.805136919021606445e-01 -1.259514093399047852e-01 -6.121090054512023926e-02 -8.130613565444946289e-01 1.885941326618194580e-01 9.810080528259277344e-01 -6.409009452909231186e-03 1.630702912807464600e-01 -4.873054325580596924e-01 9.858037829399108887e-01 -8.598666787147521973e-01 1.940852850675582886e-01 -9.984217286109924316e-01 -1.000970304012298584e-01 9.582632184028625488e-01 9.880949854850769043e-01 8.495140075683593750e-01 9.816680550575256348e-01 -9.984590411186218262e-01 -3.711271882057189941e-01 1.897313296794891357e-01 -3.334283828735351562e-01 7.870557308197021484e-01 -3.398370742797851562e-01 2.096724808216094971e-01 -4.281117618083953857e-01 7.197768688201904297e-01 3.348966836929321289e-01 -9.556561708450317383e-01 9.635272622108459473e-01 -3.518874645233154297e-01 9.830728918313980103e-02 -2.666994631290435791e-01 2.851637005805969238e-01 5.201775208115577698e-02 2.967023551464080811e-01 -8.817201256752014160e-01 7.986821234226226807e-02 2.388375997543334961e-01 -1.693429052829742432e-02 -5.364699661731719971e-02 -9.991277456283569336e-01 1.919131278991699219e-01 -5.971419215202331543e-01 2.269558757543563843e-01 4.316320121288299561e-01 -4.795649945735931396e-01 -2.511964142322540283e-01 2.449619174003601074e-01 9.998422265052795410e-01 -5.527296066284179688e-01 2.817108482122421265e-02 4.706682264804840088e-01 -2.615306973457336426e-01 -5.551177859306335449e-01 -6.917377710342407227e-01 -3.876070976257324219e-01 5.438640117645263672e-01 -2.587011158466339111e-01 1.093967705965042114e-01 -1.618527770042419434e-01 -8.805122971534729004e-01
-1.978435516357421875e-01 9.841535091400146484e-01 1.547718942165374756e-01 -2.422925829887390137e-01 -3.798153996467590332e-02 -9.690648913383483887e-01 9.968927502632141113e-01 -9.713925719261169434e-01 -1.366663724184036255e-01 -9.034976363182067871e-01 1.732606291770935059e-01 -9.730902314186096191e-01 5.007632970809936523e-01 -6.624650359153747559e-01 -7.786784768104553223e-01 1.168763116002082825e-01 -3.087213635444641113e-01 -2.722065150737762451e-01 -7.359871268272399902e-02 3.349155560135841370e-02 -1.919364780187606812e-01 -2.476095780730247498e-02 9.535274505615234375e-01 -8.027053475379943848e-01 9.982739090919494629e-01 9.750803709030151367e-01 7.559263706207275391e-02 1.495390087366104126e-01 -1.951135247945785522e-01 9.984172582626342773e-01 4.927850663661956787e-01 1.070280447602272034e-01 6.553918123245239258e-02 9.205568581819534302e-02 3.886786997318267822e-01 -4.319278895854949951e-02 -3.805647790431976318e-01 1.912191212177276611e-01 9.949290156364440918e-01 7.027129828929901123e-02 1.737760752439498901e-01 -2.643561959266662598e-01 -1.599970310926437378e-01 -9.928314685821533203e-01 2.214457988739013672e-01 9.957170486450195312e-01 -9.760795235633850098e-01 -2.931143902242183685e-02 9.381210803985595703e-01 -1.414015889167785645e-01 8.878614306449890137e-01 -2.165972143411636353e-01 9.686601161956787109e-01 1.022742688655853271e-01 7.188780903816223145e-01 -1.889339387416839600e-01 -5.808197706937789917e-02 -4.007887542247772217e-01 -9.995049238204956055e-01 8.039664030075073242e-01 -1.243115887045860291e-01 7.265681028366088867e-02 -9.401611983776092529e-02 -1.667407006025314331e-01 -5.767496675252914429e-02 -9.919331669807434082e-01 9.966279864311218262e-01 6.833446621894836426e-01 -2.968444116413593292e-02 9.648517966270446777e-01 8.394497632980346680e-01 9.996296763420104980e-01 -7.907034754753112793e-01 -9.741428494453430176e-01 -7.092003822326660156e-01 -3.024162948131561279e-01 5.661512911319732666e-02 -3.567653894424438477e-01 -6.538856029510498047e-02 -8.067299425601959229e-02 -6.255661249160766602e-01 -3.657940775156021118e-02 9.983990788459777832e-01 2.353548258543014526e-01 9.938120245933532715e-01 -1.994302310049533844e-02 -7.844087481498718262e-02 4.199733436107635498e-01 -9.900838136672973633e-02 -3.653870820999145508e-01 -9.729207158088684082e-01 -1.249464452266693115e-01 8.143553137779235840e-02 -8.050786852836608887e-01 -9.525404572486877441e-01 9.969747066497802734e-01 7.767699360847473145e-01 2.671118378639221191e-01 -9.995888471603393555e-01 -2.596847414970397949e-01 -7.970468401908874512e-01 -9.657829403877258301e-01 9.450497031211853027e-01 2.463512867689132690e-01 1.392250061035156250e-01 4.243064522743225098e-01 9.950511455535888672e-01 1.704688072204589844e-01 5.371092259883880615e-02 1.944509744644165039e-01 -2.221967726945877075e-01 7.920107841491699219e-01 -6.756122708320617676e-01 -9.873948693275451660e-01 -2.711228430271148682e-01 4.346642494201660156e-01 -9.416436553001403809e-01 6.309750676155090332e-01 2.873578667640686035e-01 9.873960614204406738e-01 -9.655442833900451660e-01 2.166409343481063843e-01 -9.668789505958557129e-01 9.245907068252563477e-01 -3.193158209323883057e-01 8.749189972877502441e-02 -9.987699985504150391e-01 -4.788496792316436768e-01 -1.517724245786666870e-01 -2.334975153207778931e-01 6.608408093452453613e-01 7.344828248023986816e-01 5.006767511367797852e-01 5.489341169595718384e-02 3.324372768402099609e-01 3.654176294803619385e-01 9.048072099685668945e-01 -9.947493672370910645e-01 -9.552193284034729004e-01 2.957849949598312378e-02 9.969862699508666992e-01 2.785107195377349854e-01 -2.765097320079803467e-01 9.862656593322753906e-01 -5.378200113773345947e-02 1.670950800180435181e-01 -9.792000055313110352e-01 2.521100640296936035e-01 9.693191647529602051e-01 -1.286980975419282913e-02 -4.458380043506622314e-01 7.334492355585098267e-02 3.442307412624359131e-01 -3.171818554401397705e-01 1.360750943422317505e-01 1.810611039400100708e-02 -9.974186420440673828e-01 -8.788675665855407715e-01 1.226871162652969360e-01 1.890993416309356689e-01 -3.382249176502227783e-01 -8.617088943719863892e-02 -3.405146002769470215e-01 -2.578118145465850830e-01 9.998701214790344238e-01 -1.671902276575565338e-02 -2.259344458580017090e-01 -1.225606277585029602e-01 9.985151290893554688e-01 1.235198155045509338e-01 2.920934259891510010e-01 -9.926351904869079590e-01 -9.929991364479064941e-01 -9.980968832969665527e-01 1.066742837429046631e-01 7.900830358266830444e-02 -1.637887358665466309e-01 2.460690289735794067e-01 9.773529171943664551e-01 7.596313953399658203e-01 3.188529312610626221e-01 3.063933849334716797e-01 9.988489747047424316e-01 -9.670600295066833496e-01 6.198767423629760742e-01 -9.885377287864685059e-01 -9.941412806510925293e-01 8.578958511352539062e-01 6.261835098266601562e-01 5.405707657337188721e-02 9.481760859489440918e-01 -9.770103693008422852e-01 6.745887994766235352e-01 1.342985406517982483e-02 9.679064154624938965e-01 -1.942806392908096313e-01 1.021665185689926147e-01 -9.956448674201965332e-01 -9.586914181709289551e-01 -8.167878538370132446e-02 4.198884963989257812e-02 -2.933519184589385986e-01 6.314654946327209473e-01 -6.745201349258422852e-02 2.356919497251510620e-01 -5.731006264686584473e-01 -2.903727889060974121e-01 9.574227929115295410e-01 9.552102088928222656e-01 1.272773183882236481e-02 -2.168756574392318726e-01 1.998897492885589600e-01 5.396620184183120728e-02 1.758346557617187500e-01 9.744333624839782715e-01 9.400592446327209473e-01 7.814040780067443848e-01 9.318528175354003906e-01 9.976305961608886719e-01 2.234749346971511841e-01 -5.321586728096008301e-01 1.943355202674865723e-01 -9.539979100227355957e-01 2.374340146780014038e-01 -8.807594180107116699e-01 8.818643689155578613e-01 -9.938392639160156250e-01 1.102198883891105652e-01 -6.872732639312744141e-01 9.573615789413452148e-01 2.954873740673065186e-01 2.379478067159652710e-01 1.816279590129852295e-01 3.525104522705078125e-01 9.923052787780761719e-01 1.941129267215728760e-01 9.646693617105484009e-02 -3.663792908191680908e-01 1.923851072788238525e-01 -1.704016774892807007e-01 9.959393143653869629e-01 9.999753236770629883e-01 -9.540920257568359375e-01 9.832286834716796875e-01 9.965818524360656738e-01 6.100059673190116882e-02 9.871526956558227539e-01 -3.281308114528656006e-01 6.614056825637817383e-01 -1.857511848211288452e-01 -2.677224874496459961e-01 1.967520415782928467e-01 -1.970866024494171143e-01 1.701040714979171753e-01 9.989517331123352051e-01 1.159574761986732483e-01 9.657116234302520752e-02 -9.868451356887817383e-01 -2.245949655771255493e-01 -2.988293468952178955e-01 -2.448796629905700684e-01 -5.231455564498901367e-01 4.942274987697601318e-01 -9.720945954322814941e-01 -2.510237321257591248e-02 9.597564935684204102e-01 9.795038700103759766e-01 -9.974452257156372070e-01 3.227903842926025391e-01 -3.097454272210597992e-02 9.866560101509094238e-01 -1.483872812241315842e-02 6.595695614814758301e-01 9.967416524887084961e-01 1.075651571154594421e-01 -9.847411513328552246e-01 9.730455279350280762e-01 1.485507786273956299e-01 5.629733800888061523e-01 -1.459708809852600098e-01 -9.703443050384521484e-01 -6.491349935531616211e-01 8.974694609642028809e-01 9.814892411231994629e-01 9.977380037307739258e-01 -3.645278140902519226e-02 -8.121146261692047119e-02 -5.909600108861923218e-02 -9.989057183265686035e-01 -9.993877410888671875e-01 -9.986361861228942871e-01 6.393143534660339355e-01 -7.979162782430648804e-02 6.442309021949768066e-01 9.906686544418334961e-01 -9.621974229812622070e-01 -4.553041160106658936e-01 9.055432677268981934e-01 4.031645357608795166e-01 9.694318771362304688e-01 8.934960365295410156e-01 -9.610793590545654297e-01 -7.463124394416809082e-01 9.597817659378051758e-01 -7.169733941555023193e-02 8.133121728897094727e-01 1.376397311687469482e-01 9.923905134201049805e-01 8.570170402526855469e-01 2.348436564207077026e-01 6.252746582031250000e-01 -1.937781572341918945e-01 -2.049401849508285522e-01 9.828526377677917480e-01 7.237482666969299316e-01 -1.819313168525695801e-01 9.064018726348876953e-02 -2.019837349653244019e-01 2.755209803581237793e-03 9.993354082107543945e-01 4.348782077431678772e-02 -9.956442713737487793e-01 -4.636181592941284180e-01 -6.066973209381103516e-01 -3.213891386985778809e-01 8.831714838743209839e-02 -8.737383484840393066e-01 -3.984240293502807617e-01 -9.965891838073730469e-01 3.701052963733673096e-01 9.688448309898376465e-01 -2.927861213684082031e-01 -7.378385961055755615e-02 -2.309505194425582886e-01 3.762776851654052734e-01 4.911054298281669617e-02 -3.300384581089019775e-01 -9.881543517112731934e-01 -9.695713520050048828e-01 3.629364967346191406e-01 3.645069897174835205e-01 1.179765686392784119e-01 -1.300598084926605225e-01 9.920681715011596680e-01 -3.017143309116363525e-01 6.101482510566711426e-01 9.684358239173889160e-01 9.994971752166748047e-01 -4.612764716148376465e-02 8.846241831779479980e-01 2.378566712141036987e-01 -3.920030295848846436e-01 -4.453808069229125977e-01 1.617987155914306641e-01 9.976775646209716797e-01 -1.915278434753417969e-01 8.418173789978027344e-01 8.059395104646682739e-02 -5.982750281691551208e-02 -1.965488046407699585e-01 -8.993549346923828125e-01 -9.974899291992187500e-01 -4.651102423667907715e-01 -9.637254476547241211e-02 2.023991197347640991e-01 -9.916690587997436523e-01 -9.979730248451232910e-01 -2.044052928686141968e-01 1.956800818443298340e-01 5.517212748527526855e-01 8.658096194267272949e-02 9.491418600082397461e-01 6.126414611935615540e-02 3.346906304359436035e-01 -8.046332597732543945e-01 -9.867011904716491699e-01 4.210968688130378723e-02 1.655185371637344360e-01 1.957730352878570557e-01 3.232925832271575928e-01 -4.942382276058197021e-01 3.151180744171142578e-01 -9.368737339973449707e-01 -1.866412162780761719e-01 9.920219182968139648e-01 1.465278565883636475e-01 6.465726494789123535e-01 2.161040306091308594e-01 9.424411654472351074e-01 -2.247569710016250610e-01 -3.592545390129089355e-01 -8.492283225059509277e-01 -9.999697208404541016e-01 -5.892823264002799988e-02 -3.183802664279937744e-01 -3.437201082706451416e-01 1.414324641227722168e-01 -1.364629119634628296e-01 9.934573173522949219e-01 -1.895054280757904053e-01 -4.967318475246429443e-01 -6.659997999668121338e-02 9.918739199638366699e-01 -1.238169148564338684e-01 6.016451120376586914e-01 -7.599020004272460938e-01 -9.967260360717773438e-01 3.170731365680694580e-01 1.314485669136047363e-01 -9.458208084106445312e-01 2.113243751227855682e-02 9.624605178833007812e-01 -9.997317194938659668e-01 -3.873517215251922607e-01 6.801977157592773438e-01 -1.613130234181880951e-02 5.259421467781066895e-01 3.796850740909576416e-01 -1.520807445049285889e-01 4.993536472320556641e-01 1.872346363961696625e-02 9.293289184570312500e-01 -3.169173300266265869e-01 9.636453390121459961e-01 5.025107264518737793e-01 -9.889593124389648438e-01 -7.645830512046813965e-02 1.168353948742151260e-02 -4.650934133678674698e-03 2.377361506223678589e-01 -2.026986181735992432e-01 -9.596046805381774902e-01 9.979579448699951172e-01 -9.993457198143005371e-01 -9.855685830116271973e-01 5.196257829666137695e-01 -7.283393144607543945e-01 -9.687212109565734863e-01 4.140297472476959229e-01 -7.149850577116012573e-02 3.049818575382232666e-01 -9.919185638427734375e-01 -9.932126402854919434e-01 1.577769070863723755e-01 -9.869036078453063965e-01 -9.757556915283203125e-01 -9.991674423217773438e-01 -1.045025959610939026e-01 2.005996555089950562e-01 6.816486269235610962e-02 2.236293703317642212e-01 -2.485688924789428711e-01 -1.240150481462478638e-01 6.908078789710998535e-01 -1.957195848226547241e-01 9.084295034408569336e-01 2.775374054908752441e-01 -1.923494189977645874e-01 -3.361198902130126953e-01 9.802856445312500000e-01 5.107046961784362793e-01 1.050976514816284180e-01 -9.040714502334594727e-01 3.265556395053863525e-01 9.953902363777160645e-01 9.984504580497741699e-01 6.406463384628295898e-01 9.366214871406555176e-01 -9.990494847297668457e-01 -3.239044845104217529e-01 4.461810588836669922e-01 -9.798146486282348633e-01 9.420426487922668457e-01 -9.884350001811981201e-02 7.787644863128662109e-01 -8.446300029754638672e-01 -6.489683389663696289e-01 4.252728521823883057e-01 -9.526880383491516113e-01 9.729024767875671387e-01 3.670880943536758423e-02 8.622987568378448486e-02 3.430733978748321533e-01 1.349746249616146088e-03 3.391171991825103760e-01 -6.054785251617431641e-01 -9.484878778457641602e-01 -2.698798775672912598e-01 -1.107801720499992371e-01 -2.970400750637054443e-01 4.297606348991394043e-01 -9.999961853027343750e-01 8.387249708175659180e-01 -6.957846134901046753e-02 -3.130896389484405518e-02 -2.639314830303192139e-01 -2.817656099796295166e-01 3.563744425773620605e-01 -9.593643546104431152e-01 9.989053010940551758e-01 -9.977933764457702637e-01 1.446532011032104492e-01 -1.063524633646011353e-01 -2.295451313257217407e-01 1.003039553761482239e-01 -9.660008549690246582e-01 9.818103909492492676e-01 9.074053764343261719e-01 -2.246316224336624146e-01 1.426167190074920654e-01 -4.666480123996734619e-01 -7.277781367301940918e-01
-1.188361570239067078e-01 7.611624598503112793e-01 2.823393940925598145e-01 -9.115365892648696899e-02 -3.093970715999603271e-01 -7.947171330451965332e-01 9.993929862976074219e-01 -9.932669401168823242e-01 -2.476400136947631836e-01 -9.824198484420776367e-01 1.633424013853073120e-01 -9.257411360740661621e-01 3.881356120109558105e-01 -7.916817069053649902e-01 -8.835699558258056641e-01 1.452557891607284546e-01 -3.208419382572174072e-01 -1.723157018423080444e-01 -3.051851093769073486e-01 -9.719910472631454468e-02 2.593452930450439453e-01 9.926460683345794678e-02 9.436509609222412109e-01 -7.629061937332153320e-01 9.995144009590148926e-01 9.946029782295227051e-01 -2.672442980110645294e-02 -5.827499181032180786e-02 -1.534290611743927002e-01 9.951298832893371582e-01 9.141336679458618164e-01 -2.265188544988632202e-01 3.191318511962890625e-01 -1.949279755353927612e-01 -4.914383888244628906e-01 -6.897135823965072632e-02 -5.527682900428771973e-01 2.236058115959167480e-01 9.994279146194458008e-01 1.057002916932106018e-01 2.657881677150726318e-01 1.974483281373977661e-01 2.162996530532836914e-01 -9.978150725364685059e-01 1.146106496453285217e-01 9.973761439323425293e-01 -9.964063763618469238e-01 -1.541682034730911255e-01 7.363544702529907227e-01 -2.987373769283294678e-01 8.630768656730651855e-01 -1.911589503288269043e-01 9.811450839042663574e-01 -2.690263791009783745e-03 3.555247485637664795e-01 -2.653681337833404541e-01 3.894652053713798523e-02 -2.795532345771789551e-01 -9.897025823593139648e-01 8.509728312492370605e-01 -1.613114923238754272e-01 2.616383135318756104e-01 3.803235590457916260e-01 -1.548814773559570312e-01 1.848774701356887817e-01 -9.924585223197937012e-01 9.982743263244628906e-01 6.343534588813781738e-01 8.792180567979812622e-02 9.955759644508361816e-01 9.017617106437683105e-01 9.996860623359680176e-01 -4.463171064853668213e-01 -9.779922366142272949e-01 -8.245518207550048828e-01 -3.769716620445251465e-01 -8.950314670801162720e-02 5.151814594864845276e-02 -1.265811324119567871e-01 -2.189763635396957397e-02 -9.854940176010131836e-01 -2.530854195356369019e-02 9.979238510131835938e-01 -3.454969264566898346e-03 9.824301600456237793e-01 -8.028896450996398926e-01 1.502497196197509766e-01 4.632759392261505127e-01 4.597807675600051880e-02 -1.264135092496871948e-01 -9.436964392662048340e-01 -2.148126959800720215e-01 7.908638566732406616e-02 -2.158426195383071899e-01 -8.786315917968750000e-01 9.654336571693420410e-01 9.358547329902648926e-01 8.436639606952667236e-02 -9.995607137680053711e-01 -2.584029138088226318e-01 -5.329384803771972656e-01 -9.600331187248229980e-01 8.063846826553344727e-01 2.286555022001266479e-01 1.645840890705585480e-02 1.193355619907379150e-01 9.669665098190307617e-01 3.110467791557312012e-01 -8.295342326164245605e-02 -7.534895837306976318e-02 -3.207525014877319336e-01 7.599901556968688965e-01 -9.074741005897521973e-01 -9.796623587608337402e-01 -2.738915681838989258e-01 5.124419331550598145e-01 -9.484675526618957520e-01 8.137401938438415527e-01 3.263229131698608398e-01 9.963567852973937988e-01 -7.544910311698913574e-01 -1.261040288954973221e-02 -9.669668674468994141e-01 9.600093364715576172e-01 -4.259578585624694824e-01 -2.734033763408660889e-01 -9.998309016227722168e-01 -2.150612324476242065e-01 -2.737673223018646240e-01 -3.198541402816772461e-01 -3.008138239383697510e-01 9.688934087753295898e-01 8.166474699974060059e-01 2.512233853340148926e-01 2.698895931243896484e-01 -2.513993978500366211e-01 9.116663932800292969e-01 -9.888657927513122559e-01 -8.042138218879699707e-01 -2.484828531742095947e-01 9.830135107040405273e-01 2.236897796392440796e-01 -3.453824222087860107e-01 9.538390636444091797e-01 -1.943686902523040771e-01 -6.406950950622558594e-01 -9.881384372711181641e-01 8.144820928573608398e-01 8.335941433906555176e-01 3.921719267964363098e-02 -2.377133220434188843e-01 -1.842609373852610588e-03 5.482274889945983887e-01 -5.523802638053894043e-01 3.744668364524841309e-01 -1.040805429220199585e-01 -9.905327558517456055e-01 -9.521458148956298828e-01 2.694810032844543457e-01 4.650112241506576538e-03 1.242291778326034546e-01 9.877415746450424194e-02 -1.894385963678359985e-01 -4.144001603126525879e-01 9.998016953468322754e-01 6.376822292804718018e-02 -3.131860792636871338e-01 -4.860245883464813232e-01 9.996605515480041504e-01 5.767295360565185547e-01 2.147431522607803345e-01 -9.696458578109741211e-01 -9.886678457260131836e-01 -9.942132830619812012e-01 4.432280659675598145e-01 1.626690775156021118e-01 6.561352610588073730e-01 4.095166921615600586e-01 9.871350526809692383e-01 7.769898772239685059e-01 9.825038909912109375e-01 1.549146175384521484e-01 9.905871748924255371e-01 -9.409890770912170410e-01 8.028432130813598633e-01 -9.570509791374206543e-01 -9.826492667198181152e-01 9.576887488365173340e-01 5.911438465118408203e-01 -1.428475528955459595e-01 6.950356960296630859e-01 -9.934171438217163086e-01 9.904971718788146973e-01 -2.173672020435333252e-01 9.522248506546020508e-01 -1.620377749204635620e-01 -5.850185751914978027e-01 -9.879170060157775879e-01 -9.757262468338012695e-01 -2.254444956779479980e-01 -4.497580602765083313e-02 -1.701848506927490234e-01 6.959822773933410645e-01 -4.433095455169677734e-03 3.502641618251800537e-01 -6.298245787620544434e-01 -3.631623387336730957e-01 9.776418209075927734e-01 9.749289751052856445e-01 3.576321303844451904e-01 -3.938018381595611572e-01 -5.199254751205444336e-01 -6.583411991596221924e-02 2.207541167736053467e-01 9.718664884567260742e-01 8.404234647750854492e-01 8.335396051406860352e-01 9.212241768836975098e-01 9.935764074325561523e-01 1.215232387185096741e-01 -6.972232460975646973e-01 2.950964495539665222e-02 -9.654434323310852051e-01 3.208405971527099609e-01 -9.724752306938171387e-01 8.174504041671752930e-01 -9.896296858787536621e-01 -1.966204643249511719e-01 -2.167622148990631104e-01 9.930500984191894531e-01 1.866319924592971802e-01 4.282820224761962891e-01 3.036835975944995880e-02 4.902188777923583984e-01 9.905475974082946777e-01 9.091877192258834839e-02 4.759135469794273376e-02 -4.224675148725509644e-02 1.846303194761276245e-01 -6.366381049156188965e-02 9.962562918663024902e-01 9.997344017028808594e-01 -8.963522911071777344e-01 9.774695634841918945e-01 9.930715560913085938e-01 -6.010425835847854614e-02 9.712404608726501465e-01 1.828595101833343506e-01 -3.042742609977722168e-01 3.177490457892417908e-02 -1.430532336235046387e-01 7.902182638645172119e-02 -6.724451482295989990e-02 3.167689442634582520e-01 9.992159008979797363e-01 8.475203067064285278e-02 -1.308356374502182007e-01 -9.963655471801757812e-01 -5.412619709968566895e-01 3.653304278850555420e-01 -2.070973217487335205e-01 -5.122866034507751465e-01 3.680961132049560547e-01 -8.260607719421386719e-01 -2.964493632316589355e-01 8.715154528617858887e-01 9.831620454788208008e-01 -9.993893504142761230e-01 4.448603987693786621e-01 -1.184593588113784790e-01 9.976826906204223633e-01 -2.414778321981430054e-01 6.032426953315734863e-01 9.956464171409606934e-01 -3.567504882812500000e-01 -9.934261441230773926e-01 8.557777404785156250e-01 1.968190073966979980e-01 7.512679100036621094e-01 -4.193510413169860840e-01 -9.729516506195068359e-01 -3.289158344268798828e-01 9.211236238479614258e-01 9.627299308776855469e-01 9.950800538063049316e-01 -1.734119653701782227e-01 5.516739562153816223e-02 2.193819172680377960e-02 -9.987319111824035645e-01 -9.997908473014831543e-01 -9.983310699462890625e-01 5.696603655815124512e-01 -3.238888829946517944e-02 -4.741764068603515625e-02 9.731938838958740234e-01 -9.656638503074645996e-01 -3.637280762195587158e-01 8.721734285354614258e-01 5.119520239531993866e-03 9.872877597808837891e-01 9.706531167030334473e-01 -9.887903928756713867e-01 -8.373656272888183594e-01 9.970787763595581055e-01 -2.163196355104446411e-01 8.003278970718383789e-01 2.532697916030883789e-01 9.871900081634521484e-01 4.797650277614593506e-01 2.753131985664367676e-01 3.801901340484619141e-01 -9.024716615676879883e-01 -3.298089653253555298e-02 9.930568337440490723e-01 3.343957364559173584e-01 -2.035833001136779785e-01 8.865889906883239746e-02 -2.330077812075614929e-02 1.639382988214492798e-01 9.982175230979919434e-01 4.504696130752563477e-01 -9.113017916679382324e-01 -4.596679210662841797e-01 -5.321806073188781738e-01 -3.156228661537170410e-01 -9.798155725002288818e-02 -9.641369581222534180e-01 1.098272353410720825e-01 -9.891373515129089355e-01 -7.798621058464050293e-01 9.815520644187927246e-01 -1.756114810705184937e-01 7.299855351448059082e-02 -4.126120209693908691e-01 1.554355919361114502e-01 3.528634607791900635e-01 -1.315613090991973877e-02 -9.391050338745117188e-01 -9.685065746307373047e-01 2.882841527462005615e-01 8.964085578918457031e-01 -1.838076561689376831e-01 -3.313161432743072510e-01 9.937753677368164062e-01 -9.027081131935119629e-01 7.954633235931396484e-02 9.640664458274841309e-01 9.994801282882690430e-01 -1.962156444787979126e-01 9.278511404991149902e-01 2.540307044982910156e-01 -2.845878303050994873e-01 -6.685355901718139648e-01 1.047622859477996826e-01 9.946455955505371094e-01 1.596782505512237549e-01 8.169084787368774414e-01 -1.728650927543640137e-01 -2.844966948032379150e-01 -2.183431237936019897e-01 -9.623241424560546875e-01 -9.928821325302124023e-01 -4.668005704879760742e-01 1.933346092700958252e-01 8.494683355093002319e-02 -9.942204952239990234e-01 -9.942039847373962402e-01 1.391491442918777466e-01 2.314946204423904419e-01 3.774762749671936035e-01 -7.290647923946380615e-02 9.568575620651245117e-01 -2.335362583398818970e-01 3.583762347698211670e-01 -5.225674435496330261e-02 -9.945159554481506348e-01 1.482494473457336426e-01 2.025951147079467773e-01 7.492046803236007690e-02 1.391288340091705322e-01 -3.229582011699676514e-01 5.899026989936828613e-01 -9.142645597457885742e-01 -1.491056233644485474e-01 9.568715095520019531e-01 8.678299374878406525e-03 5.331941246986389160e-01 4.331067800521850586e-01 8.761880397796630859e-01 -3.087003827095031738e-01 -3.350586295127868652e-01 -5.219106078147888184e-01 -9.998520016670227051e-01 -9.982033632695674896e-03 -4.464331865310668945e-01 -4.527723789215087891e-01 -1.021853610873222351e-01 -2.163709104061126709e-01 9.749336838722229004e-01 1.663535460829734802e-02 -4.322133064270019531e-01 -6.306750178337097168e-01 9.841048121452331543e-01 5.176130309700965881e-02 8.954057693481445312e-01 7.819913327693939209e-02 -9.882258772850036621e-01 3.373003751039505005e-02 9.777230769395828247e-02 -9.465473890304565430e-01 -4.991137087345123291e-01 8.856284618377685547e-01 -9.954158663749694824e-01 -2.925316989421844482e-01 5.278265476226806641e-01 3.109649717807769775e-01 4.267925024032592773e-01 5.994862914085388184e-01 -3.621566593647003174e-01 5.150077939033508301e-01 3.590394929051399231e-02 9.412693977355957031e-01 -3.104914724826812744e-01 9.776917099952697754e-01 4.835761785507202148e-01 -9.882047176361083984e-01 -2.745968699455261230e-01 4.661231860518455505e-02 9.093230962753295898e-02 1.359396278858184814e-01 -9.382176399230957031e-02 -9.341831207275390625e-01 9.609377980232238770e-01 -9.993022084236145020e-01 -9.933426380157470703e-01 1.874580532312393188e-01 -6.951240897178649902e-01 -9.062674045562744141e-01 3.634127080440521240e-01 -5.083733797073364258e-01 -3.922134265303611755e-02 -9.928646683692932129e-01 -9.528720974922180176e-01 -1.787113770842552185e-02 -9.736667275428771973e-01 -9.800471663475036621e-01 -9.990254640579223633e-01 4.131359234452247620e-02 -8.096264302730560303e-02 -6.207128614187240601e-02 4.755617678165435791e-02 -1.176439300179481506e-01 1.333533078432083130e-01 8.726010918617248535e-01 -1.981441229581832886e-01 9.453688263893127441e-01 3.789895474910736084e-01 4.954613372683525085e-02 -2.252706885337829590e-01 9.970978498458862305e-01 2.387073449790477753e-02 3.482598960399627686e-01 -9.528565406799316406e-01 6.318343430757522583e-02 9.849770069122314453e-01 9.989701509475708008e-01 8.439512848854064941e-01 9.801081418991088867e-01 -9.992611408233642578e-01 -5.173175334930419922e-01 4.633268415927886963e-01 -9.846357107162475586e-01 8.776473402976989746e-01 2.956551872193813324e-02 6.923087239265441895e-01 -3.142509162425994873e-01 -3.020452149212360382e-02 2.992926836013793945e-01 -9.884405136108398438e-01 9.734745621681213379e-01 9.326591342687606812e-02 -7.594180852174758911e-02 2.910319268703460693e-01 -9.092807769775390625e-02 2.386247068643569946e-01 -8.580420613288879395e-01 -8.982560038566589355e-01 -3.105466961860656738e-01 -3.080603294074535370e-02 -4.854737818241119385e-01 2.183534055948257446e-01 -9.999561905860900879e-01 3.755421936511993408e-01 -4.150658249855041504e-01 -1.315825581550598145e-01 -3.818268775939941406e-01 -5.407227277755737305e-01 3.036468923091888428e-01 -7.608618736267089844e-01 9.996627569198608398e-01 -9.989518523216247559e-01 1.725978851318359375e-01 -1.604277491569519043e-01 -2.396879643201828003e-01 3.869198635220527649e-02 -9.640678167343139648e-01 9.135553240776062012e-01 6.360969543457031250e-01 -8.583121746778488159e-02 2.765016257762908936e-01 -2.876529693603515625e-01 -7.207340598106384277e-01
-4.497576057910919189e-01 6.916282773017883301e-01 2.215829491615295410e-01 1.187106873840093613e-02 -5.857529640197753906e-01 -7.471549510955810547e-01 9.998136758804321289e-01 -9.910852313041687012e-01 -1.572797894477844238e-01 -9.953579306602478027e-01 -1.075807288289070129e-01 -9.811910390853881836e-01 -3.261886835098266602e-01 -7.775305509567260742e-01 -9.050056338310241699e-01 8.783156424760818481e-02 1.093988046050071716e-01 -1.278498768806457520e-01 -3.329506814479827881e-01 -1.019977778196334839e-01 2.610414624214172363e-01 -1.068646535277366638e-01 3.571595251560211182e-01 7.237029671669006348e-01 9.991846680641174316e-01 9.910225272178649902e-01 -1.043180078268051147e-01 -1.230930015444755554e-01 2.148209959268569946e-01 -1.733826473355293274e-02 9.410732388496398926e-01 1.827592253684997559e-01 -6.911557912826538086e-02 -3.285218775272369385e-01 -5.771212577819824219e-01 -1.095028966665267944e-01 -3.187159001827239990e-01 -4.911667481064796448e-02 9.993504285812377930e-01 -3.339353501796722412e-01 2.759363651275634766e-01 -3.109930455684661865e-01 7.022897899150848389e-02 -9.981465339660644531e-01 2.431402504444122314e-01 9.102952480316162109e-01 -9.985350370407104492e-01 2.252750694751739502e-01 8.317426443099975586e-01 8.377468585968017578e-02 6.409292221069335938e-01 1.157406792044639587e-01 9.776237010955810547e-01 7.893287390470504761e-02 -2.693134844303131104e-01 1.750463992357254028e-01 -1.603918224573135376e-01 -6.048720479011535645e-01 -9.980520009994506836e-01 -3.311512470245361328e-01 -1.827913671731948853e-01 2.957456707954406738e-01 5.714406967163085938e-01 -3.595471978187561035e-01 5.121364071965217590e-02 -9.999195933341979980e-01 9.961168169975280762e-01 1.560945659875869751e-01 9.861512482166290283e-02 9.971286058425903320e-01 9.979386329650878906e-01 9.999393224716186523e-01 -9.331975579261779785e-01 -8.488883376121520996e-01 -9.153630137443542480e-01 -3.071850240230560303e-01 5.004906561225652695e-03 6.905860304832458496e-01 1.119482964277267456e-01 -8.923072367906570435e-03 -9.960595369338989258e-01 8.892031759023666382e-02 9.877806901931762695e-01 3.673709630966186523e-01 4.981005191802978516e-01 3.477085381746292114e-02 1.048294231295585632e-01 4.467822015285491943e-01 2.763228118419647217e-01 -1.637623012065887451e-01 -7.301555871963500977e-01 -1.051374524831771851e-01 2.163323014974594116e-01 -9.533076882362365723e-01 -9.931122660636901855e-01 9.498668909072875977e-01 9.811444878578186035e-01 1.296669393777847290e-01 -9.999265074729919434e-01 -2.743648290634155273e-01 -9.013863801956176758e-01 -9.949975013732910156e-01 -8.185771703720092773e-01 -2.117191553115844727e-01 2.071413844823837280e-01 9.344463795423507690e-02 9.315654039382934570e-01 1.265283375978469849e-01 -1.905747503042221069e-02 -3.886877596378326416e-01 -1.744925081729888916e-01 2.936373054981231689e-01 -9.271434545516967773e-01 -9.015319943428039551e-01 -2.892213463783264160e-01 3.153153955936431885e-01 -9.817329645156860352e-01 8.342558741569519043e-01 1.919986307621002197e-01 9.899378418922424316e-01 -9.410321116447448730e-01 -9.716676920652389526e-02 -9.449708461761474609e-01 7.598238587379455566e-01 -2.410015910863876343e-01 -8.873862028121948242e-02 -9.967443943023681641e-01 -2.892627716064453125e-01 -2.581987157464027405e-02 -3.825578838586807251e-02 9.268952012062072754e-01 9.890754222869873047e-01 8.945479393005371094e-01 -1.761346012353897095e-01 2.885055541992187500e-01 -3.351627886295318604e-01 8.967437744140625000e-01 -9.795553088188171387e-01 -6.299000382423400879e-01 3.119347095489501953e-01 9.967542290687561035e-01 -3.871715860441327095e-03 -3.978861868381500244e-01 9.736992716789245605e-01 4.761552810668945312e-02 -4.841553270816802979e-01 -9.791643619537353516e-01 9.954687356948852539e-01 -8.528224229812622070e-01 -6.764228641986846924e-02 -2.644141912460327148e-01 -2.784581780433654785e-01 6.801700592041015625e-01 -3.258939385414123535e-01 5.892479419708251953e-02 -1.841892451047897339e-01 -9.956780821084976196e-02 -1.739927977323532104e-01 4.199842810630798340e-01 1.163591817021369934e-01 9.109351038932800293e-02 2.700788676738739014e-01 -7.673288136720657349e-02 1.764747127890586853e-02 9.999573230743408203e-01 1.198959629982709885e-02 -3.767271041870117188e-01 -5.357910394668579102e-01 9.952654242515563965e-01 9.894711971282958984e-01 2.264322042465209961e-01 -6.360868811607360840e-01 -9.511438012123107910e-01 3.479974716901779175e-02 4.693989455699920654e-01 1.631087660789489746e-01 9.133350849151611328e-01 1.531670540571212769e-01 9.916890859603881836e-01 -1.743952184915542603e-01 9.826034307479858398e-01 -2.216954380273818970e-01 9.988949894905090332e-01 -2.332979440689086914e-02 9.165459275245666504e-01 -9.978868365287780762e-01 -9.953925013542175293e-01 4.044947326183319092e-01 4.480486512184143066e-01 3.206705749034881592e-01 9.722108244895935059e-01 -9.861840605735778809e-01 9.401841163635253906e-01 1.662238836288452148e-01 9.618186354637145996e-01 -3.285778686404228210e-02 -4.627756178379058838e-01 -8.811601996421813965e-01 -9.910575747489929199e-01 8.904042094945907593e-02 -5.229298397898674011e-02 -7.008400559425354004e-02 -6.344221234321594238e-01 -1.117068156599998474e-02 4.159582033753395081e-02 7.883401513099670410e-01 1.139294505119323730e-01 9.988125562667846680e-01 9.671577811241149902e-01 1.135009005665779114e-01 -9.160465598106384277e-01 8.417401909828186035e-01 1.128870993852615356e-02 4.330041408538818359e-01 9.282050132751464844e-01 -9.474477171897888184e-01 -4.997568428516387939e-01 9.444406628608703613e-01 9.705797582864761353e-02 1.726215588860213757e-03 -2.304237484931945801e-01 1.476126462221145630e-01 -9.842401146888732910e-01 2.745786309242248535e-01 -9.318661093711853027e-01 4.156583845615386963e-01 -9.735479950904846191e-01 2.506314031779766083e-02 7.039116621017456055e-01 9.712091088294982910e-01 2.309234291315078735e-01 2.652315199375152588e-01 2.752318680286407471e-01 4.473844468593597412e-01 9.883432388305664062e-01 1.760427057743072510e-01 -9.103215336799621582e-01 -3.216924369335174561e-01 3.411852717399597168e-01 -1.426501721143722534e-01 9.979605674743652344e-01 9.999388456344604492e-01 -3.730575442314147949e-01 9.851944446563720703e-01 6.136444211006164551e-01 -8.985975384712219238e-02 9.169427752494812012e-01 -9.725335985422134399e-03 5.266175866127014160e-01 2.629668824374675751e-02 1.063012033700942993e-01 8.196067065000534058e-02 -1.315256357192993164e-01 1.987319439649581909e-01 9.998442530632019043e-01 1.863693147897720337e-01 -2.407163679599761963e-01 -9.762091040611267090e-01 -3.697072267532348633e-01 9.064432382583618164e-01 -1.494926959276199341e-01 -3.968447148799896240e-01 -4.671332240104675293e-02 -8.189522624015808105e-01 5.860906466841697693e-02 8.911851048469543457e-01 9.987096190452575684e-01 -9.971940517425537109e-01 2.267980426549911499e-01 -3.469109162688255310e-02 9.868918061256408691e-01 1.406455039978027344e-01 -2.982423305511474609e-01 9.992511272430419922e-01 -4.589840769767761230e-01 -8.905107975006103516e-01 9.772549271583557129e-01 1.041221842169761658e-01 8.322744369506835938e-01 2.690474875271320343e-02 -9.598231911659240723e-01 -8.978092670440673828e-01 3.126247227191925049e-01 9.983283877372741699e-01 9.996457099914550781e-01 -2.557071745395660400e-01 6.562740355730056763e-02 3.615082204341888428e-01 -9.990910291671752930e-01 -9.998832345008850098e-01 -9.984857439994812012e-01 4.613411426544189453e-01 -1.784324198961257935e-01 5.989734530448913574e-01 9.608072042465209961e-01 -9.958665370941162109e-01 -4.402850568294525146e-01 9.102262258529663086e-01 2.738521695137023926e-01 9.958148598670959473e-01 9.983691573143005371e-01 -6.648335456848144531e-01 -3.105681575834751129e-02 9.970661997795104980e-01 -4.383929967880249023e-01 2.519170939922332764e-01 -1.702367365360260010e-01 9.958372116088867188e-01 -8.485969305038452148e-01 1.699866652488708496e-01 1.385983377695083618e-01 -9.559719562530517578e-01 5.981757864356040955e-02 9.919641017913818359e-01 7.640061974525451660e-01 2.141631394624710083e-01 9.307849407196044922e-02 -1.381672322750091553e-01 2.422274798154830933e-01 9.953257441520690918e-01 -7.789252698421478271e-02 -9.115909934043884277e-01 -2.662330567836761475e-01 -9.696317315101623535e-01 -1.500112563371658325e-01 -4.236108362674713135e-01 -5.996760129928588867e-01 5.583189129829406738e-01 -4.926188886165618896e-01 -8.020241260528564453e-01 9.837844967842102051e-01 -3.481003344058990479e-01 1.745371371507644653e-01 8.164249062538146973e-01 3.801990151405334473e-01 8.012864738702774048e-02 -3.075225651264190674e-02 -8.904643654823303223e-01 -9.046696871519088745e-02 3.963496088981628418e-01 8.939397931098937988e-01 8.510676026344299316e-02 -1.486328095197677612e-01 7.471250295639038086e-01 -8.892854452133178711e-01 -3.573710620403289795e-01 6.849280595779418945e-01 9.980269670486450195e-01 -8.627381920814514160e-02 8.342100381851196289e-01 4.075308442115783691e-01 -2.792399823665618896e-01 8.274244070053100586e-01 2.240371853113174438e-01 1.029506027698516846e-01 -5.920232087373733521e-02 4.130345582962036133e-01 4.103196859359741211e-01 -9.378912299871444702e-02 -2.113605886697769165e-01 -9.947329163551330566e-01 5.454739555716514587e-02 -1.908478885889053345e-01 1.600405573844909668e-01 1.046402230858802795e-01 -9.872314929962158203e-01 3.056127578020095825e-02 5.727197527885437012e-01 2.244735360145568848e-01 4.463356137275695801e-01 -2.620244324207305908e-01 9.893086552619934082e-01 9.781577438116073608e-02 6.003904342651367188e-01 9.129503965377807617e-01 -9.976210594177246094e-01 4.452701807022094727e-01 6.230878457427024841e-02 -6.636343151330947876e-02 1.470235139131546021e-01 -6.544261574745178223e-01 1.341774011962115765e-03 -9.976710081100463867e-01 -1.862610280513763428e-01 9.804143905639648438e-01 -4.974714294075965881e-02 5.351266860961914062e-01 1.129665225744247437e-01 -9.516628086566925049e-02 -2.764029204845428467e-01 -3.985241353511810303e-01 -1.682344675064086914e-01 -9.995508193969726562e-01 -2.169526815414428711e-01 -1.535380184650421143e-01 -3.004018664360046387e-01 -5.860595777630805969e-02 -3.172904551029205322e-01 9.933116436004638672e-01 5.353697109967470169e-03 -2.441717386245727539e-01 -9.941499829292297363e-01 1.979719549417495728e-01 7.527704350650310516e-03 9.991182088851928711e-01 -7.527205348014831543e-01 3.406127169728279114e-02 7.392592728137969971e-02 8.772820234298706055e-02 -9.315200448036193848e-01 7.009926438331604004e-01 9.880968928337097168e-01 -9.998875856399536133e-01 1.293549239635467529e-01 -3.292491436004638672e-01 4.249207973480224609e-01 2.230637222528457642e-01 3.875779360532760620e-02 -8.606714010238647461e-01 5.963516831398010254e-01 -7.585418969392776489e-02 9.982300400733947754e-01 -1.258902847766876221e-01 7.653344869613647461e-01 4.903593659400939941e-01 -9.997575283050537109e-01 -2.447359859943389893e-01 -1.648771315813064575e-01 1.640070676803588867e-01 -2.829488813877105713e-01 -1.963313370943069458e-01 -9.112007021903991699e-01 9.950349926948547363e-01 -9.997293353080749512e-01 -9.747276306152343750e-01 -2.283984050154685974e-02 -2.268637120723724365e-01 -4.660462737083435059e-01 -2.285487949848175049e-02 -2.136618643999099731e-01 -2.079706490039825439e-01 -9.988866448402404785e-01 -8.005337119102478027e-01 4.006278216838836670e-01 -8.885694146156311035e-01 -9.558500647544860840e-01 -9.977406859397888184e-01 -2.887887321412563324e-02 -1.217575091868638992e-02 -2.262154072523117065e-01 3.871108889579772949e-01 -2.135532796382904053e-01 1.636264324188232422e-01 9.233483076095581055e-01 1.104473471641540527e-01 6.555578708648681641e-01 1.266346126794815063e-01 2.696039378643035889e-01 -1.534518748521804810e-01 9.991020560264587402e-01 -7.083066105842590332e-01 4.865015447139739990e-01 -9.837236404418945312e-01 2.508799731731414795e-01 4.664620459079742432e-01 9.998571872711181641e-01 7.750855684280395508e-01 7.539790868759155273e-01 -9.995667934417724609e-01 -2.221778184175491333e-01 5.802681446075439453e-01 -9.984644055366516113e-01 5.286903381347656250e-01 2.729017436504364014e-01 5.866736173629760742e-01 -9.260242581367492676e-01 -8.355899453163146973e-01 1.281902194023132324e-01 -9.542328715324401855e-01 8.861273527145385742e-01 1.996650546789169312e-02 4.096516072750091553e-01 2.982187569141387939e-01 1.005425900220870972e-01 4.490341246128082275e-02 -9.488112330436706543e-01 -5.762867927551269531e-01 -1.258399933576583862e-01 -2.671191096305847168e-01 1.564677208662033081e-01 -1.171048134565353394e-01 -9.999986290931701660e-01 -5.433868169784545898e-01 -1.291146129369735718e-01 2.299889326095581055e-01 -1.943972408771514893e-01 -3.797686100006103516e-01 1.715295910835266113e-01 -9.774340987205505371e-01 9.999554753303527832e-01 -9.806195497512817383e-01 2.669825255870819092e-01 -9.983219951391220093e-02 -2.620571553707122803e-01 2.897844016551971436e-01 -9.670253992080688477e-01 9.937118291854858398e-01 -8.762388229370117188e-01 2.171299457550048828e-01 2.338193506002426147e-01 -1.248310580849647522e-01 -9.032627344131469727e-01
9.303532242774963379e-01 -8.015845417976379395e-01 -4.568930342793464661e-02 2.396214604377746582e-01 -1.791137158870697021e-01 3.215615153312683105e-01 9.983189702033996582e-01 2.047720551490783691e-01 -2.761968374252319336e-01 -6.627215147018432617e-01 2.268148213624954224e-01 -8.574261665344238281e-01 9.648452997207641602e-01 -9.872999191284179688e-01 -8.327488899230957031e-01 -5.812162905931472778e-02 9.047851711511611938e-02 -1.080876588821411133e-01 -6.000055074691772461e-01 -2.888869941234588623e-01 4.600433707237243652e-01 3.003040701150894165e-02 6.684732437133789062e-01 -9.350057244300842285e-01 9.777976870536804199e-01 9.900946617126464844e-01 4.250780120491981506e-02 -3.683742284774780273e-01 1.560640931129455566e-01 9.993891119956970215e-01 -8.409392833709716797e-01 -8.859837800264358521e-02 -4.405026510357856750e-02 2.071968466043472290e-01 -5.410023331642150879e-01 -5.760915279388427734e-01 7.470031827688217163e-02 -5.270497202873229980e-01 7.043407559394836426e-01 -2.600357532501220703e-01 -6.865920871496200562e-02 -1.253970265388488770e-01 2.808344364166259766e-01 -9.836402535438537598e-01 -2.796457707881927490e-01 9.960063695907592773e-01 5.210145376622676849e-03 -2.836459875106811523e-01 8.905135393142700195e-01 -1.426820158958435059e-01 9.769669771194458008e-01 2.533077821135520935e-02 9.794507026672363281e-01 -6.623172014951705933e-02 1.101422607898712158e-01 2.611485421657562256e-01 2.143106311559677124e-01 -3.163173198699951172e-01 -9.997949600219726562e-01 -7.512505650520324707e-01 3.741649091243743896e-01 1.709631681442260742e-01 8.598293066024780273e-01 -1.007263883948326111e-01 4.423144273459911346e-03 -9.957352280616760254e-01 -5.296097397804260254e-01 9.334778785705566406e-01 -1.704807765781879425e-02 5.815458297729492188e-01 8.454331159591674805e-01 9.487890601158142090e-01 -1.415951997041702271e-01 -9.493157863616943359e-01 -8.502283096313476562e-01 -2.535769045352935791e-01 5.006822943687438965e-01 6.920900940895080566e-01 1.453623175621032715e-01 -2.251604199409484863e-01 -9.939028024673461914e-01 -5.343760922551155090e-02 9.951499700546264648e-01 -8.794630765914916992e-01 9.986356496810913086e-01 -6.092408895492553711e-01 1.330376118421554565e-01 -3.750588595867156982e-01 -9.948308579623699188e-04 5.578101873397827148e-01 -9.954099059104919434e-01 -2.442220151424407959e-01 6.230472922325134277e-01 -9.035392999649047852e-01 -9.685220718383789062e-01 9.569956064224243164e-01 8.691757321357727051e-01 9.835603088140487671e-02 -9.218494892120361328e-01 -6.108139157295227051e-01 -8.724872469902038574e-01 -3.698846101760864258e-01 9.261043667793273926e-01 -1.077481657266616821e-01 8.624536544084548950e-02 -1.516012251377105713e-01 9.902387261390686035e-01 5.743569135665893555e-01 -4.059801995754241943e-01 7.487111538648605347e-02 7.001153379678726196e-02 4.724478721618652344e-01 -1.143554598093032837e-01 -9.979862570762634277e-01 -2.217102795839309692e-01 2.553889900445938110e-02 -4.441216588020324707e-01 9.359420537948608398e-01 2.197763323783874512e-01 9.931436181068420410e-01 -9.654659628868103027e-01 -5.737077072262763977e-02 -9.734132885932922363e-01 9.988347887992858887e-01 -3.787288963794708252e-01 -4.409838467836380005e-02 -7.818142771720886230e-01 -5.768696591258049011e-02 -7.863544821739196777e-01 -4.531446099281311035e-01 9.022691845893859863e-01 9.547505378723144531e-01 7.099227905273437500e-01 3.240038156509399414e-01 6.401026248931884766e-01 -8.720404505729675293e-01 9.873416423797607422e-01 -9.978991746902465820e-01 2.548908293247222900e-01 -1.461141109466552734e-01 9.995058774948120117e-01 2.251155972480773926e-01 -2.433520555496215820e-01 3.997454643249511719e-01 1.385622024536132812e-01 2.037839740514755249e-01 -8.321703076362609863e-01 9.053390026092529297e-01 9.792522788047790527e-01 -1.311112344264984131e-01 -3.051150739192962646e-01 -1.510999798774719238e-01 9.697724580764770508e-01 -5.153200030326843262e-01 1.401359885931015015e-01 -3.326540589332580566e-01 -9.974519014358520508e-01 3.010561764240264893e-01 -3.711747825145721436e-01 4.951205477118492126e-02 -5.621495246887207031e-01 7.088753581047058105e-02 -3.391784429550170898e-01 -5.779533386230468750e-01 9.997335672378540039e-01 -8.759861439466476440e-02 -7.092318534851074219e-01 -1.889049410820007324e-01 9.006366133689880371e-01 -6.245043277740478516e-01 4.392501115798950195e-01 -8.922504186630249023e-01 -9.864480495452880859e-01 -9.994458556175231934e-01 3.205786645412445068e-01 3.988948464393615723e-01 -8.051652312278747559e-01 -4.069496691226959229e-01 9.953710436820983887e-01 9.987317323684692383e-01 9.884307384490966797e-01 -5.187150090932846069e-02 9.826382994651794434e-01 -9.938786029815673828e-01 -6.079329252243041992e-01 -7.753561139106750488e-01 -6.219434738159179688e-01 6.745287179946899414e-01 8.337457180023193359e-01 7.212430834770202637e-01 4.773578941822052002e-01 -9.741880297660827637e-01 -9.594052433967590332e-01 9.013088792562484741e-02 9.533742070198059082e-01 -2.749091088771820068e-01 -9.956158995628356934e-01 -9.990839362144470215e-01 -5.896990895271301270e-01 1.490627825260162354e-01 -1.804486960172653198e-01 -3.384713530540466309e-01 9.068924784660339355e-01 2.185841500759124756e-01 -1.022063288837671280e-02 -6.482393145561218262e-01 -4.459708929061889648e-01 9.508623480796813965e-01 9.796275496482849121e-01 -4.178243875503540039e-01 4.527012109756469727e-01 -8.066619634628295898e-01 -4.551114048808813095e-03 4.327431023120880127e-01 9.964940547943115234e-01 -9.357060790061950684e-01 9.411488175392150879e-01 -1.263410001993179321e-01 9.993674159049987793e-01 4.635517299175262451e-02 -7.140337228775024414e-01 -1.033435091376304626e-01 7.815452218055725098e-01 4.946449100971221924e-01 -9.890940189361572266e-01 9.850192070007324219e-01 -9.968262314796447754e-01 1.326147913932800293e-01 -8.932237625122070312e-01 9.934992194175720215e-01 5.914492011070251465e-01 2.096180021762847900e-01 -3.703716397285461426e-01 3.667971789836883545e-01 9.849097132682800293e-01 5.873119831085205078e-01 5.536747574806213379e-01 -6.978538632392883301e-01 5.890893340110778809e-01 -8.416125923395156860e-02 5.678763985633850098e-01 9.999381899833679199e-01 -8.837267160415649414e-01 8.469486236572265625e-01 9.978781342506408691e-01 2.803355269134044647e-02 5.576928853988647461e-01 3.370781838893890381e-01 -1.511627435684204102e-01 3.075849413871765137e-01 5.892503857612609863e-01 -3.284447193145751953e-01 -8.299935609102249146e-02 2.797471284866333008e-01 9.835023283958435059e-01 -5.031858682632446289e-01 -3.275283277034759521e-01 -9.980109930038452148e-01 5.024608373641967773e-01 6.487520933151245117e-01 2.240436226129531860e-01 -9.893662333488464355e-01 -2.153483480215072632e-01 -9.782602787017822266e-01 3.365035057067871094e-01 9.970176219940185547e-01 6.110038161277770996e-01 -7.622415423393249512e-01 1.833846420049667358e-01 1.227234899997711182e-01 9.464609622955322266e-01 -1.937193274497985840e-01 8.120246529579162598e-01 9.979386329650878906e-01 -6.392322182655334473e-01 -9.873261451721191406e-01 9.614565372467041016e-01 2.822369039058685303e-01 4.985405504703521729e-01 2.887736558914184570e-01 -9.962819814682006836e-01 6.986455917358398438e-01 9.968280792236328125e-01 8.958156108856201172e-01 3.197743892669677734e-01 -5.583859980106353760e-02 -1.658598780632019043e-01 5.264859199523925781e-01 -9.984684586524963379e-01 -9.990408420562744141e-01 -8.761677742004394531e-01 2.953039705753326416e-01 2.152727693319320679e-01 -8.038010001182556152e-01 9.960103631019592285e-01 -9.769704341888427734e-01 -3.847625255584716797e-01 9.515264034271240234e-01 1.961014866828918457e-01 9.964905977249145508e-01 9.821738600730895996e-01 -9.963870644569396973e-01 -8.524188399314880371e-01 8.685249090194702148e-01 -4.346046149730682373e-01 7.476035356521606445e-01 -5.307786539196968079e-02 9.888701438903808594e-01 6.060990095138549805e-01 -4.109121114015579224e-02 -1.883965730667114258e-01 5.898627638816833496e-01 -3.674457967281341553e-02 9.979606866836547852e-01 9.751795530319213867e-01 -1.027930006384849548e-01 -4.612761735916137695e-02 -8.433082699775695801e-02 8.446829020977020264e-02 9.992788434028625488e-01 3.558076322078704834e-01 9.736183099448680878e-03 -4.169898629188537598e-01 -9.724076986312866211e-01 -4.499070048332214355e-01 -3.845737874507904053e-01 -8.706681728363037109e-01 4.995603561401367188e-01 -9.991781711578369141e-01 1.114669665694236755e-01 7.228342294692993164e-01 4.154545366764068604e-01 -4.157593846321105957e-01 -6.178005933761596680e-01 3.474795818328857422e-01 1.765936911106109619e-01 4.655785262584686279e-01 -9.293828606605529785e-01 -9.987301230430603027e-01 7.486125826835632324e-02 9.915330410003662109e-01 -3.719999492168426514e-01 -2.272374182939529419e-01 9.051489830017089844e-01 2.610276341438293457e-01 1.929184049367904663e-01 9.576579928398132324e-01 9.996999502182006836e-01 -3.850040733814239502e-01 9.393713474273681641e-01 4.224514067173004150e-01 8.468759059906005859e-02 3.391183912754058838e-01 9.901961684226989746e-02 9.994785785675048828e-01 -3.418756127357482910e-01 9.838390350341796875e-01 -4.609541594982147217e-02 -2.947164773941040039e-01 1.529955267906188965e-01 -9.893605709075927734e-01 -9.992828369140625000e-01 -4.405517578125000000e-01 -3.550185635685920715e-02 -1.348272617906332016e-02 -9.854324460029602051e-01 -9.994661808013916016e-01 4.173746407032012939e-01 1.354236304759979248e-01 6.194908022880554199e-01 -2.343704849481582642e-01 9.702236652374267578e-01 -2.421387732028961182e-01 3.357706964015960693e-01 -9.141350388526916504e-01 -9.997915029525756836e-01 4.676233530044555664e-01 5.332939028739929199e-01 -1.625014543533325195e-01 -1.851442307233810425e-01 8.180890679359436035e-01 5.231920480728149414e-01 -6.644571423530578613e-01 2.937820851802825928e-01 9.987028241157531738e-01 8.994770646095275879e-01 7.361487150192260742e-01 -4.684494733810424805e-01 9.658448696136474609e-01 1.382500380277633667e-01 -1.543006598949432373e-01 5.516812205314636230e-01 -9.981849789619445801e-01 1.560391485691070557e-01 4.280546009540557861e-01 2.429574541747570038e-02 -4.835103452205657959e-01 -4.897117614746093750e-01 9.984025359153747559e-01 -6.708465516567230225e-02 4.371288716793060303e-01 4.180963337421417236e-01 9.936572909355163574e-01 -5.727264285087585449e-01 -5.255742669105529785e-01 -9.857702255249023438e-01 -9.982195496559143066e-01 2.698943912982940674e-01 2.997131049633026123e-01 -8.248612880706787109e-01 -8.074457645416259766e-01 9.911423921585083008e-01 -6.748291850090026855e-01 5.294500663876533508e-02 -2.607036530971527100e-01 3.363009989261627197e-01 2.920972406864166260e-01 8.473151326179504395e-01 3.776019811630249023e-01 -9.761387109756469727e-01 -2.179581969976425171e-01 8.999142646789550781e-01 3.996057510375976562e-01 9.976016879081726074e-01 1.622126400470733643e-01 -7.849910855293273926e-01 4.183794930577278137e-02 2.189590632915496826e-01 1.113488674163818359e-01 2.504829764366149902e-01 3.975879773497581482e-02 -9.980606436729431152e-01 -6.554735451936721802e-02 -9.997493624687194824e-01 -9.856199026107788086e-01 2.739886045455932617e-01 -8.929666280746459961e-01 -9.449421167373657227e-01 7.255101203918457031e-02 -4.253486692905426025e-01 2.643842622637748718e-02 -7.174258232116699219e-01 -9.922268390655517578e-01 3.775581121444702148e-01 -8.316245675086975098e-01 -9.804639220237731934e-01 -9.142630696296691895e-01 3.294951319694519043e-01 -5.092191696166992188e-01 8.573962375521659851e-03 5.629821419715881348e-01 -2.309648543596267700e-01 -4.244172945618629456e-02 8.354014754295349121e-01 5.182940959930419922e-01 9.976037144660949707e-01 7.755146175622940063e-02 -1.585067361593246460e-01 -6.813105195760726929e-02 9.861853122711181641e-01 1.049547940492630005e-01 3.808067142963409424e-01 -9.960136413574218750e-01 4.476429224014282227e-01 9.990011453628540039e-01 9.861116409301757812e-01 9.447138905525207520e-01 9.982753992080688477e-01 -9.915418028831481934e-01 -1.888206303119659424e-01 5.219284445047378540e-03 3.257052004337310791e-01 9.183306694030761719e-01 2.605289816856384277e-01 3.622569441795349121e-01 -9.926648139953613281e-01 -9.757151603698730469e-01 4.874712601304054260e-02 -9.976966381072998047e-01 9.982492923736572266e-01 9.782735258340835571e-03 1.371797919273376465e-01 3.369090259075164795e-01 3.200024366378784180e-01 5.981729030609130859e-01 -9.077854156494140625e-01 -9.753512740135192871e-01 -5.705878734588623047e-01 -7.728871107101440430e-01 -4.367047920823097229e-02 -5.952253937721252441e-01 -9.998166561126708984e-01 -9.926922917366027832e-01 -7.966327667236328125e-01 1.780944913625717163e-01 -5.638478398323059082e-01 3.591688722372055054e-02 4.643611311912536621e-01 9.611482620239257812e-01 9.984390735626220703e-01 -9.876956939697265625e-01 -1.986857950687408447e-01 -1.077600419521331787e-01 3.581525385379791260e-01 -1.336595858447253704e-03 -9.646947979927062988e-01 3.092386126518249512e-01 9.768700003623962402e-01 6.212471127510070801e-01 -1.754264384508132935e-01 -4.973027706146240234e-01 -4.977645874023437500e-01
6.763792037963867188e-01 -2.167996577918529510e-02 -3.293802961707115173e-03 -3.731092065572738647e-02 -2.096808142960071564e-02 -9.305455684661865234e-01 9.972078800201416016e-01 -9.879073500633239746e-01 1.245612278580665588e-01 -9.891858100891113281e-01 1.560355909168720245e-02 -9.387473464012145996e-01 6.343855261802673340e-01 -6.792902946472167969e-01 -8.936932086944580078e-01 -1.090566590428352356e-01 -4.911777973175048828e-01 -4.819466471672058105e-01 -4.243179573677480221e-04 -8.903308957815170288e-02 -3.328689932823181152e-01 -2.054458111524581909e-01 9.382165670394897461e-01 -8.861544728279113770e-01 9.993237853050231934e-01 9.976995587348937988e-01 1.804851144552230835e-01 2.283965349197387695e-01 1.067620739340782166e-01 9.997394680976867676e-01 -8.855281025171279907e-02 -2.638856321573257446e-02 4.168872237205505371e-01 3.793723285198211670e-01 4.339571460150182247e-04 -1.391345262527465820e-01 -2.719440162181854248e-01 2.402798086404800415e-01 9.988567829132080078e-01 1.572824120521545410e-01 4.552705585956573486e-01 7.264138013124465942e-02 -2.191035896539688110e-01 -9.986447095870971680e-01 -8.041359484195709229e-03 9.860801696777343750e-01 -9.770604968070983887e-01 1.403885632753372192e-01 9.587050080299377441e-01 -9.034339338541030884e-02 9.452185034751892090e-01 -2.775424718856811523e-01 9.857709407806396484e-01 1.676209419965744019e-01 6.343178749084472656e-01 -4.449139833450317383e-01 -1.088092625141143799e-01 -2.753900289535522461e-01 -9.998325705528259277e-01 4.055105447769165039e-01 -1.890804767608642578e-01 2.437687218189239502e-01 2.396209537982940674e-01 -4.856069982051849365e-01 -2.648414969444274902e-01 -9.950971007347106934e-01 9.968670010566711426e-01 9.437761306762695312e-01 -1.233953610062599182e-01 9.846414327621459961e-01 9.623383283615112305e-01 9.995344877243041992e-01 -6.123991608619689941e-01 -9.841882586479187012e-01 -7.217686772346496582e-01 -4.586153626441955566e-01 3.044551908969879150e-01 7.264017462730407715e-01 1.687458157539367676e-01 2.453881204128265381e-01 -9.380611777305603027e-01 1.570909619331359863e-01 9.831248521804809570e-01 -4.391296505928039551e-01 9.993169903755187988e-01 7.708334326744079590e-01 2.796834520995616913e-02 1.522955000400543213e-01 2.498743385076522827e-01 -4.166837781667709351e-02 -9.973748326301574707e-01 -2.172927558422088623e-01 -3.369392827153205872e-03 -9.899144172668457031e-01 -9.003497362136840820e-01 8.779017329216003418e-01 9.297289848327636719e-01 2.969552874565124512e-01 -9.988857507705688477e-01 -2.446153610944747925e-01 -9.672264456748962402e-01 -9.414571523666381836e-01 7.604473233222961426e-01 3.996884226799011230e-01 4.662342071533203125e-01 3.846267759799957275e-01 9.990552663803100586e-01 1.796213984489440918e-01 2.169918566942214966e-01 7.597835063934326172e-01 -5.274506807327270508e-01 8.560188412666320801e-01 -9.798821806907653809e-01 -9.988766908645629883e-01 -8.621872216463088989e-02 4.342566430568695068e-01 -8.499060273170471191e-01 8.481640815734863281e-01 -4.909117519855499268e-02 9.954723715782165527e-01 -9.471229314804077148e-01 3.436564505100250244e-01 -9.885331988334655762e-01 8.635800480842590332e-01 3.127398714423179626e-02 5.259134620428085327e-02 -9.535372257232666016e-01 -1.646409630775451660e-01 -9.452621638774871826e-02 -4.816555604338645935e-02 9.509550333023071289e-01 7.753131389617919922e-01 -2.136365324258804321e-01 -2.752611935138702393e-01 -1.913072913885116577e-02 4.579805135726928711e-01 9.711130261421203613e-01 -9.989830255508422852e-01 -9.589440226554870605e-01 -3.108903467655181885e-01 9.984877705574035645e-01 2.173546515405178070e-02 9.728550910949707031e-02 9.901309609413146973e-01 -1.094461139291524887e-02 7.773597240447998047e-01 -8.679890036582946777e-01 5.372734069824218750e-01 9.585868716239929199e-01 9.972182661294937134e-02 -3.064179122447967529e-01 7.474220544099807739e-02 8.826112747192382812e-01 -1.424572020769119263e-01 -1.028883159160614014e-01 1.288598328828811646e-01 -9.982973933219909668e-01 4.745776951313018799e-01 3.736401349306106567e-02 -3.196087479591369629e-02 -6.357469409704208374e-02 -4.852188751101493835e-02 -2.378996163606643677e-01 1.324209198355674744e-02 9.999434351921081543e-01 1.415038108825683594e-01 -1.564203798770904541e-01 -7.405181229114532471e-02 9.947041869163513184e-01 -7.056764960289001465e-01 3.776890933513641357e-01 -6.594476103782653809e-01 -9.978393912315368652e-01 -9.995286464691162109e-01 3.705609217286109924e-02 -2.582736313343048096e-01 7.004669308662414551e-01 3.356324434280395508e-01 9.753447175025939941e-01 8.966169953346252441e-01 7.982876896858215332e-01 5.752510428428649902e-01 9.929763078689575195e-01 -9.802142977714538574e-01 3.107842504978179932e-01 -9.957525134086608887e-01 -9.950473308563232422e-01 6.283218264579772949e-01 5.622445940971374512e-01 5.713507533073425293e-01 9.418335556983947754e-01 -9.673323035240173340e-01 7.996864914894104004e-01 -1.131630837917327881e-01 9.494571089744567871e-01 -6.224381923675537109e-02 -8.659449219703674316e-01 -9.995360970497131348e-01 -7.360867857933044434e-01 2.300672829151153564e-01 1.546105593442916870e-01 -2.786912620067596436e-01 8.753251433372497559e-01 -3.033485114574432373e-01 2.883397638797760010e-01 -2.714818716049194336e-01 1.025103330612182617e-01 9.204931259155273438e-01 9.922030568122863770e-01 1.614731848239898682e-01 4.651591777801513672e-01 -6.445820331573486328e-01 -2.748551964759826660e-01 -1.734502166509628296e-01 9.966390132904052734e-01 6.603304743766784668e-01 8.857751488685607910e-01 9.567090868949890137e-01 9.996529817581176758e-01 3.269419670104980469e-01 -5.867865681648254395e-01 1.242958605289459229e-01 -9.599927067756652832e-01 1.714590936899185181e-01 -9.980431199073791504e-01 8.717141151428222656e-01 -9.991170167922973633e-01 -2.125948965549468994e-01 -7.670234441757202148e-01 9.296015501022338867e-01 4.655250310897827148e-01 5.793572068214416504e-01 4.484682083129882812e-01 3.275464177131652832e-01 9.971535801887512207e-01 8.483918011188507080e-02 8.128949999809265137e-01 -2.568481862545013428e-01 1.413457393646240234e-01 -1.874127089977264404e-01 9.983341693878173828e-01 9.999917149543762207e-01 -9.775992631912231445e-01 9.810514450073242188e-01 9.966006875038146973e-01 -3.028777241706848145e-01 9.689082503318786621e-01 8.354550600051879883e-02 -6.444450467824935913e-02 -2.048948705196380615e-01 -7.511971890926361084e-02 3.874880969524383545e-01 1.170132532715797424e-01 2.855708003044128418e-01 9.990889430046081543e-01 1.212816163897514343e-01 -1.129030715674161911e-02 -9.945085048675537109e-01 -3.950651586055755615e-01 3.846627473831176758e-01 -1.626292914152145386e-01 -9.748951196670532227e-01 6.296015381813049316e-01 -9.422727227210998535e-01 -4.541585594415664673e-02 9.333534836769104004e-01 9.701109528541564941e-01 -9.953189492225646973e-01 5.399839282035827637e-01 -3.148367702960968018e-01 9.895913600921630859e-01 -1.575414538383483887e-01 5.673703923821449280e-02 9.998921751976013184e-01 2.521607279777526855e-01 -9.820422530174255371e-01 9.520571231842041016e-01 -2.386885285377502441e-01 2.153119593858718872e-01 -4.067031741142272949e-01 -9.869647622108459473e-01 -6.886989474296569824e-01 9.676777720451354980e-01 9.964579343795776367e-01 9.937889575958251953e-01 6.632908433675765991e-02 1.027329862117767334e-01 -2.484690994024276733e-01 -9.996712803840637207e-01 -9.998545050621032715e-01 -9.972740411758422852e-01 5.421787500381469727e-01 -2.303049266338348389e-01 2.309138178825378418e-01 9.987614750862121582e-01 -9.911965727806091309e-01 -5.856167525053024292e-02 9.224838614463806152e-01 1.914844065904617310e-01 9.932014942169189453e-01 9.826881289482116699e-01 -9.945929050445556641e-01 -8.225194811820983887e-01 9.883259534835815430e-01 -2.748570032417774200e-02 9.236179590225219727e-01 8.535572886466979980e-02 9.933311939239501953e-01 1.342585533857345581e-01 2.911762595176696777e-01 5.157783031463623047e-01 -8.709710836410522461e-01 -2.211116105318069458e-01 9.511106014251708984e-01 9.306173920631408691e-01 1.593163162469863892e-01 3.330267220735549927e-02 -2.471697628498077393e-01 1.085784751921892166e-02 9.998396039009094238e-01 5.185908675193786621e-01 -9.494985938072204590e-01 -5.226084589958190918e-01 -9.725061655044555664e-01 -2.480774372816085815e-01 1.365801841020584106e-01 -9.621810317039489746e-01 -2.224720269441604614e-01 -9.995994567871093750e-01 -6.654294133186340332e-01 9.618941545486450195e-01 -1.701574306935071945e-03 1.991630941629409790e-01 -5.099563002586364746e-01 -1.295709758996963501e-01 -1.016488950699567795e-02 -4.670757949352264404e-01 -8.667328357696533203e-01 -9.810543060302734375e-01 -1.077899560332298279e-01 9.689827561378479004e-01 1.462925523519515991e-01 -3.996524512767791748e-01 9.862703680992126465e-01 -4.532557129859924316e-01 -3.002445101737976074e-01 9.800560474395751953e-01 9.990742206573486328e-01 -2.279064208269119263e-01 5.892226099967956543e-01 3.147864043712615967e-01 -4.493955969810485840e-01 -9.140678495168685913e-02 6.214211583137512207e-01 9.996908903121948242e-01 -6.553748995065689087e-02 9.570812582969665527e-01 -1.550334841012954712e-01 3.675841093063354492e-01 -3.012754023075103760e-01 -9.705149531364440918e-01 -9.996010065078735352e-01 -2.238571643829345703e-01 -2.739771306514739990e-01 -5.130094941705465317e-03 -9.915519952774047852e-01 -9.996649622917175293e-01 1.798960417509078979e-01 -2.308273762464523315e-01 1.418248564004898071e-01 3.693976104259490967e-01 9.912745952606201172e-01 1.516108661890029907e-01 -1.073064133524894714e-01 -8.637635111808776855e-01 -9.976593852043151855e-01 3.993125632405281067e-03 1.651180684566497803e-01 1.688800901174545288e-01 4.529175758361816406e-01 -5.347881838679313660e-02 5.107828378677368164e-01 -9.648993611335754395e-01 -4.690830409526824951e-01 9.988337755203247070e-01 8.628004193305969238e-01 4.177682697772979736e-01 6.254830956459045410e-01 8.211051225662231445e-01 -1.786750257015228271e-01 -3.223673701286315918e-01 -8.617641925811767578e-01 -9.999169111251831055e-01 3.596572950482368469e-02 -3.194587826728820801e-01 -2.605583369731903076e-01 1.381580978631973267e-01 -1.853943243622779846e-02 9.965458512306213379e-01 -5.783519744873046875e-01 -5.494136214256286621e-01 1.879745572805404663e-01 9.944860935211181641e-01 3.365028500556945801e-01 7.098023891448974609e-01 -9.565702080726623535e-01 -9.987892508506774902e-01 1.544435024261474609e-01 2.255253866314888000e-02 -9.978412985801696777e-01 1.380391418933868408e-01 9.964596629142761230e-01 -9.952962994575500488e-01 -4.837620258331298828e-01 -1.942545026540756226e-01 -2.601139843463897705e-01 1.530800461769104004e-01 7.489343285560607910e-01 1.329780966043472290e-01 3.689085831865668297e-03 1.605341583490371704e-01 9.678836464881896973e-01 -6.037660837173461914e-01 9.949918389320373535e-01 3.830330669879913330e-01 -9.071386456489562988e-01 -2.446057051420211792e-01 1.257868018001317978e-02 -1.014230996370315552e-01 -1.135343387722969055e-01 -4.613014757633209229e-01 -9.927054047584533691e-01 9.943905472755432129e-01 -9.995652437210083008e-01 -9.297477006912231445e-01 2.443021386861801147e-01 -8.835828304290771484e-01 -9.913351535797119141e-01 5.144883394241333008e-01 -4.872024431824684143e-02 -9.498904645442962646e-02 -9.979841113090515137e-01 -9.962875247001647949e-01 -7.762535661458969116e-02 -9.463148117065429688e-01 -9.783392548561096191e-01 -9.994245171546936035e-01 9.007343649864196777e-02 4.075414240360260010e-01 -9.476972371339797974e-02 3.676136732101440430e-01 5.794421304017305374e-03 1.183871626853942871e-01 3.482950925827026367e-01 -3.317118883132934570e-01 9.328800439834594727e-01 4.068765342235565186e-01 -1.146065890789031982e-01 1.019084677100181580e-01 9.970856308937072754e-01 -1.165801435708999634e-01 -2.360579743981361389e-02 -9.794058203697204590e-01 1.029035821557044983e-01 9.994509220123291016e-01 9.985144734382629395e-01 8.805121779441833496e-01 9.676011800765991211e-01 -9.978091716766357422e-01 -5.773505941033363342e-02 3.152000904083251953e-01 -9.297251105308532715e-01 9.533169865608215332e-01 -1.392956972122192383e-01 6.159093976020812988e-01 -9.598352313041687012e-01 -9.711265563964843750e-01 3.362006247043609619e-01 -9.425173401832580566e-01 9.941703677177429199e-01 -4.849596321582794189e-01 -5.300086364150047302e-02 -1.553782224655151367e-01 -1.567430496215820312e-01 4.820604920387268066e-01 -8.504263162612915039e-01 -9.872736334800720215e-01 7.980272173881530762e-02 1.259300112724304199e-01 -1.404257118701934814e-01 1.900339573621749878e-01 -9.999914169311523438e-01 6.388060450553894043e-01 4.229576885700225830e-01 1.028449088335037231e-01 -1.628914177417755127e-01 -4.898483157157897949e-01 3.341024518013000488e-01 -8.451797962188720703e-01 9.924625158309936523e-01 -9.941048026084899902e-01 3.355217278003692627e-01 -9.283946454524993896e-02 -2.471342235803604126e-01 -2.139862030744552612e-01 -9.305026531219482422e-01 9.412276148796081543e-01 7.868161201477050781e-01 -4.893843829631805420e-01 1.439899802207946777e-01 -2.030032873153686523e-01 -5.777526497840881348e-01
-8.553555011749267578e-01 9.666123390197753906e-01 5.256480351090431213e-02 2.022826373577117920e-01 -4.460777342319488525e-01 -9.462209939956665039e-01 9.986945986747741699e-01 -9.595899581909179688e-01 -1.572962850332260132e-01 -9.410820007324218750e-01 2.420753985643386841e-01 -2.267057150602340698e-01 9.570643305778503418e-01 -9.640526771545410156e-01 -8.566349148750305176e-01 1.811125129461288452e-01 4.168099164962768555e-02 -2.631416916847229004e-01 -4.385714828968048096e-01 1.169696152210235596e-01 4.695992469787597656e-01 3.725748956203460693e-01 9.869318008422851562e-01 -6.925250291824340820e-01 9.987550973892211914e-01 9.983773827552795410e-01 -1.897032409906387329e-01 -4.690023362636566162e-01 -2.512521110475063324e-02 9.476920962333679199e-01 6.172218322753906250e-01 -2.822736501693725586e-01 4.615438282489776611e-01 3.016536235809326172e-01 -2.330896705389022827e-01 -3.569981753826141357e-01 -4.442387223243713379e-01 -1.897974163293838501e-01 9.960768222808837891e-01 -3.623476624488830566e-01 -2.800326049327850342e-01 -2.852645814418792725e-01 3.700270950794219971e-01 -9.755058288574218750e-01 7.595413178205490112e-02 9.939232468605041504e-01 -8.032414913177490234e-01 -4.616405963897705078e-01 9.088554978370666504e-01 -3.894942402839660645e-01 5.568677783012390137e-01 -1.711408048868179321e-01 9.084845185279846191e-01 -3.983123600482940674e-02 -7.555286288261413574e-01 3.586238026618957520e-01 2.146898210048675537e-01 8.186830580234527588e-02 -9.931387901306152344e-01 9.103939533233642578e-01 -7.297383248805999756e-02 5.562115460634231567e-02 4.405187964439392090e-01 -8.944430202245712280e-02 1.497344076633453369e-01 -9.951102733612060547e-01 9.236274957656860352e-01 3.849675059318542480e-01 -2.798671424388885498e-01 8.873049616813659668e-01 9.778815507888793945e-01 9.962477684020996094e-01 -6.078786849975585938e-01 -9.963275790214538574e-01 -9.326318502426147461e-01 -3.524796068668365479e-01 -8.794303983449935913e-03 -8.189321756362915039e-01 4.527762159705162048e-02 -4.007420539855957031e-01 -5.957447886466979980e-01 -1.652178317308425903e-01 9.987912774085998535e-01 -2.516115307807922363e-01 8.985092043876647949e-01 -4.291995167732238770e-01 3.020791709423065186e-01 1.991795897483825684e-01 -5.602744817733764648e-01 2.292602788656949997e-03 -8.145993351936340332e-01 -6.446785479784011841e-02 8.308326601982116699e-01 -9.946655035018920898e-01 -7.468460798263549805e-01 8.890767097473144531e-01 9.868828654289245605e-01 -1.499841809272766113e-01 -9.666287899017333984e-01 -2.148484885692596436e-01 -1.403130441904067993e-01 -8.625655174255371094e-01 5.549075603485107422e-01 1.760741025209426880e-01 -1.153867691755294800e-02 5.381917953491210938e-02 9.966869950294494629e-01 4.900154769420623779e-01 -4.568136930465698242e-01 8.908664584159851074e-01 3.261683136224746704e-02 6.045444607734680176e-01 -9.227697253227233887e-01 -9.253845214843750000e-01 -4.431625902652740479e-01 2.302936464548110962e-01 -8.883072137832641602e-01 -3.402109071612358093e-02 1.306540518999099731e-01 9.926061034202575684e-01 -9.363670945167541504e-01 -2.303758114576339722e-01 -8.430789709091186523e-01 9.811088442802429199e-01 -4.308316409587860107e-01 3.811951354146003723e-02 -9.719944000244140625e-01 -3.901662230491638184e-01 -8.154740929603576660e-01 -4.339774847030639648e-01 9.703480005264282227e-01 9.463900923728942871e-01 7.103253155946731567e-02 3.723833262920379639e-01 6.661563515663146973e-01 -6.136444807052612305e-01 9.941861033439636230e-01 -9.705200791358947754e-01 8.413914442062377930e-01 6.827910244464874268e-02 9.986343979835510254e-01 5.359134078025817871e-01 -5.390332341194152832e-01 9.068498015403747559e-01 -4.258569478988647461e-01 -9.576027393341064453e-01 -9.421058297157287598e-01 9.097701311111450195e-01 7.864089012145996094e-01 -2.940944163128733635e-03 -4.091709554195404053e-01 -2.381148934364318848e-01 9.666112065315246582e-01 -6.485235095024108887e-01 8.986525982618331909e-02 -4.848367869853973389e-01 -9.639592766761779785e-01 -6.194973587989807129e-01 -6.096181273460388184e-02 1.134656816720962524e-01 -6.620894074440002441e-01 3.413450419902801514e-01 -4.066932201385498047e-01 -8.158408999443054199e-01 9.968018531799316406e-01 -2.593251466751098633e-01 -3.598125874996185303e-01 -4.222419261932373047e-01 9.599585533142089844e-01 5.367227792739868164e-01 6.983296275138854980e-01 -7.908445596694946289e-01 -9.960184693336486816e-01 -9.474257826805114746e-01 3.657327890396118164e-01 5.151628255844116211e-01 6.004174947738647461e-01 -4.243590310215950012e-02 9.921419620513916016e-01 9.998619556427001953e-01 8.365889787673950195e-01 -1.831154227256774902e-01 9.981837868690490723e-01 -8.956266641616821289e-01 7.909110784530639648e-01 -9.561250805854797363e-01 -6.059034466743469238e-01 -3.059651553630828857e-01 7.010750770568847656e-01 8.770852088928222656e-01 7.224510908126831055e-01 -9.319015741348266602e-01 -6.741523146629333496e-01 -3.581320494413375854e-02 9.710174202919006348e-01 -2.909094393253326416e-01 -7.006275057792663574e-01 -9.264592528343200684e-01 -9.611532688140869141e-01 -2.747226059436798096e-01 1.229377090930938721e-01 -5.379062891006469727e-01 6.464298963546752930e-01 1.982357501983642578e-01 1.791934370994567871e-01 -3.352058827877044678e-01 -4.510236084461212158e-01 3.201945126056671143e-01 4.181434512138366699e-01 -2.382859736680984497e-01 -9.291298389434814453e-01 7.338411808013916016e-01 7.922440022230148315e-02 5.809074640274047852e-01 8.322166800498962402e-01 5.395841598510742188e-01 6.180303692817687988e-01 6.846922039985656738e-01 9.368628859519958496e-01 -1.116673201322555542e-01 -7.681576013565063477e-01 -1.980943605303764343e-02 -6.751381158828735352e-01 4.123575091361999512e-01 -9.843533635139465332e-01 9.657639861106872559e-01 -9.458229541778564453e-01 -1.868410557508468628e-01 -7.788224816322326660e-01 9.989751577377319336e-01 3.730110526084899902e-01 1.678840368986129761e-01 -4.186968207359313965e-01 5.295366048812866211e-01 9.592216610908508301e-01 5.362932085990905762e-01 2.236228436231613159e-01 -3.974981606006622314e-01 5.081573724746704102e-01 -1.313302665948867798e-01 9.901537895202636719e-01 9.984267354011535645e-01 1.771145910024642944e-01 8.779653310775756836e-01 9.907043576240539551e-01 3.074044585227966309e-01 8.258703947067260742e-01 7.162409275770187378e-02 -2.287981845438480377e-02 7.744217664003372192e-02 3.745165765285491943e-01 -2.596351504325866699e-01 -5.818457603454589844e-01 4.479159116744995117e-01 9.879910349845886230e-01 -6.059812903404235840e-01 -3.573565185070037842e-01 -9.996107816696166992e-01 -7.290303707122802734e-01 7.941836118698120117e-01 -3.317672312259674072e-01 -2.676472961902618408e-01 2.169426977634429932e-01 -9.899991750717163086e-01 4.500804543495178223e-01 8.467066884040832520e-01 8.346248269081115723e-01 -9.944617748260498047e-01 7.287803292274475098e-02 1.566492021083831787e-01 9.994067549705505371e-01 -1.814020574092864990e-01 -1.968157738447189331e-01 9.892375469207763672e-01 -6.600410938262939453e-01 -9.642993807792663574e-01 9.564470052719116211e-01 3.826178610324859619e-01 8.778655529022216797e-01 1.512015759944915771e-01 -9.976343512535095215e-01 -9.059725403785705566e-01 9.289195537567138672e-01 9.204524755477905273e-01 9.974581599235534668e-01 -1.545672118663787842e-01 4.413896240293979645e-03 4.015490710735321045e-01 -9.855599403381347656e-01 -9.996669292449951172e-01 -9.878988265991210938e-01 6.287968754768371582e-01 4.854483008384704590e-01 -7.562195658683776855e-01 9.539124965667724609e-01 -9.974290132522583008e-01 -1.846642792224884033e-01 8.141391873359680176e-01 2.131010033190250397e-02 9.597948193550109863e-01 9.960534572601318359e-01 -9.852995872497558594e-01 -9.660058468580245972e-02 8.295592069625854492e-01 -1.966670900583267212e-01 5.189090371131896973e-01 5.063537955284118652e-01 9.636000394821166992e-01 9.103518724441528320e-01 4.093714654445648193e-01 1.052425615489482880e-02 8.177889883518218994e-02 1.845453977584838867e-01 9.869899749755859375e-01 8.610065579414367676e-01 -5.041000247001647949e-01 1.363942921161651611e-01 6.263002157211303711e-01 4.313702285289764404e-01 9.915651082992553711e-01 4.607273936271667480e-01 -8.638043999671936035e-01 -4.757834672927856445e-01 -7.722368836402893066e-01 -4.528418183326721191e-01 -6.219241619110107422e-01 -9.751994013786315918e-01 -5.229738950729370117e-01 -9.208188652992248535e-01 1.978692859411239624e-01 9.963166713714599609e-01 -1.494446545839309692e-01 2.799887023866176605e-02 -7.756443619728088379e-01 4.311032593250274658e-01 1.110169738531112671e-01 2.590043842792510986e-02 -6.110084056854248047e-01 -9.700720906257629395e-01 2.105390429496765137e-01 9.945293664932250977e-01 -8.231612294912338257e-02 -3.252818584442138672e-01 9.289885163307189941e-01 -6.589552760124206543e-01 -5.838946104049682617e-01 4.522589445114135742e-01 9.995046257972717285e-01 -8.482064306735992432e-02 8.499817848205566406e-01 5.757158398628234863e-01 -6.030537188053131104e-02 5.585069060325622559e-01 3.777838870882987976e-02 9.393514394760131836e-01 -8.751438558101654053e-02 3.314936161041259766e-01 -2.194419652223587036e-01 -5.464738607406616211e-01 1.468352973461151123e-01 -9.743716716766357422e-01 -9.316527247428894043e-01 -6.575959920883178711e-01 -3.892367482185363770e-01 -8.044186234474182129e-02 -9.533596634864807129e-01 -9.482301473617553711e-01 5.962318778038024902e-01 1.223725602030754089e-01 7.406386137008666992e-01 1.312441192567348480e-02 9.738603830337524414e-01 -7.225642800331115723e-01 1.184530332684516907e-01 -4.265364110469818115e-01 -9.905146360397338867e-01 1.091912537813186646e-01 4.912734925746917725e-01 -2.850306630134582520e-01 9.109835326671600342e-02 -2.621607780456542969e-01 3.674282133579254150e-01 -9.893135428428649902e-01 1.140951812267303467e-01 9.887888431549072266e-01 5.488266348838806152e-01 7.752596735954284668e-01 -2.971327900886535645e-01 9.273082017898559570e-01 -1.020677089691162109e-01 -4.535827934741973877e-01 7.184560298919677734e-01 -9.965295195579528809e-01 7.497795671224594116e-02 1.026414483785629272e-01 -5.275290012359619141e-01 -1.612315922975540161e-01 -6.332390308380126953e-01 9.928913712501525879e-01 -1.301312446594238281e-01 1.607768386602401733e-01 -2.627576887607574463e-01 9.630576968193054199e-01 -6.585674285888671875e-01 3.416666090488433838e-01 -9.353075027465820312e-01 -9.417693614959716797e-01 -6.848891824483871460e-02 2.740405499935150146e-01 -9.618726968765258789e-01 -9.224759936332702637e-01 9.719477295875549316e-01 -9.916245937347412109e-01 -1.335014849901199341e-01 8.661406040191650391e-01 -1.465064287185668945e-01 3.620162904262542725e-01 -2.071901559829711914e-01 -8.555172681808471680e-01 4.125341773033142090e-01 -3.775818645954132080e-01 5.870362520217895508e-01 7.661490142345428467e-02 9.971450567245483398e-01 3.080212771892547607e-01 -9.832617044448852539e-01 -2.216499745845794678e-01 3.274205923080444336e-01 3.152031302452087402e-01 3.435712158679962158e-01 3.149592876434326172e-01 -9.944255948066711426e-01 5.739220976829528809e-01 -9.985145926475524902e-01 -8.708248734474182129e-01 4.853350818157196045e-01 -9.255137443542480469e-01 -1.316754966974258423e-01 2.011247426271438599e-01 -2.339707314968109131e-01 3.785321861505508423e-02 -2.530969381332397461e-01 -9.991621375083923340e-01 3.852496743202209473e-01 -9.720149636268615723e-01 -8.732462525367736816e-01 -9.983518123626708984e-01 4.425339698791503906e-01 -6.327660679817199707e-01 7.013117522001266479e-02 5.659835338592529297e-01 -3.135480582714080811e-01 1.813403964042663574e-01 6.443018317222595215e-01 4.372504353523254395e-01 9.759740233421325684e-01 3.529208004474639893e-01 -3.975510299205780029e-01 1.468973159790039062e-01 9.262744188308715820e-01 -8.168843388557434082e-01 3.142554759979248047e-01 -9.887608885765075684e-01 5.856593847274780273e-01 8.966785669326782227e-01 9.929706454277038574e-01 9.134507179260253906e-01 9.958282113075256348e-01 -9.964948296546936035e-01 -4.051395654678344727e-01 4.530516862869262695e-01 9.023568034172058105e-01 3.037365972995758057e-01 -1.871844977140426636e-01 6.453164815902709961e-01 -5.589247941970825195e-01 -7.522476315498352051e-01 3.980443179607391357e-01 -9.852001667022705078e-01 9.778282642364501953e-01 6.303753703832626343e-02 2.914486527442932129e-01 5.551428794860839844e-01 4.111981987953186035e-01 5.265791416168212891e-01 -9.262149780988693237e-02 -8.568429946899414062e-01 -6.921853423118591309e-01 -4.373683929443359375e-01 -3.109901249408721924e-01 -1.850025802850723267e-01 -9.998497366905212402e-01 -6.795482635498046875e-01 -9.782323241233825684e-01 1.554405242204666138e-01 -3.437931239604949951e-01 8.622957020998001099e-02 5.699026584625244141e-01 4.685937464237213135e-01 9.987452030181884766e-01 -9.966106414794921875e-01 2.382697463035583496e-01 -1.325163692235946655e-01 1.970450133085250854e-01 3.999927341938018799e-01 -8.089321851730346680e-01 3.224786221981048584e-01 8.794600963592529297e-01 5.508322119712829590e-01 -1.815260499715805054e-01 -6.417196393013000488e-01 -9.393591284751892090e-01
5.774436593055725098e-01 7.677968740463256836e-01 5.294478498399257660e-03 6.525509357452392578e-01 -2.500306963920593262e-01 5.969947576522827148e-01 8.578471541404724121e-01 -9.936226010322570801e-01 -1.853778660297393799e-01 -7.445737719535827637e-01 1.354112662374973297e-02 -8.661181926727294922e-01 3.995080590248107910e-01 -9.031369686126708984e-01 5.046784877777099609e-01 5.078232288360595703e-01 5.337688326835632324e-02 3.114699721336364746e-01 -7.077770233154296875e-01 -2.422979921102523804e-01 6.302221417427062988e-01 1.186995059251785278e-01 5.721573829650878906e-01 7.163901329040527344e-01 9.423361420631408691e-01 9.982147812843322754e-01 2.904733829200267792e-02 -6.347294449806213379e-01 1.514393389225006104e-01 -9.194048047065734863e-01 9.187629818916320801e-01 1.805173456668853760e-01 4.301199018955230713e-01 6.022331863641738892e-02 -9.963333010673522949e-01 -2.761250436305999756e-01 -3.537689149379730225e-01 8.979212492704391479e-03 9.671019911766052246e-01 -4.249276816844940186e-01 1.143799498677253723e-01 -4.213787242770195007e-02 4.769194722175598145e-01 -9.971389174461364746e-01 8.984819054603576660e-02 3.092543482780456543e-01 -9.378641247749328613e-01 2.401349246501922607e-01 6.542918682098388672e-01 -4.225508570671081543e-01 9.533678889274597168e-01 -6.041403114795684814e-02 9.982097744941711426e-01 -7.040332257747650146e-02 -8.789725899696350098e-01 2.894426286220550537e-01 -4.240225255489349365e-02 -2.594253122806549072e-01 -9.996294975280761719e-01 -8.436434864997863770e-01 -4.500948190689086914e-01 -1.825169771909713745e-01 9.643698334693908691e-01 1.682881265878677368e-01 3.421323001384735107e-01 -9.085002541542053223e-01 8.727406263351440430e-01 -5.587459802627563477e-01 1.518751531839370728e-01 9.104588627815246582e-01 7.778059840202331543e-01 9.945972561836242676e-01 -9.233086109161376953e-01 -9.937129616737365723e-01 -8.631622195243835449e-01 1.005946025252342224e-01 2.619446441531181335e-02 4.310810267925262451e-01 3.802700936794281006e-01 -4.994401037693023682e-01 -2.951244413852691650e-01 -3.232480883598327637e-01 9.997224211692810059e-01 4.965621605515480042e-02 -4.723642468452453613e-01 -9.955880641937255859e-01 1.957946121692657471e-01 1.951511949300765991e-01 -3.097136020660400391e-01 1.993603855371475220e-01 -3.248868584632873535e-01 -2.997167408466339111e-01 5.887295603752136230e-01 -8.958408832550048828e-01 -9.803038239479064941e-01 8.763827681541442871e-01 9.888382554054260254e-01 8.416704833507537842e-02 -9.779952764511108398e-01 -4.429899752140045166e-01 5.530148744583129883e-01 -3.547179102897644043e-01 7.104123830795288086e-01 -1.432895846664905548e-02 -1.932758986949920654e-01 -2.926454544067382812e-01 9.950756430625915527e-01 5.663561224937438965e-01 -4.825934767723083496e-01 -6.403904557228088379e-01 -6.650064140558242798e-03 1.522847265005111694e-01 9.701868891716003418e-01 -4.420370757579803467e-01 -3.573651909828186035e-01 1.864048838615417480e-01 -9.649477005004882812e-01 1.245918869972229004e-01 1.620404720306396484e-01 5.464461445808410645e-01 -9.743704795837402344e-01 -2.144692689180374146e-01 -7.824262976646423340e-01 9.971295595169067383e-01 -5.025845766067504883e-01 2.130990028381347656e-01 -9.992020130157470703e-01 -2.877912521362304688e-01 -6.639404296875000000e-01 -4.787735342979431152e-01 9.773560762405395508e-01 4.625495076179504395e-01 8.840194940567016602e-01 1.798266917467117310e-01 7.705240249633789062e-01 -9.889329075813293457e-01 9.942332506179809570e-01 -7.124504446983337402e-01 2.105288356542587280e-01 -1.690549105405807495e-01 9.999324083328247070e-01 2.415439337491989136e-01 -3.802307546138763428e-01 8.931469917297363281e-01 -4.712945967912673950e-02 9.137796163558959961e-01 -7.026647925376892090e-01 9.715256690979003906e-01 -4.882757067680358887e-01 -1.555129438638687134e-01 -3.353948891162872314e-01 -2.309435904026031494e-01 3.787662386894226074e-01 -5.756361484527587891e-01 1.775937825441360474e-01 -4.815012514591217041e-01 7.978873848915100098e-01 -7.965134978294372559e-01 -1.834462732076644897e-01 2.049018740653991699e-01 -6.791195832192897797e-03 5.306883454322814941e-01 1.177993863821029663e-01 -7.075225114822387695e-01 9.999507665634155273e-01 -6.771069765090942383e-02 -2.295524328947067261e-01 -3.776999711990356445e-01 9.973383545875549316e-01 3.110588788986206055e-01 -4.200402274727821350e-02 -9.357927441596984863e-01 -8.034416437149047852e-01 8.833182454109191895e-01 -2.632093727588653564e-01 1.438419073820114136e-01 -9.555931687355041504e-01 -2.401008158922195435e-01 9.896901249885559082e-01 9.987794160842895508e-01 9.824458360671997070e-01 -5.360362529754638672e-01 9.295763373374938965e-01 2.472521960735321045e-01 9.132418632507324219e-01 -3.588356375694274902e-01 4.256418049335479736e-01 -7.687830179929733276e-02 3.396660089492797852e-01 9.970236420631408691e-01 2.715108394622802734e-01 -9.734932184219360352e-01 -9.561530351638793945e-01 -1.354167163372039795e-01 8.643570542335510254e-01 -9.588386863470077515e-02 -9.813372492790222168e-01 -1.619612239301204681e-02 7.126500010490417480e-01 2.761472016572952271e-02 -8.534717559814453125e-02 -4.515338540077209473e-01 -7.220249176025390625e-01 5.623345375061035156e-01 -2.591533064842224121e-01 9.389708638191223145e-01 1.306152902543544769e-02 9.969257116317749023e-01 9.961091279983520508e-01 1.684949845075607300e-01 -9.924564957618713379e-01 -2.446590662002563477e-01 -6.239440757781267166e-03 4.367503821849822998e-01 4.689509868621826172e-01 -9.508216381072998047e-01 7.469455897808074951e-02 7.839275002479553223e-01 -8.828522562980651855e-01 2.991204261779785156e-01 -4.734416604042053223e-01 -1.230863183736801147e-01 -7.702382802963256836e-01 6.912055015563964844e-01 -9.685184359550476074e-01 8.347023725509643555e-01 -6.594144701957702637e-01 -8.522521704435348511e-02 -9.547670483589172363e-01 6.541914343833923340e-01 -3.456259518861770630e-02 1.080045402050018311e-01 -3.257614970207214355e-01 5.644607543945312500e-01 7.531729936599731445e-01 5.057520866394042969e-01 -6.708657741546630859e-01 -2.823953330516815186e-01 2.125418931245803833e-02 3.305296227335929871e-02 6.534023880958557129e-01 9.999695420265197754e-01 8.170136213302612305e-01 7.098699808120727539e-01 3.215180337429046631e-01 6.401559114456176758e-01 9.920732975006103516e-01 2.216224074363708496e-01 6.124723553657531738e-01 1.895388513803482056e-01 9.718559682369232178e-02 -1.400094926357269287e-01 -3.339651525020599365e-01 1.409070938825607300e-01 9.873076081275939941e-01 -1.852383911609649658e-01 -6.736040115356445312e-01 -9.771639704704284668e-01 -6.722861528396606445e-01 -3.586982488632202148e-01 1.345444023609161377e-01 -9.985660910606384277e-01 4.757569730281829834e-02 -6.175861358642578125e-01 -1.626966870389878750e-03 9.735933542251586914e-01 9.539431929588317871e-01 -9.943045973777770996e-01 -1.976634003221988678e-02 -7.092595845460891724e-02 9.984370470046997070e-01 -3.106552176177501678e-02 -9.701002836227416992e-01 9.995163679122924805e-01 -3.315642774105072021e-01 -9.938799738883972168e-01 9.790765643119812012e-01 2.577163875102996826e-01 9.849572181701660156e-01 2.280225604772567749e-01 -8.880810141563415527e-01 -9.335119128227233887e-01 6.867483258247375488e-01 9.821673035621643066e-01 -3.928755223751068115e-02 7.865639775991439819e-02 2.635876089334487915e-02 4.043501019477844238e-01 -9.953908324241638184e-01 -9.997884631156921387e-01 -8.254931569099426270e-01 3.167215287685394287e-01 2.536905109882354736e-01 -1.214791163802146912e-01 6.750711202621459961e-01 -9.971696138381958008e-01 -1.371031850576400757e-01 9.923443198204040527e-01 -4.127655178308486938e-02 9.948243498802185059e-01 9.980055689811706543e-01 -9.967100620269775391e-01 9.057998061180114746e-01 9.632041454315185547e-01 -2.748750746250152588e-01 -4.281360507011413574e-01 -1.424773186445236206e-01 9.991019368171691895e-01 9.141397476196289062e-01 1.295487284660339355e-01 8.897610008716583252e-02 8.579424619674682617e-01 1.947344392538070679e-01 9.938263893127441406e-01 9.731307029724121094e-01 -5.447365641593933105e-01 -1.141820847988128662e-01 1.337884813547134399e-01 1.550538986921310425e-01 9.967039823532104492e-01 2.865843176841735840e-01 -5.801727175712585449e-01 -3.637858629226684570e-01 -5.868216753005981445e-01 -2.846737802028656006e-01 -7.513623237609863281e-01 -8.951210975646972656e-01 2.882919907569885254e-01 6.289265155792236328e-01 9.759271740913391113e-01 9.939444661140441895e-01 1.926519274711608887e-01 -1.070446241647005081e-02 3.939400613307952881e-01 4.464612528681755066e-02 4.813773036003112793e-01 5.485768914222717285e-01 -9.312062859535217285e-01 -2.417185157537460327e-01 5.990264415740966797e-01 9.972211122512817383e-01 8.928507566452026367e-02 -3.347903192043304443e-01 9.708354473114013672e-01 -9.931482076644897461e-01 8.016569018363952637e-01 -5.704997777938842773e-01 9.996634125709533691e-01 -2.886291220784187317e-02 1.811886280775070190e-01 2.832616865634918213e-01 -2.239417470991611481e-02 9.819470047950744629e-01 -3.378061950206756592e-01 -8.725895881652832031e-01 9.911512583494186401e-02 -6.145662069320678711e-01 -1.160073950886726379e-01 -5.059451460838317871e-01 2.343020029366016388e-02 -9.990928769111633301e-01 9.184584617614746094e-01 -4.646676182746887207e-01 2.027399539947509766e-01 3.928110003471374512e-01 -9.815707206726074219e-01 8.940198421478271484e-01 7.613826990127563477e-01 -1.017191037535667419e-01 4.813692569732666016e-01 -1.347425580024719238e-01 9.066718220710754395e-01 -6.760846376419067383e-01 1.037025228142738342e-01 6.720249056816101074e-01 -9.935412406921386719e-01 4.350365996360778809e-01 3.217871487140655518e-01 -8.966793864965438843e-02 1.817374378442764282e-01 4.063071906566619873e-01 1.789197325706481934e-01 -9.894104003906250000e-01 -1.163980811834335327e-01 9.925046563148498535e-01 -9.071428179740905762e-01 6.900875568389892578e-01 -1.486339271068572998e-01 7.837893068790435791e-02 -3.488900363445281982e-01 -2.854650616645812988e-01 9.974691867828369141e-01 -9.996662735939025879e-01 -3.755621314048767090e-01 -1.384104043245315552e-01 -4.404739737510681152e-01 2.684225440025329590e-01 -6.977621316909790039e-01 9.942265152931213379e-01 1.805910915136337280e-01 9.380682557821273804e-02 -7.929660081863403320e-01 -7.675658464431762695e-01 -3.243208229541778564e-01 5.929234623908996582e-01 -9.976250529289245605e-01 8.496122956275939941e-01 -3.009123206138610840e-01 3.371504843235015869e-01 -9.911738634109497070e-01 -8.203174471855163574e-01 -5.656118392944335938e-01 -9.879693388938903809e-01 4.025854170322418213e-02 -1.439440548419952393e-01 3.318081498146057129e-01 4.489817023277282715e-01 -5.657923221588134766e-01 -8.229388594627380371e-01 -9.995876550674438477e-01 -1.615326702594757080e-01 -1.878060847520828247e-01 5.728242397308349609e-01 9.584932327270507812e-01 3.138692080974578857e-01 -9.875394105911254883e-01 -5.421128123998641968e-02 7.708053570240736008e-03 -3.607592731714248657e-02 1.349028944969177246e-01 3.234981298446655273e-01 -9.995265603065490723e-01 3.235006034374237061e-01 -9.998552799224853516e-01 -9.865452051162719727e-01 -1.805333071388304234e-03 -1.728346645832061768e-01 8.151029348373413086e-01 -1.460092514753341675e-01 -3.577394485473632812e-01 -1.038417443633079529e-01 -9.760141372680664062e-01 -9.793030023574829102e-01 3.216410875320434570e-01 -9.992693662643432617e-01 -9.969087839126586914e-01 -9.869658350944519043e-01 7.127090096473693848e-01 -7.629507780075073242e-01 -4.024799168109893799e-01 3.431720733642578125e-01 1.036171391606330872e-01 -5.495365709066390991e-02 9.768546819686889648e-01 5.935443639755249023e-01 7.924676537513732910e-01 2.507536411285400391e-01 1.530696600675582886e-01 -2.146951705217361450e-01 9.963031411170959473e-01 8.466548323631286621e-01 6.523069739341735840e-01 -9.994642734527587891e-01 5.582900643348693848e-01 -4.872415959835052490e-01 9.980461597442626953e-01 6.979300379753112793e-01 8.562325835227966309e-01 -9.170556068420410156e-01 -2.718241810798645020e-01 6.655697226524353027e-01 9.924896359443664551e-01 -4.874058663845062256e-01 3.287465870380401611e-01 4.829720854759216309e-01 -9.993988275527954102e-01 -9.978786110877990723e-01 3.431329503655433655e-02 -9.375898241996765137e-01 9.752736687660217285e-01 -9.555385261774063110e-02 1.862547844648361206e-01 5.786506533622741699e-01 1.755129098892211914e-01 8.977477997541427612e-02 -9.921340942382812500e-01 -6.537352204322814941e-01 -4.946550726890563965e-01 -7.643300294876098633e-01 -3.778689801692962646e-01 -4.018237590789794922e-01 -9.999943375587463379e-01 -9.029241800308227539e-01 -9.044993519783020020e-01 -6.738552451133728027e-02 -3.038105666637420654e-01 1.393080689013004303e-03 4.453910887241363525e-01 1.288820058107376099e-01 9.992857575416564941e-01 -9.981347918510437012e-01 -1.437535434961318970e-01 1.304784119129180908e-01 2.826157957315444946e-02 2.956925630569458008e-01 -8.895546197891235352e-01 -1.592798531055450439e-01 -2.587720155715942383e-01 2.341920137405395508e-01 -1.270766258239746094e-01 -2.729254364967346191e-01 -9.713261127471923828e-01
3.993830084800720215e-01 8.988930583000183105e-01 -1.285184323787689209e-01 1.759075969457626343e-01 -2.936819195747375488e-01 -9.096599221229553223e-01 9.985161423683166504e-01 -9.948112368583679199e-01 -6.507293879985809326e-02 -8.937128782272338867e-01 2.553164064884185791e-01 -3.999271988868713379e-01 6.406161189079284668e-01 -8.891474604606628418e-01 -9.131943583488464355e-01 -2.362170219421386719e-01 -2.581477761268615723e-01 1.054086461663246155e-01 -5.224131345748901367e-01 8.002444356679916382e-02 3.628929257392883301e-01 6.032247841358184814e-02 8.614816069602966309e-01 -7.448324561119079590e-01 9.996128082275390625e-01 9.699037671089172363e-01 -2.145128548145294189e-01 3.759354352951049805e-02 2.263370454311370850e-01 9.986271262168884277e-01 9.163500666618347168e-01 1.525922715663909912e-01 3.552384674549102783e-01 3.370564281940460205e-01 -3.255776762962341309e-01 -5.251769423484802246e-01 -4.098957180976867676e-01 -1.108098328113555908e-01 9.767500758171081543e-01 -1.079742386937141418e-01 2.586230039596557617e-01 -1.890623420476913452e-01 2.200572043657302856e-01 -9.772192239761352539e-01 -1.523621827363967896e-01 9.926885366439819336e-01 -8.331208229064941406e-01 -3.579721450805664062e-01 9.972439408302307129e-01 -3.244737088680267334e-01 8.758567571640014648e-01 -2.940973043441772461e-01 9.860251545906066895e-01 2.325054854154586792e-01 8.878567814826965332e-02 4.585245251655578613e-02 -1.001133397221565247e-02 -2.735852003097534180e-01 -9.996678829193115234e-01 -1.818762868642807007e-01 8.072143793106079102e-02 3.627781271934509277e-01 7.309095859527587891e-01 -2.236823737621307373e-01 -1.145003065466880798e-01 -9.598466753959655762e-01 9.986476898193359375e-01 7.699761390686035156e-01 1.021522562950849533e-03 9.816457629203796387e-01 8.491092920303344727e-01 9.998715519905090332e-01 -5.705148577690124512e-01 -7.900316715240478516e-01 -7.452136278152465820e-01 -7.015953063964843750e-01 3.390319645404815674e-01 -4.667913615703582764e-01 2.968806028366088867e-01 -1.906645298004150391e-01 -8.962520956993103027e-01 1.883184723556041718e-02 9.950748085975646973e-01 -2.463078349828720093e-01 9.985673427581787109e-01 8.457148075103759766e-01 3.067707419395446777e-01 1.766391694545745850e-01 -1.965264678001403809e-01 2.211639583110809326e-01 -9.954804778099060059e-01 -1.478017121553421021e-01 4.349330961704254150e-01 -8.361278772354125977e-01 -4.504455327987670898e-01 9.161381125450134277e-01 9.778549075126647949e-01 3.410335183143615723e-01 -9.972375631332397461e-01 -2.802777290344238281e-02 -9.982188940048217773e-01 -9.868730902671813965e-01 7.736858129501342773e-01 3.199262917041778564e-01 2.613498270511627197e-01 -3.085910901427268982e-02 9.943383932113647461e-01 4.116016030311584473e-01 -1.192174553871154785e-01 3.398760557174682617e-01 -8.625282789580523968e-04 3.453746736049652100e-01 -8.412113785743713379e-01 -9.987698197364807129e-01 -2.653260529041290283e-01 3.057337701320648193e-01 -8.393459320068359375e-01 6.876890063285827637e-01 -3.745058476924896240e-01 9.977141022682189941e-01 -7.406453490257263184e-01 1.334383487701416016e-01 -9.952177405357360840e-01 9.918440580368041992e-01 -1.976608932018280029e-01 -1.546226143836975098e-01 -4.435641169548034668e-01 -2.047291547060012817e-01 -2.763138711452484131e-01 -3.627130389213562012e-01 7.180147767066955566e-01 8.769175410270690918e-01 7.430579662322998047e-01 4.160543382167816162e-01 4.393922165036201477e-02 6.137360334396362305e-01 9.801689386367797852e-01 -9.989889264106750488e-01 -9.603377580642700195e-01 1.542043834924697876e-01 9.998769164085388184e-01 1.692123562097549438e-01 -5.434455350041389465e-03 9.883319139480590820e-01 4.944229871034622192e-02 3.757626116275787354e-01 -8.309463262557983398e-01 9.762790203094482422e-01 9.129823446273803711e-01 -2.237479388713836670e-01 -4.130619764328002930e-01 1.142567247152328491e-01 9.203585386276245117e-01 -3.543889224529266357e-01 -7.458817958831787109e-02 -1.966246813535690308e-01 -9.968820810317993164e-01 9.217599034309387207e-01 -3.159692883491516113e-02 5.328166484832763672e-01 -1.111984923481941223e-01 2.171559780836105347e-01 2.547949850559234619e-01 -5.336320400238037109e-01 9.999778866767883301e-01 -3.497211933135986328e-01 -2.572056949138641357e-01 -4.519553482532501221e-01 9.914255738258361816e-01 6.402485370635986328e-01 4.022061824798583984e-01 -7.455039620399475098e-01 -9.826669096946716309e-01 -9.983617067337036133e-01 1.217333078384399414e-01 -1.007576063275337219e-01 8.899757862091064453e-01 -4.827677085995674133e-02 9.993490576744079590e-01 9.366797208786010742e-01 5.272844433784484863e-01 1.670629717409610748e-02 9.945320487022399902e-01 -9.848679304122924805e-01 7.750957608222961426e-01 -9.997408986091613770e-01 -9.830843210220336914e-01 2.634029090404510498e-01 6.346045136451721191e-01 8.894690275192260742e-01 9.966866970062255859e-01 -9.854739308357238770e-01 2.617364227771759033e-01 6.079551950097084045e-02 9.919314980506896973e-01 7.812306284904479980e-05 -8.723076581954956055e-01 -9.986990094184875488e-01 -4.304340481758117676e-01 -1.786005496978759766e-02 1.406875103712081909e-01 -6.524797081947326660e-01 4.830208420753479004e-01 -1.176469698548316956e-01 2.083798497915267944e-01 -1.889882087707519531e-01 2.833867073059082031e-01 4.625417888164520264e-01 8.631774783134460449e-01 -3.737527430057525635e-01 -9.413219243288040161e-02 -4.819832444190979004e-01 -1.426914185285568237e-01 2.320282012224197388e-01 9.958124756813049316e-01 -3.267269432544708252e-01 8.114204406738281250e-01 9.847871065139770508e-01 9.987816810607910156e-01 2.241746187210083008e-01 -7.649744153022766113e-01 2.174937725067138672e-02 -6.419329047203063965e-01 5.150685906410217285e-01 -9.063637256622314453e-01 7.726851105690002441e-01 -9.984146356582641602e-01 -4.278872311115264893e-01 -4.863361716270446777e-01 9.912852048873901367e-01 2.716817855834960938e-01 1.874891221523284912e-01 -1.638611108064651489e-01 4.736662209033966064e-01 9.986757040023803711e-01 3.335985839366912842e-01 2.246208935976028442e-01 -2.934591174125671387e-01 4.031780362129211426e-01 -5.649801343679428101e-02 9.704924821853637695e-01 9.999827742576599121e-01 -9.252529144287109375e-01 9.789848923683166504e-01 9.972317814826965332e-01 3.865852579474449158e-02 9.723199605941772461e-01 2.813426852226257324e-01 -4.809110164642333984e-01 -2.499370872974395752e-01 4.449365139007568359e-01 1.757187545299530029e-01 -3.310709893703460693e-01 1.449967771768569946e-01 9.997740387916564941e-01 -4.010309576988220215e-01 -2.496289759874343872e-01 -9.969094991683959961e-01 -3.885749578475952148e-01 4.445312023162841797e-01 -2.710171937942504883e-01 -3.033883571624755859e-01 3.274254798889160156e-01 -9.904083013534545898e-01 1.584867686033248901e-01 9.438419938087463379e-01 9.985301494598388672e-01 -9.585715532302856445e-01 2.553795278072357178e-01 -3.483522832393646240e-01 9.694100618362426758e-01 -3.860447704792022705e-01 -1.798889935016632080e-01 9.994261860847473145e-01 -3.640460371971130371e-01 -6.744676232337951660e-01 2.692158520221710205e-01 3.150382936000823975e-01 4.333676099777221680e-01 2.504903376102447510e-01 -9.666152000427246094e-01 -9.646354317665100098e-01 9.637791514396667480e-01 9.979917407035827637e-01 9.916846752166748047e-01 -3.671481609344482422e-01 2.273478209972381592e-01 -1.662709265947341919e-01 -9.995819330215454102e-01 -9.981352090835571289e-01 -8.777944445610046387e-01 5.149944424629211426e-01 -2.253094166517257690e-01 -6.779257059097290039e-01 9.975700378417968750e-01 -9.668215513229370117e-01 -1.082002893090248108e-01 9.206193685531616211e-01 -4.860348254442214966e-02 9.982141256332397461e-01 9.914144277572631836e-01 -9.894112348556518555e-01 -7.705067396163940430e-01 9.729123711585998535e-01 -2.246311455965042114e-01 8.121567368507385254e-01 1.853202730417251587e-01 9.829084873199462891e-01 -2.229146361351013184e-01 6.345112621784210205e-02 -9.635459631681442261e-02 -9.557722210884094238e-01 1.574709266424179077e-02 8.733889460563659668e-01 9.677082300186157227e-01 -2.630657255649566650e-01 -1.604757010936737061e-01 3.702278435230255127e-02 4.535140097141265869e-01 9.994568824768066406e-01 3.907183408737182617e-01 -8.709938526153564453e-01 -2.854095995426177979e-01 2.412991039454936981e-02 -8.727396279573440552e-02 -2.656610906124114990e-01 -9.158073067665100098e-01 9.392174333333969116e-02 -9.989609718322753906e-01 -9.588618576526641846e-02 9.686603546142578125e-01 -7.981728762388229370e-02 1.061111614108085632e-01 -2.954018712043762207e-01 2.085698395967483521e-01 1.215054541826248169e-01 -1.908281445503234863e-01 -7.726881504058837891e-01 -9.838286042213439941e-01 -1.006317064166069031e-01 9.851722717285156250e-01 2.405017465353012085e-01 -2.289157509803771973e-01 9.874791502952575684e-01 -7.750372290611267090e-01 -2.300850301980972290e-01 9.665771126747131348e-01 9.997084736824035645e-01 1.302778124809265137e-01 7.318702936172485352e-01 5.537026524543762207e-01 5.710906162858009338e-02 -2.826088368892669678e-01 -4.973293468356132507e-02 9.988468289375305176e-01 -9.245666116476058960e-02 8.820091485977172852e-01 -1.860213726758956909e-01 -1.622908115386962891e-01 4.026241973042488098e-02 -8.732879757881164551e-01 -9.979686737060546875e-01 -2.700488865375518799e-01 -2.818418443202972412e-01 -2.651163190603256226e-02 -8.219991326332092285e-01 -9.988302588462829590e-01 -1.656853109598159790e-01 2.723918557167053223e-01 3.366702795028686523e-01 7.810782641172409058e-03 9.827405810356140137e-01 -4.372535943984985352e-01 2.725099325180053711e-01 -9.403533339500427246e-01 -9.990597963333129883e-01 3.857178688049316406e-01 2.861724793910980225e-01 2.549220435321331024e-02 5.571039509959518909e-04 3.104040026664733887e-01 2.490479052066802979e-01 -9.748498797416687012e-01 1.451633870601654053e-01 9.991311430931091309e-01 8.759973049163818359e-01 5.758236050605773926e-01 5.745857488363981247e-03 9.613875746726989746e-01 -1.286935657262802124e-01 -2.859577834606170654e-01 -9.496791362762451172e-01 -9.995321035385131836e-01 -2.689315080642700195e-01 -8.026715368032455444e-03 -1.549139022827148438e-01 -2.127884477376937866e-01 -5.875825285911560059e-01 9.998282790184020996e-01 -2.237909734249114990e-01 -6.526558846235275269e-02 3.481298089027404785e-01 9.846289157867431641e-01 -3.712626695632934570e-01 7.885490059852600098e-01 -9.625609517097473145e-01 -9.976269602775573730e-01 -1.739694476127624512e-01 2.023016363382339478e-01 -9.904600381851196289e-01 4.727457165718078613e-01 9.983364939689636230e-01 -9.988322854042053223e-01 -1.209037080407142639e-01 -5.112774968147277832e-01 -8.625403046607971191e-02 9.600550681352615356e-02 -5.356433987617492676e-01 3.108184933662414551e-01 4.707120656967163086e-01 6.201000511646270752e-02 8.443648219108581543e-01 2.621851861476898193e-01 9.891896247863769531e-01 3.451320827007293701e-01 -9.810675382614135742e-01 9.704046696424484253e-02 1.990188807249069214e-01 -1.056816354393959045e-01 -3.487282395362854004e-01 4.136044979095458984e-01 -9.847306609153747559e-01 9.530552625656127930e-01 -9.998453259468078613e-01 -9.704198837280273438e-01 4.874500632286071777e-01 -9.320203661918640137e-01 -9.799314141273498535e-01 4.256075024604797363e-01 -7.085361331701278687e-02 2.367289969697594643e-03 -9.908721446990966797e-01 -9.909306764602661133e-01 -1.065663471817970276e-01 -8.157160282135009766e-01 -8.815332651138305664e-01 -9.977722167968750000e-01 2.998800277709960938e-01 -3.276070952415466309e-01 1.194653138518333435e-01 4.353035092353820801e-01 4.388295114040374756e-03 4.841041564941406250e-02 -2.609998583793640137e-01 3.020344078540802002e-01 9.180701375007629395e-01 4.776104688644409180e-01 -1.777577400207519531e-01 4.430264607071876526e-02 9.881359338760375977e-01 -8.402925729751586914e-01 6.239145249128341675e-02 -9.933341145515441895e-01 -9.127433411777019501e-03 9.985156655311584473e-01 9.978103637695312500e-01 7.997107505798339844e-01 9.864513278007507324e-01 -9.995748996734619141e-01 -1.402773857116699219e-01 4.123750030994415283e-01 -8.601539731025695801e-01 9.589387774467468262e-01 1.784314867109060287e-03 4.789155423641204834e-01 -9.468927383422851562e-01 -8.456563353538513184e-01 3.720986843109130859e-01 -9.925174713134765625e-01 9.007347822189331055e-01 -9.207265079021453857e-02 2.260950803756713867e-01 1.915254145860671997e-01 2.387511283159255981e-01 4.901125133037567139e-01 -9.514281749725341797e-01 -9.830262660980224609e-01 -4.192183613777160645e-01 1.601959168910980225e-01 -1.970676630735397339e-01 -2.985926270484924316e-01 -9.999995231628417969e-01 8.731653094291687012e-01 -3.170534968376159668e-01 1.963378041982650757e-01 -1.925297826528549194e-01 -1.893069595098495483e-01 1.384025961160659790e-01 -9.301825165748596191e-01 9.991077184677124023e-01 -8.189069628715515137e-01 2.060416489839553833e-01 3.253443539142608643e-01 -2.844118475914001465e-01 -8.015169762074947357e-03 -4.542258977890014648e-01 8.424969315528869629e-01 6.452932953834533691e-01 -2.750317007303237915e-02 1.282286345958709717e-01 -4.269292652606964111e-01 -6.263718008995056152e-01
8.491362333297729492e-01 9.876264929771423340e-01 3.131714165210723877e-01 1.860997378826141357e-01 -5.217871665954589844e-01 -3.932017982006072998e-01 9.987462759017944336e-01 -9.832942485809326172e-01 -2.397657632827758789e-01 -8.720302581787109375e-01 1.865188330411911011e-01 -1.405937075614929199e-01 -2.506634593009948730e-01 -9.522964358329772949e-01 -7.314691692590713501e-02 -1.529503762722015381e-01 -3.932081758975982666e-01 -6.233283504843711853e-02 -5.450084209442138672e-01 3.536373376846313477e-01 1.299116760492324829e-01 9.709675610065460205e-02 8.058379292488098145e-01 3.515576943755149841e-02 9.866001605987548828e-01 9.886344671249389648e-01 -3.374617174267768860e-02 -1.815052777528762817e-01 1.601816564798355103e-01 9.157289266586303711e-01 6.573875546455383301e-01 1.076499894261360168e-01 2.040937989950180054e-01 3.669959008693695068e-01 -9.263575673103332520e-01 -1.914167255163192749e-01 -5.311978459358215332e-01 -1.322140544652938843e-01 9.763852357864379883e-01 -2.277261614799499512e-01 -8.658133447170257568e-02 -3.561660647392272949e-02 3.511823117733001709e-01 -9.897583127021789551e-01 1.694652736186981201e-01 8.424082994461059570e-01 -9.753353595733642578e-01 -1.887190192937850952e-01 9.404954314231872559e-01 -1.192551106214523315e-02 7.619171738624572754e-01 -3.116947710514068604e-01 9.978129863739013672e-01 -1.331642270088195801e-01 -5.171279907226562500e-01 5.929006636142730713e-02 5.123466253280639648e-02 -3.758117258548736572e-01 -9.995595812797546387e-01 -9.955806136131286621e-01 1.080477014183998108e-01 9.820175170898437500e-02 6.992028951644897461e-01 -1.246486045420169830e-02 -8.921702951192855835e-02 -9.656407237052917480e-01 9.871091842651367188e-01 -7.162287365645170212e-03 2.269972264766693115e-01 9.946380257606506348e-01 9.974033236503601074e-01 9.997003674507141113e-01 -7.777699828147888184e-01 -9.628453254699707031e-01 -7.932925820350646973e-01 -3.459470570087432861e-01 1.179267913103103638e-01 2.460914701223373413e-01 -2.749952375888824463e-01 -4.724636971950531006e-01 -9.599283933639526367e-01 -3.671156009659171104e-03 9.973973035812377930e-01 -6.667994260787963867e-01 9.603625535964965820e-01 -4.561725556850433350e-01 4.741721600294113159e-02 4.683429598808288574e-01 -1.202424913644790649e-01 -2.462210357189178467e-01 -9.663609862327575684e-01 -2.031156271696090698e-01 3.510641455650329590e-01 -9.565728902816772461e-01 -8.001882433891296387e-01 9.973444938659667969e-01 8.835418224334716797e-01 2.844189405441284180e-01 -9.769114851951599121e-01 2.487645670771598816e-02 -8.623849749565124512e-01 -9.601755738258361816e-01 9.382191896438598633e-01 4.000599086284637451e-01 3.411295115947723389e-01 -8.367366343736648560e-02 9.616829752922058105e-01 1.629567146301269531e-01 -2.751848399639129639e-01 1.551073323935270309e-02 -7.648012787103652954e-02 3.136284053325653076e-01 -7.513805627822875977e-01 -9.832259416580200195e-01 -1.004848163574934006e-02 5.440016388893127441e-01 -8.402133584022521973e-01 5.930483937263488770e-01 -4.084772467613220215e-01 9.445713162422180176e-01 -9.854670763015747070e-01 -1.648922823369503021e-02 -9.897736907005310059e-01 9.969851374626159668e-01 -6.053070425987243652e-01 5.290373414754867554e-02 -9.399365186691284180e-01 -2.833843827247619629e-01 -7.537380605936050415e-02 -2.789921462535858154e-01 9.869431257247924805e-01 9.960767626762390137e-01 9.585870504379272461e-01 1.191376149654388428e-01 3.091551661491394043e-01 7.066208124160766602e-01 9.957701563835144043e-01 -9.918763041496276855e-01 -9.283320307731628418e-01 2.980033755302429199e-01 9.937856793403625488e-01 6.757792830467224121e-02 -1.078069731593132019e-01 9.706479907035827637e-01 -2.984113395214080811e-01 6.531226038932800293e-01 -9.898271560668945312e-01 9.745136499404907227e-01 1.789514422416687012e-01 -3.221175074577331543e-02 -3.891012966632843018e-01 1.231344789266586304e-01 8.235216140747070312e-01 -4.387129843235015869e-01 -1.481743007898330688e-01 -1.472910791635513306e-01 -7.430872321128845215e-01 7.723855972290039062e-01 -5.926064681261777878e-03 2.265197485685348511e-01 -2.280834615230560303e-01 4.060627520084381104e-02 9.608130156993865967e-02 -4.636496305465698242e-01 9.999649524688720703e-01 1.150028035044670105e-01 -5.242541804909706116e-02 -3.272462189197540283e-01 7.425429821014404297e-01 -4.316118359565734863e-01 4.453132748603820801e-01 -9.420796632766723633e-01 -9.778944849967956543e-01 -8.766635060310363770e-01 1.408147364854812622e-01 4.397322982549667358e-02 -3.101560659706592560e-02 1.999370008707046509e-01 9.949017167091369629e-01 8.362528681755065918e-01 9.065856337547302246e-01 -3.166399896144866943e-01 9.887951016426086426e-01 -5.734581947326660156e-01 4.840557277202606201e-01 -9.981232881546020508e-01 -9.689949750900268555e-01 -8.221441507339477539e-01 3.999042809009552002e-01 9.799461960792541504e-01 9.586247801780700684e-01 -8.494561910629272461e-01 -6.661431193351745605e-01 1.346412450075149536e-01 9.916499853134155273e-01 -1.890087127685546875e-01 -9.913947582244873047e-01 -9.756473898887634277e-01 4.334726929664611816e-01 1.644128859043121338e-01 7.108759135007858276e-02 -4.388692080974578857e-01 -6.308118104934692383e-01 -2.502678036689758301e-01 1.978820413351058960e-01 4.795709252357482910e-01 -1.460391879081726074e-01 4.641861021518707275e-01 9.880398511886596680e-01 -3.437011539936065674e-01 -8.359978199005126953e-01 9.554215669631958008e-01 2.098401188850402832e-01 2.053361982107162476e-01 9.834330677986145020e-01 -7.079091072082519531e-01 -9.174990057945251465e-01 9.174488782882690430e-01 9.244962334632873535e-01 1.610956490039825439e-01 -4.659708142280578613e-01 -2.248639017343521118e-01 -9.876364469528198242e-01 5.654164552688598633e-01 -3.451841473579406738e-01 9.608903527259826660e-01 -9.847295880317687988e-01 -2.010013759136199951e-01 -8.310763835906982422e-01 9.750764369964599609e-01 4.922132194042205811e-01 -1.539594400674104691e-02 -4.243086278438568115e-01 3.662186861038208008e-01 9.784762263298034668e-01 2.782083153724670410e-01 6.528564095497131348e-01 -2.009142339229583740e-01 -1.798543706536293030e-02 1.114865541458129883e-01 9.704417586326599121e-01 9.999973177909851074e-01 -7.360127568244934082e-01 9.737357497215270996e-01 9.101145863533020020e-01 3.335081338882446289e-01 9.799009561538696289e-01 1.805056631565093994e-01 9.441758394241333008e-01 -6.886661052703857422e-02 4.630893841385841370e-02 1.378953754901885986e-01 -4.916470348834991455e-01 2.717761993408203125e-01 9.975622892379760742e-01 -2.609540522098541260e-01 -3.697132170200347900e-01 -9.871201515197753906e-01 -5.371866822242736816e-01 -2.326493412256240845e-01 -3.975122869014739990e-01 -7.861289978027343750e-01 9.854728728532791138e-02 -9.688147306442260742e-01 3.564203158020973206e-02 9.938763976097106934e-01 9.934005737304687500e-01 -9.953941106796264648e-01 2.769054174423217773e-01 -1.884202659130096436e-01 9.994639754295349121e-01 -1.905495524406433105e-01 5.251039266586303711e-01 9.994516968727111816e-01 -4.370691776275634766e-01 -9.754560589790344238e-01 7.957429289817810059e-01 6.291217803955078125e-01 8.227478861808776855e-01 -6.285396963357925415e-02 -9.932528138160705566e-01 -9.814590215682983398e-01 4.798453152179718018e-01 9.990148544311523438e-01 9.854301214218139648e-01 -2.924427986145019531e-01 5.341381579637527466e-02 2.504313364624977112e-02 -9.955121278762817383e-01 -9.867578148841857910e-01 -8.151738047599792480e-01 3.671436011791229248e-01 -4.158591851592063904e-02 5.263934135437011719e-01 9.702996015548706055e-01 -9.993451237678527832e-01 -2.682705223560333252e-01 6.724289059638977051e-01 -8.981768786907196045e-02 9.977452158927917480e-01 9.972704648971557617e-01 -9.974035024642944336e-01 -4.206298887729644775e-01 9.924827218055725098e-01 1.876987330615520477e-02 6.168875694274902344e-01 3.183635175228118896e-01 9.861470460891723633e-01 -8.662514090538024902e-01 2.946766912937164307e-01 -2.404542267322540283e-01 2.036637216806411743e-01 2.663361728191375732e-01 9.721090793609619141e-01 8.655553460121154785e-01 -1.592320948839187622e-01 -1.510363966226577759e-01 1.730645447969436646e-01 3.732018172740936279e-01 9.955723285675048828e-01 2.381863147020339966e-01 -9.894791245460510254e-01 -3.192119002342224121e-01 -4.882283508777618408e-02 -2.755489647388458252e-01 -2.223108895123004913e-02 -8.891503810882568359e-01 3.647453710436820984e-02 -9.629892110824584961e-01 -2.939951717853546143e-01 9.609379172325134277e-01 -1.009806692600250244e-01 -1.993704214692115784e-02 5.521869659423828125e-01 -8.702500164508819580e-02 -1.189826428890228271e-01 -2.311187386512756348e-01 -8.526674509048461914e-01 -8.351275920867919922e-01 1.641649380326271057e-02 9.981719255447387695e-01 1.331794410943984985e-01 -3.058620691299438477e-01 9.861722588539123535e-01 2.852553725242614746e-01 9.476171135902404785e-01 8.581957221031188965e-01 9.994213581085205078e-01 -8.523663133382797241e-02 6.397117972373962402e-01 4.360721409320831299e-01 4.711480811238288879e-03 8.974173069000244141e-01 -1.612295061349868774e-01 9.338676929473876953e-01 -2.435428202152252197e-01 8.412203192710876465e-01 -4.388757050037384033e-01 -7.089849561452865601e-02 -3.460962697863578796e-02 -6.295713186264038086e-01 -8.864236474037170410e-01 -1.252427995204925537e-01 8.258405327796936035e-02 -4.339680820703506470e-02 -9.449078440666198730e-01 -9.216665625572204590e-01 7.812918629497289658e-04 2.149704098701477051e-01 2.366226017475128174e-01 1.940487474203109741e-01 9.723371863365173340e-01 -2.783350646495819092e-01 1.232775300741195679e-01 -3.298986852169036865e-01 -9.982302188873291016e-01 -3.953777998685836792e-02 1.515722125768661499e-01 -1.346564441919326782e-01 -9.171203523874282837e-02 7.521292567253112793e-01 7.641196250915527344e-02 -9.970473647117614746e-01 3.126319646835327148e-01 9.703618884086608887e-01 9.803916215896606445e-01 4.502976238727569580e-01 -1.218150332570075989e-01 8.267511129379272461e-01 1.962266676127910614e-02 -1.993832141160964966e-01 -9.486712813377380371e-01 -9.993880391120910645e-01 -2.951240539550781250e-01 -5.691068712621927261e-03 -2.239395827054977417e-01 1.478786859661340714e-02 -1.787620037794113159e-01 9.992952942848205566e-01 1.302810311317443848e-01 -2.803547978401184082e-01 -9.353927373886108398e-01 6.390102505683898926e-01 -2.405262142419815063e-01 2.764277458190917969e-01 -9.486109018325805664e-01 -7.536992430686950684e-01 -1.585811376571655273e-01 -1.727078109979629517e-01 -9.983860850334167480e-01 9.710439443588256836e-01 9.925273060798645020e-01 -9.977145195007324219e-01 -5.081650242209434509e-02 -9.595205783843994141e-01 3.132587969303131104e-01 -1.775543391704559326e-02 -9.202951788902282715e-01 -3.283450603485107422e-01 -6.188271641731262207e-01 -2.276566810905933380e-02 9.895328283309936523e-01 2.331647574901580811e-01 9.878519177436828613e-01 3.562908768653869629e-01 -9.731810092926025391e-01 2.716418206691741943e-01 1.107745617628097534e-01 1.718008667230606079e-01 4.211194068193435669e-02 4.437692165374755859e-01 -9.957272410392761230e-01 7.342183589935302734e-01 -9.976111650466918945e-01 -8.042508959770202637e-01 2.540545538067817688e-03 -9.332094788551330566e-01 -7.303884625434875488e-01 2.897213101387023926e-01 -3.080973029136657715e-01 2.623412609100341797e-01 -9.967439174652099609e-01 -9.045259356498718262e-01 1.776062101125717163e-01 -9.356156587600708008e-01 -9.726901650428771973e-01 -9.965927004814147949e-01 6.710371971130371094e-01 1.156683713197708130e-01 1.751916259527206421e-01 -1.876642461866140366e-03 -1.096021533012390137e-01 -1.055778190493583679e-01 -7.498752474784851074e-01 -7.349144667387008667e-02 9.883551597595214844e-01 2.752253115177154541e-01 5.640517175197601318e-02 -6.313358899205923080e-03 9.873993396759033203e-01 4.026371538639068604e-01 2.250375747680664062e-01 -9.991680383682250977e-01 3.350626230239868164e-01 9.546450376510620117e-01 9.985864758491516113e-01 3.248791396617889404e-01 9.948984384536743164e-01 -9.998680353164672852e-01 -4.131959974765777588e-01 3.075906336307525635e-01 -9.104170799255371094e-01 8.734914660453796387e-01 -3.369406163692474365e-01 4.367820918560028076e-01 -9.883834719657897949e-01 -4.239330589771270752e-01 2.014189064502716064e-01 -9.889422655105590820e-01 9.914998412132263184e-01 -8.114624023437500000e-02 -1.517901420593261719e-01 3.351869583129882812e-01 3.936598002910614014e-01 5.112898349761962891e-01 -9.393099546432495117e-01 -8.888750076293945312e-01 2.164650708436965942e-03 -3.943740725517272949e-01 1.031311750411987305e-01 2.909157238900661469e-02 -9.999989271163940430e-01 -9.234269857406616211e-01 -1.837970763444900513e-01 4.886455237865447998e-01 -2.062821984291076660e-01 -3.197788596153259277e-01 1.903741657733917236e-01 8.459193110466003418e-01 9.994478821754455566e-01 -9.324071407318115234e-01 7.828650623559951782e-02 2.361197322607040405e-01 -1.605852097272872925e-01 -1.416914761066436768e-01 -9.689909815788269043e-01 5.283918976783752441e-01 2.103511244058609009e-01 2.545599341392517090e-01 4.187126085162162781e-02 -6.106054782867431641e-01 -8.452123403549194336e-01
-4.013089463114738464e-02 7.948672771453857422e-01 8.723567426204681396e-02 1.512100268155336380e-02 -3.553224205970764160e-01 -9.449443221092224121e-01 9.984547495841979980e-01 -9.864745736122131348e-01 3.575041592121124268e-01 -5.264892578125000000e-01 -5.563247948884963989e-02 -9.181541800498962402e-01 -6.223661899566650391e-01 -8.784300088882446289e-01 -3.707320392131805420e-01 2.363622421398758888e-03 -3.996955454349517822e-01 -3.425910770893096924e-01 1.280059069395065308e-01 -7.401014119386672974e-02 -1.556000411510467529e-01 2.536758482456207275e-01 9.866458773612976074e-01 4.015447497367858887e-01 9.949901103973388672e-01 9.960497021675109863e-01 -2.496007680892944336e-01 5.429615080356597900e-02 1.439632028341293335e-01 9.860881567001342773e-01 7.611707448959350586e-01 -1.464597135782241821e-01 2.571721076965332031e-01 1.112159565091133118e-01 -8.112093210220336914e-01 -2.545658648014068604e-01 -1.200348138809204102e-01 -2.311471104621887207e-01 7.797933816909790039e-01 -4.246909022331237793e-01 4.201953411102294922e-01 -1.578027606010437012e-01 -8.473826944828033447e-02 -9.967525601387023926e-01 -1.008355170488357544e-01 5.203429460525512695e-01 4.996541440486907959e-01 -4.834808111190795898e-01 9.433711767196655273e-01 -4.528772085905075073e-02 8.446362614631652832e-01 -2.762128114700317383e-01 9.743208289146423340e-01 -6.885787099599838257e-02 1.383820474147796631e-01 2.860831320285797119e-01 6.556950975209474564e-03 -3.235971033573150635e-01 -9.999966025352478027e-01 -9.210236668586730957e-01 -3.889865577220916748e-01 4.028259962797164917e-02 9.292569160461425781e-01 2.739552222192287445e-02 -7.592197507619857788e-02 -9.943454861640930176e-01 9.884052276611328125e-01 7.638484835624694824e-01 1.667775399982929230e-02 6.588007211685180664e-01 9.374904632568359375e-01 9.995717406272888184e-01 -8.491087555885314941e-01 -9.769417047500610352e-01 -9.810620546340942383e-01 -2.167219072580337524e-01 2.378808259963989258e-01 5.612802505493164062e-01 -5.014333873987197876e-02 8.163347840309143066e-02 -9.889898896217346191e-01 -6.265404075384140015e-02 9.981678128242492676e-01 -1.668785661458969116e-01 9.837134480476379395e-01 -6.095547676086425781e-01 -3.169783055782318115e-01 3.186560869216918945e-01 2.350205183029174805e-01 -2.017164081335067749e-01 -9.851800799369812012e-01 -1.221945136785507202e-01 5.369654297828674316e-01 -9.736643433570861816e-01 -9.836367964744567871e-01 9.722827672958374023e-01 9.829036593437194824e-01 -1.745557487010955811e-01 -9.986687302589416504e-01 -4.995503127574920654e-01 -9.201492667198181152e-01 -8.140981793403625488e-01 7.255784273147583008e-01 -1.008619368076324463e-01 5.693012475967407227e-01 5.435298681259155273e-01 9.990070462226867676e-01 3.670252561569213867e-01 2.701342105865478516e-01 9.350744485855102539e-01 -2.340160608291625977e-01 5.412015318870544434e-01 -6.229330301284790039e-01 -9.921605587005615234e-01 -4.587783515453338623e-01 2.196303308010101318e-01 -8.700407743453979492e-01 8.864530324935913086e-01 -6.395655125379562378e-02 9.956560134887695312e-01 -9.544535279273986816e-01 3.075237274169921875e-01 -9.536975026130676270e-01 9.969524741172790527e-01 2.185756266117095947e-01 2.521380186080932617e-01 -8.460943102836608887e-01 -3.205953240394592285e-01 -1.198309361934661865e-01 -5.253350734710693359e-01 8.923434615135192871e-01 6.688776612281799316e-01 9.412207007408142090e-01 -5.098057910799980164e-02 1.756774634122848511e-01 -8.122746348381042480e-01 9.762098193168640137e-01 -9.939644932746887207e-01 -9.786417484283447266e-01 3.404976427555084229e-01 9.998514652252197266e-01 1.298298537731170654e-01 -4.390424117445945740e-02 9.930834770202636719e-01 -1.267803609371185303e-01 8.448556661605834961e-01 -8.711956143379211426e-01 5.479269623756408691e-01 7.319375872611999512e-01 -9.132057428359985352e-02 -4.565571546554565430e-01 1.411930024623870850e-01 8.861451745033264160e-01 -3.535442948341369629e-01 -7.564833760261535645e-02 -2.108394652605056763e-01 -9.513596296310424805e-01 3.564844727516174316e-01 -3.456666469573974609e-01 1.407176405191421509e-01 -2.710384130477905273e-01 9.203752875328063965e-02 1.797831952571868896e-01 -3.269406557083129883e-01 9.999719858169555664e-01 -2.446870505809783936e-01 -2.242540270090103149e-01 1.741406470537185669e-01 9.157938361167907715e-01 5.326430201530456543e-01 3.666432797908782959e-01 -4.783691763877868652e-01 -9.984252452850341797e-01 -9.856945276260375977e-01 2.825878858566284180e-01 -9.893871098756790161e-02 2.186349183320999146e-01 -5.482463836669921875e-01 9.765961170196533203e-01 9.955419301986694336e-01 8.794292211532592773e-01 4.113531410694122314e-01 9.952415227890014648e-01 -9.084848761558532715e-01 9.246734976768493652e-01 -9.925167560577392578e-01 -9.646491408348083496e-01 7.501391768455505371e-01 5.033085346221923828e-01 9.538931846618652344e-01 9.781814813613891602e-01 -9.962312579154968262e-01 -9.117018580436706543e-01 4.216355681419372559e-01 9.902502894401550293e-01 -9.466449916362762451e-02 -9.957531690597534180e-01 -9.939072728157043457e-01 -4.278134405612945557e-01 4.188046157360076904e-01 1.581252217292785645e-01 -1.757747083902359009e-01 -1.054556369781494141e-01 -1.137184873223304749e-01 1.915948241949081421e-01 3.110424280166625977e-01 3.881219327449798584e-01 9.467657804489135742e-01 9.946715831756591797e-01 -3.574674725532531738e-01 -1.603617370128631592e-01 7.271345853805541992e-01 -2.980819940567016602e-01 -2.721811830997467041e-02 9.902454614639282227e-01 -8.344470262527465820e-01 3.468907773494720459e-01 8.296113610267639160e-01 9.860225319862365723e-01 1.944497227668762207e-02 -8.828663825988769531e-01 -1.020989343523979187e-01 -7.459756135940551758e-01 4.116886556148529053e-01 -9.965424537658691406e-01 9.332075715065002441e-01 -9.883678555488586426e-01 -3.357277214527130127e-01 -9.621437191963195801e-01 9.898377060890197754e-01 -1.283534616231918335e-01 3.854452669620513916e-01 5.663201212882995605e-01 6.557277590036392212e-02 9.567967653274536133e-01 1.770156770944595337e-01 5.902886986732482910e-01 -6.440690159797668457e-01 3.473873436450958252e-01 -2.731574475765228271e-01 9.810122251510620117e-01 9.999961853027343750e-01 -8.656094074249267578e-01 7.055862545967102051e-01 9.764713644981384277e-01 4.734289273619651794e-02 8.335622549057006836e-01 -2.440108358860015869e-01 8.205140233039855957e-01 -2.732331752777099609e-01 3.523084223270416260e-01 7.086060941219329834e-02 -8.741579949855804443e-02 1.155214682221412659e-01 9.947028756141662598e-01 -4.580752849578857422e-01 1.179558262228965759e-01 -9.936925768852233887e-01 -4.110877215862274170e-01 -3.035658001899719238e-01 -2.871636450290679932e-01 -9.929506182670593262e-01 -2.811208134517073631e-03 -8.512616157531738281e-01 7.089855521917343140e-02 9.953187108039855957e-01 9.808991551399230957e-01 -9.636325836181640625e-01 3.943472802639007568e-01 -3.687465786933898926e-01 9.845978021621704102e-01 -1.947518438100814819e-01 -7.218813896179199219e-01 9.999527335166931152e-01 -9.637463092803955078e-02 -9.936254620552062988e-01 9.787279963493347168e-01 -4.822250083088874817e-02 -3.489142358303070068e-01 -3.383782505989074707e-01 -9.835059642791748047e-01 -9.384850859642028809e-01 9.327268600463867188e-01 9.967873692512512207e-01 9.798490405082702637e-01 8.682749420404434204e-02 4.316728711128234863e-01 -5.581569075584411621e-01 -9.977985620498657227e-01 -9.988504648208618164e-01 -9.877341985702514648e-01 6.137772202491760254e-01 1.729382127523422241e-01 -1.284644752740859985e-01 9.967429637908935547e-01 -4.883512854576110840e-01 -7.868883758783340454e-02 8.380311131477355957e-01 9.558207541704177856e-02 9.586336016654968262e-01 9.588158130645751953e-01 -9.998969435691833496e-01 -2.677054703235626221e-01 9.308891296386718750e-01 9.607718326151371002e-03 8.014923334121704102e-01 4.045068100094795227e-02 9.905470609664916992e-01 -7.909290194511413574e-01 -1.043356209993362427e-01 1.744534261524677277e-02 -5.354351401329040527e-01 9.375669807195663452e-02 9.909071326255798340e-01 9.500333666801452637e-01 3.300395607948303223e-01 1.748695075511932373e-01 -2.959713339805603027e-01 3.016545176506042480e-01 9.999170899391174316e-01 -1.503358930349349976e-01 -9.031793475151062012e-01 -5.851248502731323242e-01 -9.276042580604553223e-01 -8.524929732084274292e-02 -2.551461160182952881e-01 -9.632970690727233887e-01 -1.049143597483634949e-01 -9.871612191200256348e-01 7.307466268539428711e-01 9.517374634742736816e-01 2.631348967552185059e-01 -1.232994273304939270e-01 4.919270575046539307e-01 2.509628534317016602e-01 1.056286022067070007e-01 -3.638837039470672607e-01 1.462826430797576904e-01 -9.031487107276916504e-01 3.198834061622619629e-01 9.964306354522705078e-01 -2.739035710692405701e-02 -7.743725925683975220e-02 9.065299630165100098e-01 -6.425841450691223145e-01 9.339017868041992188e-01 8.496436476707458496e-01 9.984328746795654297e-01 -9.230758994817733765e-02 9.667386412620544434e-01 5.331496000289916992e-01 -4.037323594093322754e-01 8.206359148025512695e-01 3.008830845355987549e-01 9.871162176132202148e-01 6.441203504800796509e-02 6.059638857841491699e-01 -2.040731161832809448e-01 9.673164039850234985e-02 -1.824726313352584839e-01 -9.543656706809997559e-01 -9.792486429214477539e-01 -1.239577904343605042e-01 -7.316417694091796875e-01 7.067921012639999390e-02 -8.727508187294006348e-01 -9.857775568962097168e-01 -3.522004187107086182e-01 5.558048933744430542e-02 3.417720794677734375e-01 2.056643515825271606e-01 9.309929013252258301e-01 -2.189542204141616821e-01 5.922354385256767273e-02 -5.515080094337463379e-01 -9.998641610145568848e-01 3.742411136627197266e-01 2.478485554456710815e-01 -1.526952683925628662e-01 6.959997862577438354e-02 3.808942437171936035e-01 1.458141654729843140e-01 -9.184063673019409180e-01 -3.083624243736267090e-01 9.987165331840515137e-01 3.477996885776519775e-01 3.131629824638366699e-01 -7.546129077672958374e-02 7.933933138847351074e-01 -1.937473714351654053e-01 -1.006461828947067261e-01 -7.545681595802307129e-01 -9.999884366989135742e-01 -1.980935484170913696e-01 4.587641917169094086e-03 -1.136646717786788940e-01 1.367586404085159302e-01 -2.680236399173736572e-01 9.998065233230590820e-01 -1.988434046506881714e-01 -3.084907829761505127e-01 -4.054402112960815430e-01 8.478445410728454590e-01 -3.588153421878814697e-01 -1.771350950002670288e-01 -9.980060458183288574e-01 -9.644740819931030273e-01 -1.601653844118118286e-01 6.494385004043579102e-02 -9.989011883735656738e-01 4.626771807670593262e-01 9.787188768386840820e-01 -9.979233145713806152e-01 -6.178191900253295898e-01 -9.766188859939575195e-01 2.871971204876899719e-02 2.891590259969234467e-02 -7.273336052894592285e-01 -3.276589810848236084e-01 -9.201599359512329102e-01 -9.462646394968032837e-02 9.927777647972106934e-01 -1.923070996999740601e-01 9.794507026672363281e-01 3.644776046276092529e-01 -4.696893990039825439e-01 -1.697397381067276001e-01 9.333731234073638916e-02 -2.486041635274887085e-01 -4.763054475188255310e-02 -5.295407772064208984e-02 -9.997439384460449219e-01 9.915528297424316406e-01 -9.997657537460327148e-01 -7.431387901306152344e-01 5.671668052673339844e-01 -9.800190329551696777e-01 -8.562304377555847168e-01 8.728907443583011627e-03 2.221829146146774292e-01 1.341611593961715698e-01 -9.836546182632446289e-01 -9.998792409896850586e-01 -5.595558285713195801e-01 -9.976031780242919922e-01 -9.845790863037109375e-01 -9.980282783508300781e-01 -2.300790250301361084e-01 4.494616687297821045e-01 -2.122249901294708252e-01 3.627640604972839355e-01 1.210445612668991089e-01 8.923192322254180908e-02 8.051772713661193848e-01 2.750762039795517921e-03 9.902006983757019043e-01 4.358368515968322754e-01 -3.817172050476074219e-01 3.905479609966278076e-01 8.920973539352416992e-01 8.085966706275939941e-01 1.432471871376037598e-01 -9.875411391258239746e-01 -1.296642124652862549e-01 9.857574701309204102e-01 9.822580218315124512e-01 8.275632262229919434e-01 9.950519204139709473e-01 -9.997749924659729004e-01 2.313873767852783203e-01 1.387515515089035034e-01 -6.257324218750000000e-01 8.962270617485046387e-01 -1.822249144315719604e-01 5.142440795898437500e-01 -9.939889311790466309e-01 -9.807574748992919922e-01 4.104720950126647949e-01 -9.626560807228088379e-01 9.970153570175170898e-01 -4.008274376392364502e-01 -1.635619848966598511e-01 3.056899607181549072e-01 3.267282247543334961e-01 4.774616956710815430e-01 -9.926682710647583008e-01 -9.863106012344360352e-01 -4.492716193199157715e-01 -3.531804075464606285e-03 2.243085652589797974e-01 3.908523172140121460e-02 -9.999955296516418457e-01 -2.026586532592773438e-01 3.581513166427612305e-01 3.931559622287750244e-01 -8.591154217720031738e-02 1.441440358757972717e-02 4.681415855884552002e-02 2.866124510765075684e-01 9.990246891975402832e-01 -9.781045913696289062e-01 1.940755695104598999e-01 5.073512345552444458e-02 -4.262177646160125732e-02 6.656128913164138794e-02 -9.671564102172851562e-01 7.925614714622497559e-01 9.138465523719787598e-01 2.619604170322418213e-01 3.172585368156433105e-01 -4.269034564495086670e-01 -6.127533912658691406e-01
-7.705952525138854980e-01 5.394067764282226562e-01 1.360803544521331787e-01 4.079188704490661621e-01 -2.677967250347137451e-01 9.392440319061279297e-01 9.940533638000488281e-01 -8.932136297225952148e-01 1.773385554552078247e-01 -8.576065897941589355e-01 1.510856747627258301e-01 -9.166182875633239746e-01 9.336393475532531738e-01 -9.633011817932128906e-01 -8.784914016723632812e-01 2.444387376308441162e-01 1.720356345176696777e-01 -1.711110472679138184e-01 -4.963714182376861572e-01 -4.456003904342651367e-01 2.294893860816955566e-01 1.411555260419845581e-01 8.228708505630493164e-01 -4.687615633010864258e-01 9.990014433860778809e-01 9.861066341400146484e-01 -1.504694968461990356e-01 -3.035421669483184814e-01 1.949097067117691040e-01 9.738546609878540039e-01 9.545778036117553711e-01 2.419609278440475464e-01 1.320641636848449707e-01 -2.368461191654205322e-01 -8.516296148300170898e-01 -2.450144141912460327e-01 -5.036213397979736328e-01 -1.421960443258285522e-01 9.303618669509887695e-01 -4.030762314796447754e-01 9.424768388271331787e-02 -2.445232719182968140e-01 3.542560935020446777e-01 -9.699902534484863281e-01 2.527582049369812012e-01 8.596004247665405273e-01 -8.877649903297424316e-01 -8.718682825565338135e-02 6.030947566032409668e-01 -1.548248976469039917e-01 8.767272830009460449e-01 -2.781644463539123535e-01 9.769962430000305176e-01 -8.024136722087860107e-02 -3.556828200817108154e-01 3.931798934936523438e-01 -5.309635773301124573e-02 -1.258914619684219360e-01 -9.982476234436035156e-01 4.008328542113304138e-02 -2.446411401033401489e-01 2.280148304998874664e-02 9.259374141693115234e-01 -2.080478370189666748e-01 3.110303878784179688e-01 -9.999160766601562500e-01 2.009430974721908569e-01 7.427870631217956543e-01 -1.481157392263412476e-01 -4.890752732753753662e-01 9.852541685104370117e-01 8.875730037689208984e-01 -8.358108997344970703e-01 -9.017392992973327637e-01 -9.938921332359313965e-01 4.114639014005661011e-02 -2.800259888172149658e-01 4.497207105159759521e-01 -3.560279309749603271e-02 -2.639553546905517578e-01 -8.833181262016296387e-01 6.535406224429607391e-03 9.993520975112915039e-01 -5.080575942993164062e-01 9.643262028694152832e-01 -6.174162626266479492e-01 2.674387097358703613e-01 8.964847773313522339e-02 -2.788897752761840820e-01 1.284450143575668335e-01 -9.591781497001647949e-01 -4.898485541343688965e-01 3.027234077453613281e-01 -9.397172927856445312e-01 -9.395053386688232422e-01 -4.822284579277038574e-01 9.968602657318115234e-01 -3.892871364951133728e-02 -9.451135396957397461e-01 -3.098170757293701172e-01 1.502237915992736816e-01 -9.672221541404724121e-01 -2.876162528991699219e-01 5.253937095403671265e-03 -7.841067388653755188e-03 5.940790846943855286e-02 9.943639039993286133e-01 6.224116086959838867e-01 -1.392473131418228149e-01 -2.973961234092712402e-01 8.621577173471450806e-02 6.599181294441223145e-01 3.727484047412872314e-01 -9.731350541114807129e-01 -4.344015419483184814e-01 -1.432764064520597458e-02 -8.700877428054809570e-01 7.064703702926635742e-01 -6.917372345924377441e-02 9.980475902557373047e-01 -9.194025397300720215e-01 3.470784425735473633e-02 -8.826198577880859375e-01 9.868456721305847168e-01 -1.221292540431022644e-01 1.452301740646362305e-01 -3.433064222335815430e-01 -8.609090745449066162e-02 -5.048206448554992676e-01 -3.684237301349639893e-01 9.008445739746093750e-01 9.915896654129028320e-01 7.501962780952453613e-01 4.146255254745483398e-01 5.260576009750366211e-01 -9.579426050186157227e-01 9.636312127113342285e-01 -9.836602807044982910e-01 5.751675367355346680e-01 3.085358440876007080e-01 9.998974204063415527e-01 3.819504976272583008e-01 -4.584830403327941895e-01 6.735032200813293457e-01 -2.753566801548004150e-01 -1.097281500697135925e-01 -8.041949272155761719e-01 9.735731482505798340e-01 7.405160069465637207e-01 -1.961482316255569458e-02 -1.292509436607360840e-01 -3.080682158470153809e-01 9.531401991844177246e-01 -2.066520899534225464e-01 3.169609010219573975e-01 -4.021216928958892822e-01 -9.688703417778015137e-01 -3.872026205062866211e-01 1.747030578553676605e-02 -1.146316900849342346e-02 -9.909402579069137573e-02 7.892049103975296021e-02 -6.358052045106887817e-02 -4.205462634563446045e-01 9.997723102569580078e-01 -2.430499494075775146e-01 -4.164037108421325684e-02 -3.312085568904876709e-01 9.799690842628479004e-01 7.769311070442199707e-01 4.887088537216186523e-01 -7.758095264434814453e-01 -9.926950335502624512e-01 -9.790651798248291016e-01 5.175849795341491699e-01 1.657836735248565674e-01 4.130566418170928955e-01 -2.278076410293579102e-01 9.931642413139343262e-01 9.951165914535522461e-01 6.848359704017639160e-01 -3.150844871997833252e-01 9.995551109313964844e-01 -9.528172612190246582e-01 4.632103741168975830e-01 -8.901259303092956543e-01 -2.884525954723358154e-01 -8.732756972312927246e-01 4.573602080345153809e-01 6.044930219650268555e-01 8.386406898498535156e-01 -9.856764078140258789e-01 -9.154803752899169922e-01 4.118504524230957031e-01 9.576727747917175293e-01 4.724733531475067139e-02 -9.304748177528381348e-01 -9.839097857475280762e-01 -9.746957421302795410e-01 -9.238532930612564087e-02 2.137744128704071045e-01 -3.608207032084465027e-02 -2.696114592254161835e-02 6.792162358760833740e-02 -2.430871427059173584e-01 -7.890833020210266113e-01 -1.407633349299430847e-02 9.978292584419250488e-01 9.831390976905822754e-01 5.671398714184761047e-03 -6.300454586744308472e-02 -4.065943881869316101e-02 3.417072119191288948e-03 5.369337201118469238e-01 9.586958289146423340e-01 -9.835281372070312500e-01 9.197586774826049805e-01 4.663116335868835449e-01 9.606261849403381348e-01 -1.200595721602439880e-01 -3.495956361293792725e-01 -3.197881281375885010e-01 -3.341600298881530762e-02 3.836015164852142334e-01 -3.808481246232986450e-02 5.391048192977905273e-01 -9.800728559494018555e-01 7.654739171266555786e-02 -4.307971596717834473e-01 9.716318845748901367e-01 8.483672887086868286e-02 4.661272093653678894e-02 -2.908419072628021240e-01 4.579371809959411621e-01 9.485349655151367188e-01 4.614240527153015137e-01 5.105204582214355469e-01 -5.729310512542724609e-01 3.108616471290588379e-01 -2.277952134609222412e-01 6.730798482894897461e-01 9.998928904533386230e-01 -5.938528180122375488e-01 8.835985660552978516e-01 9.819657802581787109e-01 2.398400306701660156e-01 9.513047337532043457e-01 -6.470601260662078857e-02 -2.346989810466766357e-01 1.070676818490028381e-01 3.690022528171539307e-01 -2.527011334896087646e-01 -1.320444941520690918e-01 3.872722089290618896e-01 9.796903729438781738e-01 -3.139158487319946289e-01 -3.147039711475372314e-01 -9.886655211448669434e-01 2.391068637371063232e-02 9.796014428138732910e-01 2.149247676134109497e-01 -9.847857356071472168e-01 -4.230876564979553223e-01 -9.640105366706848145e-01 2.387966513633728027e-01 9.911805391311645508e-01 9.568271040916442871e-01 -9.926814436912536621e-01 1.222222447395324707e-01 -5.720164626836776733e-02 9.977916479110717773e-01 -1.550347805023193359e-01 -7.497886568307876587e-02 9.991112947463989258e-01 -5.961435437202453613e-01 -9.833073616027832031e-01 9.951677322387695312e-01 3.309476077556610107e-01 8.175558447837829590e-01 4.359159469604492188e-01 -9.956675767898559570e-01 -7.397952675819396973e-02 9.139905571937561035e-01 9.832586050033569336e-01 9.869562387466430664e-01 -2.563512623310089111e-01 -2.152888476848602295e-01 2.916633486747741699e-01 -9.975079894065856934e-01 -9.998208284378051758e-01 -9.897761344909667969e-01 2.579085230827331543e-01 3.468965291976928711e-01 7.830663323402404785e-01 9.521687030792236328e-01 -9.999457001686096191e-01 -4.381702095270156860e-02 9.070227742195129395e-01 2.436761558055877686e-01 8.448323011398315430e-01 9.943769574165344238e-01 -7.911360263824462891e-01 -2.163032442331314087e-01 8.213880062103271484e-01 -2.119501233100891113e-01 -3.701000707224011421e-03 4.258723258972167969e-01 9.993351101875305176e-01 5.013654828071594238e-01 1.153816282749176025e-01 1.742285937070846558e-01 4.400735497474670410e-01 2.388756275177001953e-01 9.976642727851867676e-01 9.506689906120300293e-01 -2.136055678129196167e-01 1.035958677530288696e-01 2.272059917449951172e-01 2.564654871821403503e-02 9.943091273307800293e-01 2.689136937260627747e-02 3.983298838138580322e-01 -4.007085561752319336e-01 -8.942037224769592285e-01 -1.277358382940292358e-01 -6.753759384155273438e-01 -4.919611513614654541e-01 5.887063741683959961e-01 -9.722646474838256836e-01 -3.992232978343963623e-01 9.988185763359069824e-01 1.485580652952194214e-01 2.273531556129455566e-01 -6.101781129837036133e-01 1.701888144016265869e-01 1.647178381681442261e-01 1.447939425706863403e-01 -8.046374917030334473e-01 -9.727456569671630859e-01 3.570173680782318115e-01 9.413752555847167969e-01 -3.253332376480102539e-01 -8.533614873886108398e-02 9.887695908546447754e-01 6.310735344886779785e-01 -9.768419265747070312e-01 7.148234248161315918e-01 9.996917247772216797e-01 -1.055867150425910950e-01 8.883140087127685547e-01 5.607864856719970703e-01 -7.709982804954051971e-03 8.783934116363525391e-01 -1.777635365724563599e-01 9.707728028297424316e-01 -8.821313828229904175e-02 8.154329657554626465e-01 1.859219521284103394e-01 -3.781621158123016357e-01 -9.499905258417129517e-02 -9.993340969085693359e-01 -9.678744673728942871e-01 -2.758184373378753662e-01 1.005498766899108887e-01 1.390852183103561401e-01 -9.889721274375915527e-01 -9.697935581207275391e-01 2.979312241077423096e-01 1.406244039535522461e-01 5.517084598541259766e-01 -2.448975741863250732e-01 9.577243924140930176e-01 -3.737598061561584473e-01 4.876437783241271973e-01 -1.805927455425262451e-01 -9.967653751373291016e-01 1.678279489278793335e-01 2.751289904117584229e-01 -4.490929841995239258e-01 1.913974247872829437e-02 7.502703666687011719e-01 -2.413971722126007080e-01 -8.949350118637084961e-01 -1.633428186178207397e-01 9.959059357643127441e-01 9.661512374877929688e-01 4.633311331272125244e-01 -3.112621605396270752e-01 9.182047843933105469e-01 -1.717370003461837769e-01 -2.232477366924285889e-01 9.943668246269226074e-01 -9.993863105773925781e-01 -4.267840385437011719e-01 -4.463391751050949097e-02 -3.147560060024261475e-01 -2.674697339534759521e-01 -6.755181550979614258e-01 9.983522295951843262e-01 6.241257116198539734e-02 -8.903770148754119873e-02 5.702602490782737732e-02 9.643837809562683105e-01 -4.159491062164306641e-01 9.521796107292175293e-01 -9.904955029487609863e-01 -9.688139557838439941e-01 -2.227875739336013794e-01 7.031419128179550171e-02 -9.755388498306274414e-01 -9.947092533111572266e-01 3.083282709121704102e-01 -9.993320703506469727e-01 -2.062582038342952728e-02 -3.260222077369689941e-01 1.830228567123413086e-01 1.896458417177200317e-01 4.309277236461639404e-01 -5.304543972015380859e-01 -9.914114475250244141e-01 -5.118725299835205078e-01 8.094620704650878906e-01 8.815092034637928009e-03 9.792640209197998047e-01 2.367336899042129517e-01 -9.918236732482910156e-01 -1.248528212308883667e-01 8.323270827531814575e-02 2.179708778858184814e-01 1.164967417716979980e-01 1.691377758979797363e-01 -9.970067143440246582e-01 9.007117748260498047e-01 -9.975420832633972168e-01 -9.198239445686340332e-01 3.018817007541656494e-01 -9.434180855751037598e-01 -7.343631386756896973e-01 -1.749390512704849243e-01 -1.714136004447937012e-01 -1.185178458690643311e-01 -8.793515563011169434e-01 -9.924260377883911133e-01 3.268948197364807129e-01 -9.739855527877807617e-01 -9.883975386619567871e-01 -9.952502250671386719e-01 1.986312866210937500e-01 -3.901260495185852051e-01 -1.394224315881729126e-01 4.203651845455169678e-01 -1.426217108964920044e-01 -3.148148059844970703e-01 9.086052775382995605e-01 3.949518203735351562e-01 9.578542709350585938e-01 3.379906117916107178e-01 1.512957923114299774e-02 -1.702296733856201172e-01 9.963785409927368164e-01 -9.323835968971252441e-01 2.780371308326721191e-01 -9.825325012207031250e-01 2.911465466022491455e-01 9.650331139564514160e-01 9.916408061981201172e-01 9.824157357215881348e-01 9.666753411293029785e-01 -9.868229031562805176e-01 -2.304078936576843262e-01 4.044054150581359863e-01 8.268477320671081543e-01 7.142340540885925293e-01 3.171780407428741455e-01 3.628328740596771240e-01 -9.844192862510681152e-01 -9.157084822654724121e-01 1.374182254076004028e-01 -9.883216619491577148e-01 9.817461371421813965e-01 -2.063399702310562134e-01 4.295213222503662109e-01 4.700932800769805908e-01 8.920506574213504791e-03 -1.706929206848144531e-01 -3.928001224994659424e-01 -8.799651265144348145e-01 -3.887548148632049561e-01 -2.322016209363937378e-01 2.275201231241226196e-01 -4.190122485160827637e-01 -9.999848008155822754e-01 -9.294725656509399414e-01 -8.537557125091552734e-01 1.042420491576194763e-01 -2.772146761417388916e-01 -1.732911318540573120e-01 2.251410484313964844e-01 2.619660198688507080e-01 9.993140697479248047e-01 -9.969177842140197754e-01 3.178872466087341309e-01 4.464449733495712280e-02 1.637293100357055664e-01 2.457987219095230103e-01 -9.052866101264953613e-01 7.640233039855957031e-01 9.511292576789855957e-01 5.092940926551818848e-01 -9.494101628661155701e-03 -2.963723540306091309e-01 -6.952155828475952148e-01
-9.716833829879760742e-01 7.073958516120910645e-01 3.564428687095642090e-01 4.980416893959045410e-01 -8.029160499572753906e-01 -9.449416399002075195e-01 9.989669919013977051e-01 -9.386134147644042969e-01 -4.893704876303672791e-02 -4.529393315315246582e-01 1.682585030794143677e-01 -9.256307482719421387e-01 9.677960276603698730e-01 -9.719013571739196777e-01 -9.933959245681762695e-01 1.789412200450897217e-01 1.056930646300315857e-01 2.586027979850769043e-02 -5.085269212722778320e-01 1.597850769758224487e-02 3.287419378757476807e-01 -8.874591439962387085e-02 9.330478906631469727e-01 -9.899234771728515625e-01 9.996548891067504883e-01 9.664244055747985840e-01 -4.032561182975769043e-02 -3.099708557128906250e-01 5.539884790778160095e-02 9.998012781143188477e-01 9.388352036476135254e-01 -1.513168364763259888e-01 2.568505108356475830e-01 1.884838342666625977e-01 6.504945755004882812e-01 -3.924621939659118652e-01 -4.367618560791015625e-01 -3.147734999656677246e-01 9.591537117958068848e-01 -4.031326472759246826e-01 -3.498990237712860107e-01 -1.094624549150466919e-01 2.010905593633651733e-01 -9.880108833312988281e-01 3.935567438602447510e-01 9.816048741340637207e-01 -8.104962110519409180e-01 -2.356936037540435791e-01 7.226108312606811523e-01 -2.442482858896255493e-01 9.423241019248962402e-01 -1.339415311813354492e-01 9.898909926414489746e-01 -4.024421572685241699e-01 2.774626910686492920e-01 2.943172752857208252e-01 2.117498815059661865e-01 -1.591295748949050903e-01 -9.303398132324218750e-01 9.978607296943664551e-01 4.588956385850906372e-02 2.204173654317855835e-01 4.854756593704223633e-01 -1.566221863031387329e-01 4.176395237445831299e-01 -9.855552911758422852e-01 9.930031895637512207e-01 9.606550335884094238e-01 -1.725031137466430664e-01 9.943049550056457520e-01 9.767434597015380859e-01 9.886299967765808105e-01 4.754069447517395020e-01 -9.992341399192810059e-01 -7.715325951576232910e-01 8.212162554264068604e-02 1.567396521568298340e-01 1.296125203371047974e-01 5.348792672157287598e-02 -4.078657031059265137e-01 -7.513664960861206055e-01 -8.447433263063430786e-02 9.991546273231506348e-01 -9.663721323013305664e-01 9.994842410087585449e-01 -2.648495733737945557e-01 3.128688335418701172e-01 2.576981484889984131e-01 -1.935324221849441528e-01 -9.280254691839218140e-02 -9.972761273384094238e-01 -3.116637170314788818e-01 5.792151093482971191e-01 -9.930641651153564453e-01 -4.802802503108978271e-01 8.579103350639343262e-01 9.854429364204406738e-01 1.302061229944229126e-02 -9.778615832328796387e-01 -5.556885600090026855e-01 -4.979056119918823242e-01 -9.224032759666442871e-01 7.779824733734130859e-01 -4.303455650806427002e-01 3.127630352973937988e-01 -1.085100173950195312e-01 9.808058738708496094e-01 5.502619743347167969e-01 -6.794140338897705078e-01 8.468331694602966309e-01 -1.412173807621002197e-01 7.642964124679565430e-01 -9.655727744102478027e-01 -9.987705349922180176e-01 -3.341569304466247559e-01 3.240345716476440430e-01 -2.225796133279800415e-01 9.790366888046264648e-01 3.278662636876106262e-02 9.987863302230834961e-01 -9.138491153717041016e-01 -1.305190771818161011e-01 -9.896875619888305664e-01 9.849986433982849121e-01 -3.754945099353790283e-01 1.167825832962989807e-01 -9.657073616981506348e-01 -4.810849726200103760e-01 -7.012040019035339355e-01 -3.199222385883331299e-01 8.537542223930358887e-01 9.967694282531738281e-01 -7.070120573043823242e-01 2.561609447002410889e-01 6.871184110641479492e-01 1.159957647323608398e-01 9.662687778472900391e-01 -9.985061883926391602e-01 -7.493748515844345093e-02 2.782394587993621826e-01 9.769163131713867188e-01 3.301350772380828857e-01 -4.581649601459503174e-01 9.971451759338378906e-01 8.414353430271148682e-02 -6.330855488777160645e-01 -9.860574007034301758e-01 3.983965218067169189e-01 9.943122863769531250e-01 -1.174393072724342346e-01 -5.287786722183227539e-01 1.908728778362274170e-01 9.887483119964599609e-01 -5.344457626342773438e-01 3.113628625869750977e-01 -7.278898954391479492e-01 -9.995115995407104492e-01 -6.851743459701538086e-01 -4.883578792214393616e-02 3.225042819976806641e-01 -5.750333666801452637e-01 3.660698831081390381e-01 -9.571743756532669067e-02 -7.775138616561889648e-01 9.993437528610229492e-01 -1.392854899168014526e-01 -4.572613537311553955e-01 -4.141077995300292969e-01 7.966438531875610352e-01 8.782564997673034668e-01 5.674567222595214844e-01 -8.394432663917541504e-01 -9.554491043090820312e-01 -9.997527003288269043e-01 8.020684123039245605e-01 4.066127538681030273e-01 7.888711690902709961e-01 -2.244016975164413452e-01 9.988114833831787109e-01 9.285232424736022949e-01 9.432047009468078613e-01 -3.570689558982849121e-01 9.755198955535888672e-01 -9.680985808372497559e-01 9.052679538726806641e-01 -9.898712635040283203e-01 -5.208539366722106934e-01 -3.946606814861297607e-01 7.535211443901062012e-01 5.874239802360534668e-01 7.756311297416687012e-01 -9.455589056015014648e-01 6.889371871948242188e-01 6.966459006071090698e-02 9.810917377471923828e-01 -3.696508705615997314e-01 -6.091766431927680969e-02 -9.995818138122558594e-01 -9.947485327720642090e-01 -8.743418008089065552e-02 -4.072763025760650635e-02 -2.915528118610382080e-01 9.531127810478210449e-01 2.057622075080871582e-01 1.243538334965705872e-01 -9.693723917007446289e-01 -2.880980372428894043e-01 7.485976219177246094e-01 9.713796973228454590e-01 -2.097499817609786987e-01 3.243579268455505371e-01 1.279966235160827637e-01 1.825865060091018677e-01 6.008760333061218262e-01 9.974386692047119141e-01 6.878372430801391602e-01 9.652420878410339355e-01 5.518272519111633301e-01 9.997078776359558105e-01 -3.836646303534507751e-02 -4.039864540100097656e-01 -3.903707861900329590e-02 -5.041904449462890625e-01 3.700966536998748779e-01 -2.213154137134552002e-01 9.941882491111755371e-01 -9.990252256393432617e-01 -2.420189231634140015e-01 5.490511059761047363e-01 9.962201118469238281e-01 1.523203551769256592e-01 -4.622608050704002380e-02 -3.993926942348480225e-01 6.978412270545959473e-01 9.931963682174682617e-01 2.438852339982986450e-01 5.137225389480590820e-01 -8.988461643457412720e-02 5.365361571311950684e-01 -2.253853082656860352e-01 8.612363934516906738e-01 9.989663958549499512e-01 -9.654133915901184082e-01 6.817941665649414062e-01 9.994451999664306641e-01 5.668279528617858887e-01 9.787017107009887695e-01 -1.439503580331802368e-01 -8.150342702865600586e-01 1.560391392558813095e-02 1.744248569011688232e-01 -3.335110247135162354e-01 -2.095638513565063477e-01 2.198192328214645386e-01 9.706704616546630859e-01 -1.505444198846817017e-01 -6.560233831405639648e-01 -9.989072680473327637e-01 6.218256354331970215e-01 5.531142354011535645e-01 1.079764962196350098e-01 -2.971616387367248535e-01 -3.822628557682037354e-01 -8.825957179069519043e-01 3.364494144916534424e-01 9.714760184288024902e-01 9.821004867553710938e-01 -9.990558624267578125e-01 1.190314665436744690e-01 -1.002781316637992859e-01 9.998161196708679199e-01 -1.218308731913566589e-01 -7.747420072555541992e-01 9.096493124961853027e-01 -6.853991746902465820e-01 -9.973354339599609375e-01 8.267636299133300781e-01 4.308652281761169434e-01 2.384953349828720093e-01 -1.869345158338546753e-01 -9.994996786117553711e-01 -7.517336606979370117e-01 8.797438144683837891e-01 8.861043453216552734e-01 9.961814284324645996e-01 -2.859470546245574951e-01 6.222011148929595947e-02 4.307162761688232422e-01 -9.983293414115905762e-01 -9.999116063117980957e-01 -9.962372779846191406e-01 5.107800364494323730e-01 1.659692674875259399e-01 1.239419728517532349e-01 9.942058324813842773e-01 -9.965286850929260254e-01 -3.121508359909057617e-01 9.623528122901916504e-01 -1.155964508652687073e-01 9.582200646400451660e-01 9.944237470626831055e-01 -9.624807238578796387e-01 -9.540861845016479492e-01 9.628301858901977539e-01 -4.564245641231536865e-01 4.712438210844993591e-02 2.862569689750671387e-01 9.865507483482360840e-01 4.984292685985565186e-01 2.960751652717590332e-01 -1.637687534093856812e-01 -4.723792076110839844e-01 3.827197253704071045e-01 9.962554574012756348e-01 -1.367225348949432373e-01 -5.038146972656250000e-01 4.587275981903076172e-01 2.994142472743988037e-01 5.250335335731506348e-01 7.884888052940368652e-01 2.080549299716949463e-02 -9.674747586250305176e-01 -3.970228135585784912e-01 -8.440104126930236816e-01 -1.114497333765029907e-01 -5.037275552749633789e-01 7.695683240890502930e-01 6.757133603096008301e-01 -9.997179508209228516e-01 -8.050876855850219727e-01 9.996138215065002441e-01 1.030669957399368286e-01 2.094676047563552856e-01 9.663137048482894897e-02 4.156651794910430908e-01 3.237675428390502930e-01 3.433284461498260498e-01 -9.926733374595642090e-01 -9.965658783912658691e-01 6.631667912006378174e-02 9.737777709960937500e-01 -1.414171904325485229e-01 -4.016614854335784912e-01 9.995163083076477051e-01 3.047994375228881836e-01 -8.805431127548217773e-01 9.776511192321777344e-01 9.990145564079284668e-01 -8.787812292575836182e-02 9.584800004959106445e-01 6.649246811866760254e-01 3.146570324897766113e-01 -6.954381465911865234e-01 -1.608463376760482788e-01 9.997624754905700684e-01 -1.638423651456832886e-02 9.721439480781555176e-01 -3.051947355270385742e-01 -3.907800316810607910e-01 -9.255395829677581787e-02 -9.933671355247497559e-01 -9.997301697731018066e-01 -4.361086487770080566e-01 1.956225037574768066e-01 8.367687463760375977e-02 -4.008072912693023682e-01 -9.998038411140441895e-01 1.013630405068397522e-01 1.409205496311187744e-01 3.391782343387603760e-01 -2.429627180099487305e-01 9.780231118202209473e-01 -4.970694780349731445e-01 1.595207601785659790e-01 -7.820271253585815430e-01 -9.993694424629211426e-01 2.776103019714355469e-01 3.068709969520568848e-01 -2.698650360107421875e-01 -2.175454944372177124e-01 8.133395910263061523e-01 2.540885806083679199e-01 -9.897370934486389160e-01 -1.141892075538635254e-01 9.962919950485229492e-01 9.921795725822448730e-01 8.009057044982910156e-01 -3.017590045928955078e-01 9.472721219062805176e-01 -3.161792829632759094e-02 -2.205615937709808350e-01 5.300720334053039551e-01 -9.192909598350524902e-01 3.247763514518737793e-01 -5.368925631046295166e-02 -2.623037397861480713e-01 -2.425494417548179626e-02 -7.876302003860473633e-01 9.961507916450500488e-01 -2.177166379988193512e-02 -2.627061903476715088e-01 6.989246010780334473e-01 9.987827539443969727e-01 -4.411921501159667969e-01 7.935055494308471680e-01 -9.197519421577453613e-01 -9.994782805442810059e-01 -4.251613318920135498e-01 1.297772526741027832e-01 -9.317882657051086426e-01 -9.984381794929504395e-01 8.120876550674438477e-01 -9.931035637855529785e-01 -1.681620925664901733e-01 6.439561843872070312e-01 1.249756291508674622e-01 4.090667963027954102e-01 8.612936735153198242e-01 -2.990100085735321045e-01 6.522443294525146484e-01 -5.766620635986328125e-01 9.546278119087219238e-01 3.358660042285919189e-01 9.978812932968139648e-01 3.556334078311920166e-01 -9.719784259796142578e-01 -1.344481110572814941e-01 7.136782258749008179e-02 3.070253729820251465e-01 1.838913001120090485e-02 3.448650538921356201e-01 -9.942180514335632324e-01 4.445414245128631592e-01 -9.951187372207641602e-01 -5.823995471000671387e-01 3.826112151145935059e-01 -9.671884179115295410e-01 -9.875901341438293457e-01 -5.312072113156318665e-02 -3.363908529281616211e-01 -1.932697147130966187e-01 -8.679022192955017090e-01 -9.913622736930847168e-01 5.564880371093750000e-01 -9.592387080192565918e-01 -9.685989618301391602e-01 -9.866928458213806152e-01 3.943043947219848633e-01 -4.075947403907775879e-01 -2.757638506591320038e-02 4.494540393352508545e-01 -5.317686125636100769e-02 1.857154816389083862e-01 5.389255285263061523e-01 4.639458954334259033e-01 9.860572218894958496e-01 2.650840580463409424e-01 -1.964592933654785156e-01 -2.310317754745483398e-02 9.769665598869323730e-01 -5.857328176498413086e-01 -2.293231710791587830e-02 -9.937913417816162109e-01 4.336055517196655273e-01 9.995796084403991699e-01 9.961031079292297363e-01 9.321127533912658691e-01 9.941143393516540527e-01 -9.825447797775268555e-01 -4.938042163848876953e-01 4.587292969226837158e-01 -7.520424127578735352e-01 9.814231395721435547e-01 -1.741733700037002563e-01 5.666632652282714844e-01 -9.213052988052368164e-01 5.139932036399841309e-01 -3.970738127827644348e-02 -9.925367832183837891e-01 9.472562670707702637e-01 -1.365593224763870239e-01 3.378551900386810303e-01 4.143435060977935791e-01 3.967633843421936035e-01 2.419186532497406006e-01 8.232519030570983887e-01 -9.738227128982543945e-01 -1.481236070394515991e-01 8.675461262464523315e-02 -2.276919484138488770e-01 -5.176472663879394531e-01 -9.999647736549377441e-01 5.996700748801231384e-02 -7.370018959045410156e-01 4.165845513343811035e-01 -3.851905763149261475e-01 -3.339796960353851318e-01 4.492165744304656982e-01 4.518678784370422363e-01 9.996605515480041504e-01 -9.976683855056762695e-01 3.835056126117706299e-01 1.267520636320114136e-01 7.246576994657516479e-02 2.752117514610290527e-01 -9.830315709114074707e-01 -1.932798698544502258e-02 9.804163575172424316e-01 5.383650660514831543e-01 1.218864843249320984e-01 -5.974599719047546387e-01 -1.972930729389190674e-01
-7.856111526489257812e-01 9.758189320564270020e-01 -3.665216639637947083e-02 1.856039762496948242e-01 -9.986243396997451782e-02 8.594303131103515625e-01 9.965433478355407715e-01 -8.851360678672790527e-01 3.044042363762855530e-02 -9.574734568595886230e-01 4.505032002925872803e-01 -9.714223146438598633e-01 -6.315338015556335449e-01 -9.713966250419616699e-01 -6.430257558822631836e-01 2.838510870933532715e-01 -2.096627652645111084e-01 2.475479394197463989e-01 -7.356472015380859375e-01 -1.410972774028778076e-01 6.749333739280700684e-01 1.580922156572341919e-01 9.940254688262939453e-01 -2.468223869800567627e-01 9.850099682807922363e-01 7.241057157516479492e-01 -4.694387018680572510e-01 -5.740820169448852539e-01 3.551363050937652588e-01 9.048177599906921387e-01 9.970186948776245117e-01 2.478608489036560059e-02 5.675893425941467285e-01 2.512692809104919434e-01 -9.838579893112182617e-01 -2.071247845888137817e-01 -3.303601741790771484e-01 -3.592365682125091553e-01 4.993975460529327393e-01 -4.119910001754760742e-01 1.436315923929214478e-01 -2.771556675434112549e-01 3.078427910804748535e-01 -7.605989575386047363e-01 6.762529164552688599e-02 1.999918818473815918e-01 2.035763710737228394e-01 5.857447534799575806e-02 9.963100552558898926e-01 -5.833946466445922852e-01 9.982149004936218262e-01 -4.813458025455474854e-01 9.764973521232604980e-01 -4.332728385925292969e-01 -7.661992907524108887e-01 2.611570060253143311e-01 -1.980956047773361206e-01 -1.507418602705001831e-01 -9.999265074729919434e-01 -7.277420163154602051e-01 -2.351231276988983154e-01 1.660025417804718018e-01 9.837797880172729492e-01 -1.437519397586584091e-02 4.259589910507202148e-01 -9.951450824737548828e-01 9.541102051734924316e-01 8.658787012100219727e-01 3.453766107559204102e-01 -1.653463393449783325e-01 9.775365591049194336e-01 9.943140745162963867e-01 -8.275885581970214844e-01 -8.913615345954895020e-01 -9.963014721870422363e-01 -1.939589977264404297e-01 -1.937160789966583252e-01 7.823309898376464844e-01 1.579667627811431885e-01 1.707931049168109894e-02 6.223137974739074707e-01 2.303575873374938965e-01 9.944366216659545898e-01 -2.469657361507415771e-01 9.813821315765380859e-01 2.536723613739013672e-01 3.649867177009582520e-01 5.330811142921447754e-01 -2.957543432712554932e-01 3.293075859546661377e-01 -9.921593666076660156e-01 1.486316323280334473e-01 6.861991882324218750e-01 -9.968745708465576172e-01 -9.970878958702087402e-01 7.901704907417297363e-01 1.408983469009399414e-01 -1.102262884378433228e-01 -9.751601815223693848e-01 -6.034350991249084473e-01 -7.585343122482299805e-01 -9.423340559005737305e-01 -4.967319965362548828e-01 -4.799407720565795898e-02 9.630865603685379028e-02 3.116074204444885254e-01 9.980616569519042969e-01 3.754569292068481445e-01 -4.371360242366790771e-01 6.347353756427764893e-02 4.012011289596557617e-01 -3.979811966419219971e-01 4.437080025672912598e-01 -9.923974871635437012e-01 -2.254603505134582520e-01 3.882224857807159424e-01 1.489749401807785034e-01 7.115158438682556152e-01 -8.160277456045150757e-02 9.989569187164306641e-01 -9.980688095092773438e-01 2.701770663261413574e-01 -9.272394180297851562e-01 9.956055283546447754e-01 -5.067296028137207031e-01 -1.541175991296768188e-01 6.367860436439514160e-01 2.407002598047256470e-01 -4.537374675273895264e-01 -6.440443396568298340e-01 9.993876218795776367e-01 9.983166456222534180e-01 -9.474279284477233887e-01 4.134571254253387451e-01 4.773471951484680176e-01 9.467987716197967529e-02 9.880828857421875000e-01 -9.968037605285644531e-01 -4.426536560058593750e-01 4.110530316829681396e-01 9.999958872795104980e-01 1.649718880653381348e-01 -6.080322265625000000e-01 9.539794325828552246e-01 4.440538287162780762e-01 9.709874987602233887e-01 -9.152353405952453613e-01 8.820755481719970703e-01 1.610558778047561646e-01 -5.522817969322204590e-01 -5.256240367889404297e-01 -3.088485002517700195e-01 7.193971872329711914e-01 -3.527528047561645508e-01 3.021367788314819336e-01 -3.395465910434722900e-01 -8.076763749122619629e-01 7.245437502861022949e-01 1.095835417509078979e-01 4.834185540676116943e-01 -5.280333757400512695e-01 4.448739290237426758e-01 -4.252267777919769287e-01 -8.160995841026306152e-01 9.999814629554748535e-01 2.659414112567901611e-01 -4.052514731884002686e-01 -6.109879612922668457e-01 -2.357352077960968018e-01 9.427613019943237305e-01 3.529958426952362061e-01 -9.147875308990478516e-01 -9.118198752403259277e-01 -9.064946174621582031e-01 6.034823656082153320e-01 2.382720559835433960e-01 -3.727427423000335693e-01 -2.540920674800872803e-01 9.998612403869628906e-01 9.475169777870178223e-01 4.979610741138458252e-01 -2.349358499050140381e-01 9.931057691574096680e-01 -6.792196631431579590e-01 9.362314343452453613e-01 -9.827213287353515625e-01 4.878607094287872314e-01 -9.950285553932189941e-01 1.965146958827972412e-01 9.457165598869323730e-01 9.699872732162475586e-01 -9.664740562438964844e-01 -9.591544866561889648e-01 2.026508897542953491e-01 9.966692328453063965e-01 2.485036700963973999e-01 -9.783805012702941895e-01 -9.915351867675781250e-01 -8.929166793823242188e-01 2.847765088081359863e-01 4.089787900447845459e-01 -5.915005207061767578e-01 -7.838978767395019531e-01 1.899286061525344849e-01 1.841496229171752930e-01 7.739345431327819824e-01 9.748276323080062866e-02 9.230347871780395508e-01 9.834741353988647461e-01 -2.770946323871612549e-01 -2.476131618022918701e-01 9.728400111198425293e-01 -3.941690027713775635e-01 7.586654424667358398e-01 9.912126660346984863e-01 -9.850009083747863770e-01 1.940766125917434692e-01 -5.617784857749938965e-01 9.481033682823181152e-01 2.267004102468490601e-01 -5.349475741386413574e-01 -5.252631902694702148e-01 3.064864575862884521e-01 3.655983209609985352e-01 3.669358491897583008e-01 9.920707345008850098e-01 -9.806802868843078613e-01 2.818717062473297119e-01 -9.769286513328552246e-01 9.455915093421936035e-01 1.933415681123733521e-01 -1.471084505319595337e-01 -5.225005149841308594e-01 2.071744948625564575e-01 7.963524460792541504e-01 5.963420271873474121e-01 -5.662111639976501465e-01 -4.720927178859710693e-01 4.940191209316253662e-01 1.678171334788203239e-03 9.382537007331848145e-02 9.999822378158569336e-01 -3.865005075931549072e-01 5.361052155494689941e-01 9.511860609054565430e-01 5.253630876541137695e-01 8.592753410339355469e-01 3.956482410430908203e-01 9.052605032920837402e-01 -2.730197608470916748e-01 3.922633528709411621e-01 -9.445117413997650146e-02 -4.757948219776153564e-01 3.106658458709716797e-01 9.892080426216125488e-01 -2.773849070072174072e-01 -5.813145041465759277e-01 -9.710712432861328125e-01 1.471112370491027832e-01 6.605294346809387207e-01 -4.358793497085571289e-01 -9.985988736152648926e-01 -3.807446956634521484e-01 -7.731931805610656738e-01 1.586500741541385651e-02 9.751365184783935547e-01 9.456503391265869141e-01 -8.597234487533569336e-01 -7.354358211159706116e-03 -8.711680024862289429e-02 9.868220090866088867e-01 -3.933006525039672852e-01 -6.591576337814331055e-01 9.999200105667114258e-01 -3.846544921398162842e-01 -9.997754096984863281e-01 9.995989203453063965e-01 -6.245987489819526672e-02 3.919662833213806152e-01 2.940142452716827393e-01 -9.998828768730163574e-01 -9.956157207489013672e-01 8.276348114013671875e-01 9.831792712211608887e-01 9.971034526824951172e-01 -5.256371200084686279e-02 5.431236028671264648e-01 1.815884858369827271e-01 -9.992041587829589844e-01 -9.981293678283691406e-01 -9.968659877777099609e-01 4.224088788032531738e-01 5.308013558387756348e-01 9.823281764984130859e-01 9.963049888610839844e-01 -9.766474962234497070e-01 -1.149921491742134094e-01 8.863224983215332031e-01 6.353396177291870117e-02 9.861151576042175293e-01 9.951786398887634277e-01 -9.875267744064331055e-01 3.969142436981201172e-01 7.252026796340942383e-01 -3.205569088459014893e-01 -3.034964501857757568e-01 5.234957113862037659e-02 9.953346252441406250e-01 -3.466470539569854736e-01 2.918995916843414307e-01 2.681384384632110596e-01 -4.131565093994140625e-01 -9.934930503368377686e-02 9.696129560470581055e-01 9.938957095146179199e-01 -2.049421668052673340e-01 8.584855496883392334e-02 2.518129944801330566e-01 5.300398468971252441e-01 9.998078942298889160e-01 7.748071104288101196e-02 -3.410272002220153809e-01 -6.918797492980957031e-01 -7.101886868476867676e-01 -2.155794203281402588e-01 -8.586787581443786621e-01 8.138310313224792480e-01 4.546777009963989258e-01 -9.768404960632324219e-01 9.827200770378112793e-01 9.998636245727539062e-01 3.496682345867156982e-01 -3.325480520725250244e-01 9.549869894981384277e-01 3.006415963172912598e-01 7.409183681011199951e-02 3.352140486240386963e-01 -9.953655004501342773e-01 -9.579815864562988281e-01 5.793054029345512390e-02 9.937610030174255371e-01 1.797550916671752930e-02 -4.645668566226959229e-01 8.945451974868774414e-01 7.477991748601198196e-03 -9.513036608695983887e-01 1.313142776489257812e-01 9.998387694358825684e-01 -3.269176781177520752e-01 9.757434725761413574e-01 5.207499265670776367e-01 -3.530763089656829834e-02 9.673816710710525513e-02 -9.272775053977966309e-02 9.398496747016906738e-01 1.393693834543228149e-01 -3.985900878906250000e-01 -5.608056783676147461e-01 -3.757144510746002197e-01 6.938790529966354370e-02 -9.988740682601928711e-01 -9.013918638229370117e-01 -4.984140396118164062e-01 -1.178943179547786713e-02 -1.844693161547183990e-02 -4.643065333366394043e-01 -9.183043241500854492e-01 -1.665439456701278687e-01 4.169609844684600830e-01 3.308315873146057129e-01 8.349683880805969238e-02 9.947894811630249023e-01 -2.138089984655380249e-01 7.105589509010314941e-01 -5.769708752632141113e-01 -9.999215602874755859e-01 4.878529310226440430e-01 7.445565611124038696e-02 -2.374636232852935791e-01 -5.533883571624755859e-01 8.659591078758239746e-01 -1.644009649753570557e-01 -9.743661284446716309e-01 1.206017583608627319e-01 9.999110698699951172e-01 8.899062871932983398e-01 7.427006959915161133e-01 -2.669774591922760010e-01 9.570920467376708984e-01 1.933545432984828949e-02 -8.299800008535385132e-02 9.710105657577514648e-01 -9.998772740364074707e-01 -5.817140266299247742e-02 -4.474126696586608887e-01 -8.469816297292709351e-02 -2.778631150722503662e-01 -8.497799634933471680e-01 9.993404150009155273e-01 -1.521955430507659912e-01 5.735967755317687988e-01 -3.290534317493438721e-01 2.597115933895111084e-01 -5.361970067024230957e-01 9.631528854370117188e-01 -9.873021245002746582e-01 -8.355567455291748047e-01 -3.664237260818481445e-01 3.508713841438293457e-01 -9.570055603981018066e-01 -9.908393025398254395e-01 9.445765018463134766e-01 -9.839141964912414551e-01 1.674913167953491211e-01 -8.739763498306274414e-01 2.376261800527572632e-01 3.305529057979583740e-01 -8.066433668136596680e-01 7.073203921318054199e-01 -9.833900332450866699e-01 -2.538125514984130859e-01 9.756794571876525879e-01 -4.264148324728012085e-02 9.963118433952331543e-01 1.240611374378204346e-01 -8.030126690864562988e-01 1.996903866529464722e-01 -6.575636565685272217e-02 -1.494511868804693222e-02 2.964729368686676025e-01 3.188313245773315430e-01 -9.981604814529418945e-01 9.696900844573974609e-01 -9.995934367179870605e-01 -5.621073246002197266e-01 1.982160955667495728e-01 -9.831511378288269043e-01 -7.368795871734619141e-01 -2.825231850147247314e-01 5.548289045691490173e-02 8.658488094806671143e-02 -9.435151815414428711e-01 -8.118345141410827637e-01 -1.401508897542953491e-01 -9.667358994483947754e-01 -9.069162011146545410e-01 -9.827546477317810059e-01 5.428299307823181152e-01 -7.518387436866760254e-01 3.173902630805969238e-01 5.620810985565185547e-01 1.736373156309127808e-01 -4.547203704714775085e-02 9.915927052497863770e-01 6.285378932952880859e-01 9.948086142539978027e-01 2.657458782196044922e-01 -6.102916598320007324e-01 -1.854289770126342773e-01 9.910721778869628906e-01 7.385236620903015137e-01 1.938698291778564453e-01 -9.983921051025390625e-01 5.534278750419616699e-01 9.768677949905395508e-01 9.844424128532409668e-01 5.909300446510314941e-01 9.839283823966979980e-01 -9.650384187698364258e-01 -4.316661953926086426e-01 2.619891464710235596e-01 -6.779341101646423340e-01 4.879823625087738037e-01 3.587154746055603027e-01 6.623939871788024902e-01 -9.992387890815734863e-01 -9.882965087890625000e-01 2.683731615543365479e-01 -9.919363260269165039e-01 9.954373836517333984e-01 6.074770912528038025e-02 3.961038887500762939e-01 4.176577329635620117e-01 1.956489533185958862e-01 2.466514408588409424e-01 -8.899731636047363281e-01 -9.877058863639831543e-01 -5.492539405822753906e-01 2.567949146032333374e-02 -2.717249691486358643e-01 -3.044645786285400391e-01 -9.999979734420776367e-01 -6.404211521148681641e-01 1.429754644632339478e-01 3.272841274738311768e-01 -3.222546577453613281e-01 -2.592557668685913086e-01 5.031986236572265625e-01 -4.046313166618347168e-01 9.994500875473022461e-01 -6.440020203590393066e-01 -2.370754331350326538e-01 3.630312532186508179e-02 -3.199124336242675781e-01 4.776715934276580811e-01 -8.329336643218994141e-01 8.902615904808044434e-01 2.162884771823883057e-01 3.457455337047576904e-02 -2.496027201414108276e-01 -5.078344941139221191e-01 3.070942461490631104e-01
-3.829687237739562988e-01 8.569946885108947754e-01 -3.557370975613594055e-02 2.000407278537750244e-01 4.183755218982696533e-01 9.094591140747070312e-01 -9.765695929527282715e-01 -7.314273715019226074e-01 -1.696192920207977295e-01 -9.991225600242614746e-01 -1.150930523872375488e-01 -9.258187413215637207e-01 -9.895669817924499512e-01 7.859266996383666992e-01 -5.548432469367980957e-01 -2.028022110462188721e-01 -3.955149352550506592e-01 -2.079117745161056519e-01 -5.580332279205322266e-01 -3.275695443153381348e-02 3.274224102497100830e-01 -2.114211171865463257e-01 9.958328008651733398e-01 3.848432898521423340e-01 9.995069503784179688e-01 9.883643984794616699e-01 -3.300919234752655029e-01 -2.312165051698684692e-01 2.866817116737365723e-01 -7.348343133926391602e-01 9.999152421951293945e-01 -3.789176642894744873e-01 5.670847743749618530e-02 1.002229377627372742e-01 -9.489671587944030762e-01 -3.327907919883728027e-01 -1.841422170400619507e-01 -6.044509410858154297e-01 9.976748824119567871e-01 -2.299802452325820923e-01 -3.354324698448181152e-01 -1.002171710133552551e-01 -5.766637995839118958e-02 -9.992873072624206543e-01 -1.612295806407928467e-01 -3.578645586967468262e-01 -9.581515789031982422e-01 -3.979648649692535400e-01 9.058218002319335938e-01 8.456948399543762207e-02 7.836948037147521973e-01 -2.535815536975860596e-01 9.945220351219177246e-01 -1.356913298368453979e-01 -7.373569607734680176e-01 3.502051532268524170e-01 3.258597254753112793e-01 -1.820207089185714722e-01 -9.999791383743286133e-01 -8.505290150642395020e-01 -6.581278145313262939e-02 9.583563357591629028e-02 -4.714129865169525146e-01 -1.571671962738037109e-01 2.707594931125640869e-01 -9.996632933616638184e-01 9.938790202140808105e-01 -3.391429185867309570e-01 2.235069274902343750e-01 9.691900610923767090e-01 9.928820133209228516e-01 9.995836615562438965e-01 -9.937854409217834473e-01 -8.443175554275512695e-01 -9.801349043846130371e-01 1.304477751255035400e-01 1.220317333936691284e-01 9.723984599113464355e-01 1.983207911252975464e-01 -1.637732386589050293e-01 -8.736953735351562500e-01 -1.367483437061309814e-01 9.997269511222839355e-01 -4.515200257301330566e-01 7.649313211441040039e-01 -8.653978705406188965e-01 -2.356391586363315582e-02 -2.743491716682910919e-02 1.177995279431343079e-01 1.950067132711410522e-01 -9.696126580238342285e-01 1.170313879847526550e-01 5.113561153411865234e-01 -9.980561137199401855e-01 -9.990094900131225586e-01 9.894376993179321289e-01 9.523792862892150879e-01 -3.314536809921264648e-01 -9.977758526802062988e-01 -1.892402172088623047e-01 -8.664876222610473633e-01 -9.987393021583557129e-01 -6.570520401000976562e-01 -2.060918211936950684e-01 3.189582377672195435e-03 -8.265626430511474609e-02 9.979657530784606934e-01 3.138551115989685059e-01 -5.453385114669799805e-01 -7.595667243003845215e-01 -9.793984889984130859e-02 -2.289865911006927490e-01 4.060489237308502197e-01 -9.852125644683837891e-01 -3.312680423259735107e-01 2.203423678874969482e-01 -9.988139271736145020e-01 -3.237815499305725098e-01 -7.161284238100051880e-02 9.311895966529846191e-01 -9.810500144958496094e-01 -8.757825940847396851e-02 -9.932255744934082031e-01 -5.917262434959411621e-01 3.738363832235336304e-02 -2.702505886554718018e-01 -9.546427726745605469e-01 -5.600857138633728027e-01 -4.649784862995147705e-01 -4.883649572730064392e-02 9.991424679756164551e-01 9.962109327316284180e-01 6.109064817428588867e-01 1.781485080718994141e-01 7.074008584022521973e-01 3.612802028656005859e-01 9.995147585868835449e-01 -9.970402717590332031e-01 -8.050661683082580566e-01 4.880764484405517578e-01 9.999980330467224121e-01 2.295017838478088379e-01 -4.696125388145446777e-01 9.844285249710083008e-01 -1.462640613317489624e-01 9.840411543846130371e-01 4.612276852130889893e-01 9.999626874923706055e-01 -7.922021150588989258e-01 -2.248327285051345825e-01 -5.475437641143798828e-01 -3.182235360145568848e-01 9.535626769065856934e-01 5.423846840858459473e-02 1.557855904102325439e-01 -3.011435866355895996e-01 7.679161429405212402e-01 -9.048425555229187012e-01 3.814506530761718750e-01 5.071446895599365234e-01 -1.879431605339050293e-01 -2.290925681591033936e-01 -1.155557930469512939e-01 -4.152576327323913574e-01 9.999843239784240723e-01 1.784210838377475739e-02 -2.082938402891159058e-01 -4.692577421665191650e-01 3.390859961509704590e-01 7.482661604881286621e-01 3.713840842247009277e-01 -9.959839582443237305e-01 -9.972361326217651367e-01 7.828012108802795410e-01 -2.758558690547943115e-01 4.571995511651039124e-02 5.023894459009170532e-02 -2.215683013200759888e-01 9.971272349357604980e-01 7.097155451774597168e-01 -5.236252546310424805e-01 -3.887050151824951172e-01 9.998772740364074707e-01 2.983111739158630371e-01 -3.936643525958061218e-02 1.881235092878341675e-02 -9.734296202659606934e-01 -9.996401071548461914e-01 5.714398622512817383e-01 8.209826797246932983e-02 9.864528179168701172e-01 -8.475509285926818848e-01 -6.996249556541442871e-01 4.888778179883956909e-02 9.955104589462280273e-01 -1.813879311084747314e-01 -9.833670258522033691e-01 -9.775830507278442383e-01 -8.829370737075805664e-01 2.681687474250793457e-03 3.065608441829681396e-01 -2.583954334259033203e-01 -8.957749009132385254e-01 -3.453120589256286621e-02 -1.800787448883056641e-01 9.598102569580078125e-01 1.850659102201461792e-01 9.997609257698059082e-01 9.931069612503051758e-01 -2.200297117233276367e-01 -9.942709207534790039e-01 9.947211146354675293e-01 8.217506855726242065e-02 6.773335933685302734e-01 9.693114161491394043e-01 -9.488691687583923340e-01 -9.510364532470703125e-01 -7.826269268989562988e-01 -2.965669035911560059e-01 3.698892891407012939e-01 -3.790653347969055176e-01 -1.630760133266448975e-01 -8.065462708473205566e-01 4.396184980869293213e-01 -6.864655017852783203e-01 1.698423177003860474e-01 -9.884421825408935547e-01 -2.046216875314712524e-01 1.089694201946258545e-01 -6.319112181663513184e-01 -5.904200673103332520e-02 2.453987002372741699e-01 -3.107671439647674561e-01 6.097276806831359863e-01 9.878479242324829102e-01 3.693470954895019531e-01 -9.859774112701416016e-01 4.634581040591001511e-03 6.366846561431884766e-01 3.883745968341827393e-01 -3.910494744777679443e-01 9.999980330467224121e-01 -3.344428241252899170e-01 9.805299043655395508e-01 -1.456885933876037598e-01 4.258829057216644287e-01 9.315714240074157715e-01 -1.746574342250823975e-01 9.857815504074096680e-01 -8.764558285474777222e-02 4.203129112720489502e-01 -1.032726466655731201e-01 -1.996721923351287842e-01 2.793442606925964355e-01 9.999063611030578613e-01 1.549301203340291977e-02 -3.731981217861175537e-01 -6.242040395736694336e-01 -5.464023947715759277e-01 9.945653080940246582e-01 -2.272363305091857910e-01 -9.998703598976135254e-01 -3.041791915893554688e-01 -6.309874653816223145e-01 -2.763675749301910400e-01 9.757395386695861816e-01 9.982736706733703613e-01 -9.787344932556152344e-01 -1.024319231510162354e-02 2.308194153010845184e-02 9.999111890792846680e-01 -1.951756328344345093e-01 -9.768422245979309082e-01 9.999924302101135254e-01 -3.706219494342803955e-01 -9.968416094779968262e-01 9.999048709869384766e-01 2.742667794227600098e-01 9.970675706863403320e-01 4.760829508304595947e-01 -9.999483823776245117e-01 -7.865258455276489258e-01 6.982803940773010254e-01 9.999874234199523926e-01 9.979854226112365723e-01 2.342343330383300781e-02 -2.954379469156265259e-02 3.075288832187652588e-01 -9.999034404754638672e-01 -9.998901486396789551e-01 -9.912844896316528320e-01 7.096794247627258301e-01 5.463170409202575684e-01 9.992237687110900879e-01 9.988232254981994629e-01 -9.999842047691345215e-01 -1.366044729948043823e-01 9.937698841094970703e-01 -2.557054162025451660e-01 9.937251806259155273e-01 9.998324513435363770e-01 -9.914681911468505859e-01 4.789741337299346924e-01 9.982482194900512695e-01 -4.420652389526367188e-01 -4.897381663322448730e-01 -7.155045866966247559e-02 9.997594952583312988e-01 -4.463902115821838379e-01 2.427406907081604004e-01 -2.134617865085601807e-01 2.906059324741363525e-01 3.362468183040618896e-01 9.994539618492126465e-01 9.526842236518859863e-01 2.725473344326019287e-01 2.934444546699523926e-01 3.821147680282592773e-01 3.595673739910125732e-01 9.989901781082153320e-01 3.172743916511535645e-01 -7.583213448524475098e-01 -2.677188813686370850e-01 -9.574120640754699707e-01 -2.884350121021270752e-01 -3.637649416923522949e-01 9.183509349822998047e-01 -1.988289207220077515e-01 -7.390087246894836426e-01 8.947934508323669434e-01 9.988666772842407227e-01 -3.067510901018977165e-03 -1.297202110290527344e-01 9.654904007911682129e-01 3.449614048004150391e-01 -1.163871809840202332e-01 -2.112628370523452759e-01 -9.566569328308105469e-01 -1.413775831460952759e-01 1.533289104700088501e-01 9.848960638046264648e-01 -1.586864143610000610e-02 -6.487103700637817383e-01 7.979425787925720215e-01 -2.753365039825439453e-01 -9.469060897827148438e-01 3.473131358623504639e-01 9.995935559272766113e-01 -1.644848585128784180e-01 -1.233072578907012939e-01 2.603473663330078125e-01 8.280228823423385620e-03 9.901518225669860840e-01 3.124652504920959473e-01 -4.301120638847351074e-01 -1.479113996028900146e-01 -7.759201526641845703e-01 -1.279139965772628784e-01 -3.857556283473968506e-01 -1.051890254020690918e-01 -9.979087114334106445e-01 7.521797418594360352e-01 -3.481301665306091309e-01 -3.860799968242645264e-01 -2.567204833030700684e-01 -8.109410405158996582e-01 7.065925598144531250e-01 8.907497525215148926e-01 5.271478295326232910e-01 5.067279338836669922e-01 -2.673147246241569519e-02 9.972193241119384766e-01 -3.011807203292846680e-01 3.000753819942474365e-01 8.568832874298095703e-01 -9.971509575843811035e-01 3.508934974670410156e-01 3.962495028972625732e-01 -4.063167870044708252e-01 -1.979732327163219452e-02 9.960883259773254395e-01 -5.937043949961662292e-02 -9.978423714637756348e-01 1.116908714175224304e-01 9.992897510528564453e-01 -3.927896916866302490e-01 1.616271585226058960e-01 -2.357705682516098022e-01 -6.592593342065811157e-02 1.446700692176818848e-01 1.047523990273475647e-01 9.512940645217895508e-01 -9.991699457168579102e-01 1.856449842453002930e-01 -1.366200000047683716e-01 -3.342225551605224609e-01 -6.494634747505187988e-01 -7.479441761970520020e-01 9.934207201004028320e-01 1.319452077150344849e-01 4.823723435401916504e-01 -9.176106452941894531e-01 -8.386068940162658691e-01 -5.008543729782104492e-01 9.987236261367797852e-01 -9.941874146461486816e-01 8.433429598808288574e-01 -5.182009339332580566e-01 1.050706356763839722e-01 -7.721741199493408203e-01 -8.393768072128295898e-01 -2.650953531265258789e-01 -9.993036389350891113e-01 -1.348746418952941895e-01 -9.918927550315856934e-01 4.724148213863372803e-01 4.609575271606445312e-01 -3.614555895328521729e-01 -6.582610607147216797e-01 -9.954084753990173340e-01 -5.641394853591918945e-01 8.106921911239624023e-01 3.181812465190887451e-01 9.982151389122009277e-01 5.456767082214355469e-01 -9.791213870048522949e-01 -3.489061892032623291e-01 1.870653182268142700e-01 -2.533736526966094971e-01 -8.817473798990249634e-02 1.425747573375701904e-01 -9.993840456008911133e-01 9.825340509414672852e-01 -9.999820590019226074e-01 -8.987932801246643066e-01 5.279568582773208618e-02 2.137874215841293335e-01 -4.318978786468505859e-01 -4.359200000762939453e-01 -4.822098612785339355e-01 3.805175423622131348e-02 -9.762567877769470215e-01 -7.188362479209899902e-01 5.963401794433593750e-01 -9.964187145233154297e-01 -9.997560381889343262e-01 -9.405727386474609375e-01 4.874812662601470947e-01 -2.897107303142547607e-01 2.239346355199813843e-01 2.596653997898101807e-01 7.704706490039825439e-02 4.297749698162078857e-01 9.985379576683044434e-01 4.836207330226898193e-01 -4.915621578693389893e-01 1.501552015542984009e-01 -3.752787038683891296e-02 -2.165495976805686951e-02 9.968721866607666016e-01 -9.085103869438171387e-01 2.151323258876800537e-01 -9.999601244926452637e-01 3.681226074695587158e-01 7.089862823486328125e-01 9.996868371963500977e-01 8.521576523780822754e-01 -9.160035252571105957e-01 -9.961251020431518555e-01 -4.060105681419372559e-01 4.826387465000152588e-01 3.937865495681762695e-01 2.942232191562652588e-01 -4.133374691009521484e-01 2.677839398384094238e-01 -9.991435408592224121e-01 -8.758716583251953125e-01 3.798134028911590576e-01 -9.895321726799011230e-01 9.896731972694396973e-01 4.260731860995292664e-02 5.506842732429504395e-01 2.783882319927215576e-01 2.633638978004455566e-01 3.100565969944000244e-01 -9.312536120414733887e-01 -9.856967329978942871e-01 -4.061044156551361084e-01 -2.545614540576934814e-01 -1.736018508672714233e-01 -4.794183745980262756e-02 -9.999751448631286621e-01 -7.683814167976379395e-01 -7.898740172386169434e-01 3.217181861400604248e-01 -5.938481688499450684e-01 -2.886289954185485840e-01 2.800190448760986328e-01 -9.932565093040466309e-01 9.999791383743286133e-01 -8.061177730560302734e-01 1.789020299911499023e-01 4.402155056595802307e-03 -3.038338720798492432e-01 4.161078333854675293e-01 -9.920708537101745605e-01 8.430513143539428711e-01 -9.736269712448120117e-01 4.550879895687103271e-01 -9.344269335269927979e-02 -4.614799022674560547e-01 -9.904545545578002930e-01
8.184010535478591919e-02 -5.478245019912719727e-01 4.256580173969268799e-01 1.026337370276451111e-01 -2.805568873882293701e-01 9.839758276939392090e-01 9.983821511268615723e-01 -9.909296631813049316e-01 4.588682353496551514e-01 -7.618314623832702637e-01 2.786996960639953613e-01 -7.667211294174194336e-01 2.848307490348815918e-01 -9.161463379859924316e-01 -8.273317813873291016e-01 -3.198210895061492920e-02 -7.843458652496337891e-02 1.280822455883026123e-01 -2.935011684894561768e-01 -3.930003941059112549e-01 2.223268747329711914e-01 6.848767399787902832e-02 9.354060292243957520e-01 4.287868142127990723e-01 9.983831644058227539e-01 9.962920546531677246e-01 -5.415793508291244507e-02 2.415044009685516357e-01 -5.377877354621887207e-01 7.704428434371948242e-01 9.974805712699890137e-01 6.456302851438522339e-02 4.409344494342803955e-01 2.741862535476684570e-01 -9.598586559295654297e-01 -2.120673060417175293e-01 -7.275950312614440918e-01 2.160285711288452148e-01 9.980186223983764648e-01 -2.187893986701965332e-01 3.853196203708648682e-01 -7.575521618127822876e-02 3.402317166328430176e-01 -9.950169324874877930e-01 3.603804856538772583e-02 8.850587010383605957e-01 -9.256190061569213867e-01 -2.560713291168212891e-01 9.134048223495483398e-01 -1.679694801568984985e-01 9.192345142364501953e-01 1.728604435920715332e-01 9.759048223495483398e-01 3.621369227766990662e-02 -8.102462887763977051e-01 -1.357999294996261597e-01 5.945380777120590210e-02 3.167219758033752441e-01 -9.996498823165893555e-01 -7.505070567131042480e-01 -2.147613614797592163e-01 3.012380301952362061e-01 9.726671576499938965e-01 -8.636248856782913208e-02 -2.955001890659332275e-01 -9.678571224212646484e-01 9.766615033149719238e-01 2.841186225414276123e-01 -1.240211874246597290e-01 9.532558321952819824e-01 9.629711508750915527e-01 9.993380904197692871e-01 -9.596717357635498047e-01 -6.137395501136779785e-01 -9.242414832115173340e-01 -6.085022091865539551e-01 -1.457204520702362061e-01 7.004827857017517090e-01 -4.801306724548339844e-01 -9.375491738319396973e-02 -9.966620802879333496e-01 2.489842176437377930e-01 9.989393949508666992e-01 -1.236802637577056885e-01 8.359292149543762207e-01 -9.697604179382324219e-01 2.127556353807449341e-01 2.113309204578399658e-01 -1.654373407363891602e-01 -1.043368056416511536e-01 -9.082493185997009277e-01 -3.259986340999603271e-01 3.712599575519561768e-01 -8.959207534790039062e-01 -7.157181501388549805e-01 -5.558961033821105957e-01 9.541664123535156250e-01 4.177864789962768555e-01 -9.983338713645935059e-01 -5.227889418601989746e-01 9.670832753181457520e-01 -3.271535336971282959e-01 2.496530115604400635e-01 -2.125020325183868408e-01 8.954259753227233887e-02 2.487902343273162842e-01 9.973092675209045410e-01 4.849460124969482422e-01 -8.293621242046356201e-02 -7.497191429138183594e-01 -7.999115437269210815e-02 6.375064849853515625e-01 -5.766482949256896973e-01 -9.318004250526428223e-01 -2.131088525056838989e-01 2.847490012645721436e-01 -9.821850061416625977e-01 5.676619410514831543e-01 9.266754984855651855e-02 9.908926486968994141e-01 -7.983340620994567871e-01 1.982560306787490845e-01 -9.571787118911743164e-01 9.993378520011901855e-01 1.162733659148216248e-01 -1.989755481481552124e-01 -9.848507046699523926e-01 -9.614420682191848755e-02 -4.360543489456176758e-01 -1.706549078226089478e-01 5.673491209745407104e-02 9.904000163078308105e-01 8.559026122093200684e-01 4.724333584308624268e-01 -1.366835180670022964e-02 -9.532262086868286133e-01 9.958571195602416992e-01 -9.852420687675476074e-01 1.857806369662284851e-02 -4.995795432478189468e-03 9.998898506164550781e-01 2.745521664619445801e-01 -2.587714791297912598e-01 9.599955081939697266e-01 6.629221141338348389e-02 -2.115452140569686890e-01 -8.358576297760009766e-01 9.684927463531494141e-01 -6.346776485443115234e-01 2.661124765872955322e-01 -6.609443575143814087e-02 3.200125694274902344e-01 7.252832055091857910e-01 3.484960198402404785e-01 -6.455421447753906250e-02 -5.310949087142944336e-01 -6.261222362518310547e-01 2.017332017421722412e-01 -4.498740732669830322e-01 1.257796287536621094e-01 1.579128354787826538e-01 9.541659057140350342e-02 -1.932801306247711182e-01 -1.781105399131774902e-01 9.999854564666748047e-01 -1.587563455104827881e-01 2.209134846925735474e-01 -7.801483571529388428e-02 9.980841875076293945e-01 -1.077173203229904175e-01 5.524466931819915771e-02 3.349442481994628906e-01 -9.992399215698242188e-01 -7.328020334243774414e-01 1.225705742835998535e-01 -3.582217693328857422e-01 6.984467506408691406e-01 1.271474361419677734e-01 9.865770339965820312e-01 9.994068741798400879e-01 9.665595889091491699e-01 1.679331064224243164e-01 9.673906564712524414e-01 -8.687677383422851562e-01 2.753262221813201904e-01 -8.982864022254943848e-01 -4.915428459644317627e-01 -2.260908633470535278e-01 2.776670455932617188e-01 8.941504955291748047e-01 6.064175963401794434e-01 -9.989453554153442383e-01 2.829324901103973389e-01 6.046149507164955139e-02 9.771321415901184082e-01 1.798340701498091221e-03 -9.798541069030761719e-01 -9.092484712600708008e-01 5.321121215820312500e-01 -9.182965755462646484e-02 -2.302156686782836914e-01 -5.389758348464965820e-01 -8.238835632801055908e-02 1.769313514232635498e-01 4.746707975864410400e-01 5.921059846878051758e-01 3.765701502561569214e-02 9.653266072273254395e-01 9.945042133331298828e-01 4.394136369228363037e-02 -7.204591631889343262e-01 -1.878370642662048340e-01 -1.966028064489364624e-01 1.056831032037734985e-01 9.425690770149230957e-01 -9.832384586334228516e-01 -2.042847871780395508e-01 9.857854247093200684e-01 7.672934532165527344e-01 -3.788780570030212402e-01 -7.844243049621582031e-01 3.766564726829528809e-01 -9.583572745323181152e-01 -7.098128646612167358e-02 -9.826110601425170898e-01 -2.027874588966369629e-01 -9.758626222610473633e-01 -1.022910699248313904e-01 -6.141667962074279785e-01 9.902718663215637207e-01 1.712692230939865112e-01 2.639579214155673981e-02 9.747701138257980347e-02 -1.875015161931514740e-02 9.581531882286071777e-01 -7.688967138528823853e-02 -4.333460330963134766e-01 -4.366200268268585205e-01 -1.627432852983474731e-01 -3.402942717075347900e-01 9.981528520584106445e-01 9.998808503150939941e-01 -2.229716181755065918e-01 9.110676646232604980e-01 9.586625695228576660e-01 -3.373652994632720947e-01 9.976051449775695801e-01 7.220683991909027100e-02 -6.365566849708557129e-01 -1.818133741617202759e-01 1.245443522930145264e-01 -2.957951277494430542e-02 -5.003815293312072754e-01 -2.308158203959465027e-02 9.916406273841857910e-01 -1.384404897689819336e-01 -1.463618427515029907e-01 -9.907659292221069336e-01 -6.563408970832824707e-01 -1.449671983718872070e-01 -6.893727928400039673e-02 -9.862273335456848145e-01 4.405890703201293945e-01 -4.394148886203765869e-01 -6.327787041664123535e-02 8.914248943328857422e-01 9.901556968688964844e-01 -9.964627623558044434e-01 8.740191161632537842e-02 -1.070976108312606812e-01 9.995188713073730469e-01 -2.253592759370803833e-01 -9.017468094825744629e-01 9.997586011886596680e-01 -1.257599890232086182e-01 -9.864932894706726074e-01 8.142985701560974121e-01 -8.216506242752075195e-02 9.102149009704589844e-01 2.597681879997253418e-01 -8.759426474571228027e-01 2.042625695466995239e-01 7.921810746192932129e-01 9.937047362327575684e-01 9.764065146446228027e-01 1.179117113351821899e-01 1.135352253913879395e-01 -1.686409413814544678e-01 -9.973548650741577148e-01 -9.995771646499633789e-01 -8.730164170265197754e-01 1.530946940183639526e-01 -1.881712079048156738e-01 9.614181518554687500e-01 9.891960620880126953e-01 -9.983101487159729004e-01 -1.426977366209030151e-01 4.090492129325866699e-01 -9.382357448339462280e-02 9.880548715591430664e-01 9.974509477615356445e-01 -9.888337254524230957e-01 6.126721501350402832e-01 9.900724887847900391e-01 -6.155480444431304932e-02 4.797642230987548828e-01 4.893588423728942871e-01 9.939530491828918457e-01 -7.257905006408691406e-01 -6.915089488029479980e-02 7.623149454593658447e-02 -6.869003176689147949e-01 4.784943908452987671e-02 9.879550337791442871e-01 9.803373217582702637e-01 2.348569035530090332e-01 -2.724713683128356934e-01 1.349025871604681015e-02 3.269217163324356079e-02 9.996664524078369141e-01 3.018786609172821045e-01 -4.880475103855133057e-01 -3.016875386238098145e-01 -9.210272431373596191e-01 8.793069049715995789e-03 -9.551277011632919312e-02 -9.641147851943969727e-01 3.080422058701515198e-02 -8.124017715454101562e-01 6.365785002708435059e-01 9.961793422698974609e-01 1.399212628602981567e-01 6.385684758424758911e-02 -5.248061418533325195e-01 6.143949180841445923e-02 2.010077238082885742e-01 1.609084755182266235e-02 -2.974160313606262207e-01 -7.067154645919799805e-01 1.548951417207717896e-01 9.940044283866882324e-01 2.909669280052185059e-01 -1.815794222056865692e-02 9.977013468742370605e-01 -8.069658875465393066e-01 -2.236204892396926880e-01 6.024946570396423340e-01 9.994187355041503906e-01 -3.018461167812347412e-02 7.078167796134948730e-01 1.311802566051483154e-01 4.114479199051856995e-02 7.485974431037902832e-01 -2.074430733919143677e-01 7.273595333099365234e-01 1.267502158880233765e-01 2.388718575239181519e-01 -2.821139805018901825e-02 1.138394698500633240e-01 2.216102629899978638e-01 -9.908114671707153320e-01 -7.101236581802368164e-01 -2.753324806690216064e-01 -5.504789203405380249e-02 1.709517240524291992e-01 -8.834707140922546387e-01 -7.446095943450927734e-01 -6.043869256973266602e-02 8.033845573663711548e-02 3.346535265445709229e-01 -1.207162961363792419e-01 9.289561510086059570e-01 -1.768969148397445679e-01 5.730026960372924805e-01 3.209023773670196533e-01 -9.997437596321105957e-01 4.396358504891395569e-03 2.972925305366516113e-01 6.452225614339113235e-03 -1.512076109647750854e-01 -2.047376632690429688e-01 2.583090364933013916e-01 -6.726340651512145996e-01 -1.144917756319046021e-01 9.974706172943115234e-01 -5.897986888885498047e-01 3.821386396884918213e-01 -4.235918074846267700e-02 8.384650945663452148e-01 -1.444694697856903076e-01 -4.524230360984802246e-01 6.840604543685913086e-01 -9.998290538787841797e-01 -5.421388149261474609e-01 1.640503704547882080e-01 -9.508737921714782715e-02 3.008372895419597626e-02 -5.054639577865600586e-01 9.994192123413085938e-01 -2.752631306648254395e-01 -3.225566148757934570e-01 -7.760297060012817383e-01 4.219870269298553467e-01 -1.449659615755081177e-01 8.388490080833435059e-01 -9.665256738662719727e-01 -6.070601344108581543e-01 -3.752627596259117126e-02 4.174399748444557190e-02 -9.725759029388427734e-01 -6.871790885925292969e-01 5.565117597579956055e-01 -9.959751963615417480e-01 -2.904102504253387451e-01 -3.709700703620910645e-01 1.187437474727630615e-01 4.913071170449256897e-02 -6.571713089942932129e-01 -7.784270644187927246e-01 -9.338136315345764160e-01 2.018805593252182007e-01 2.051492780447006226e-01 -1.618224084377288818e-01 9.752817749977111816e-01 2.975859642028808594e-01 -9.454737305641174316e-01 1.984656453132629395e-01 2.301642596721649170e-01 -1.576974987983703613e-01 -2.789483070373535156e-01 1.531807705760002136e-02 -9.991133213043212891e-01 -3.420974910259246826e-01 -9.999524950981140137e-01 -9.968812465667724609e-01 1.356192082166671753e-01 -9.446360468864440918e-01 -1.788904964923858643e-01 2.075107842683792114e-01 -1.330162435770034790e-01 -2.315439730882644653e-01 -8.914153575897216797e-01 -9.917892217636108398e-01 1.466166079044342041e-01 -9.867905378341674805e-01 -9.855873584747314453e-01 -9.986118674278259277e-01 2.086742222309112549e-02 -1.198946759104728699e-01 -9.050083160400390625e-02 -6.052591372281312943e-03 -2.411543130874633789e-01 -7.623659074306488037e-02 9.965916275978088379e-01 3.001029491424560547e-01 9.087993502616882324e-01 7.547573000192642212e-02 4.247321188449859619e-01 -1.609194129705429077e-01 9.845408797264099121e-01 -3.192058205604553223e-01 1.492214351892471313e-01 -9.963357448577880859e-01 -8.602645248174667358e-02 8.122814297676086426e-01 9.953402876853942871e-01 8.493184447288513184e-01 9.751114249229431152e-01 -9.995949268341064453e-01 -4.170562326908111572e-01 5.215451717376708984e-01 -2.133421748876571655e-01 7.077242136001586914e-01 -2.098883390426635742e-01 9.206419438123703003e-02 -9.889757037162780762e-01 -9.889438152313232422e-01 5.792425870895385742e-01 -9.878783226013183594e-01 9.816384315490722656e-01 -3.289602994918823242e-01 9.668070822954177856e-02 -1.344482302665710449e-01 5.479083210229873657e-02 4.751406610012054443e-01 -9.704303741455078125e-01 -9.650415778160095215e-01 1.385023593902587891e-01 2.328948527574539185e-01 5.963455885648727417e-02 -7.026879489421844482e-02 -9.999782443046569824e-01 -6.662940979003906250e-02 -3.490591049194335938e-01 -2.540367245674133301e-01 -2.942588925361633301e-02 -3.543049693107604980e-01 -1.721845008432865143e-02 3.824935555458068848e-01 9.992250204086303711e-01 -9.736001491546630859e-01 1.260453760623931885e-01 4.760312438011169434e-01 1.132739931344985962e-01 -5.130215287208557129e-01 -3.900821208953857422e-01 4.798686504364013672e-01 -4.389873445034027100e-01 -1.527756154537200928e-01 5.433372855186462402e-01 -1.965392231941223145e-01 -9.428536295890808105e-01
-9.393113255500793457e-01 9.895491600036621094e-01 2.936086058616638184e-02 1.994930952787399292e-01 4.402557909488677979e-01 -9.899711608886718750e-01 9.972494244575500488e-01 -9.906937479972839355e-01 -3.018555603921413422e-02 -9.818639755249023438e-01 -1.157284602522850037e-01 -5.313889384269714355e-01 -1.719433665275573730e-01 -8.101157546043395996e-01 -5.816554427146911621e-01 -2.596572041511535645e-01 2.093352377414703369e-01 -4.544563889503479004e-01 -3.568514585494995117e-01 1.600633561611175537e-01 4.776975214481353760e-01 3.057920336723327637e-01 9.654175043106079102e-01 4.023932293057441711e-02 9.991477727890014648e-01 9.139393568038940430e-01 -2.168331295251846313e-01 -3.694589436054229736e-01 -8.914311230182647705e-02 7.341921329498291016e-01 7.739551067352294922e-01 -8.406799286603927612e-02 5.667135119438171387e-02 1.847377419471740723e-01 -3.290278613567352295e-01 -5.187644362449645996e-01 -4.749342501163482666e-01 -3.609868884086608887e-01 9.475860595703125000e-01 -2.869147360324859619e-01 1.721782982349395752e-01 -3.588416874408721924e-01 2.469135224819183350e-01 -9.768020510673522949e-01 -1.992533206939697266e-01 8.936773538589477539e-01 -7.981442213058471680e-01 -4.963147342205047607e-01 9.423423409461975098e-01 -2.624677121639251709e-01 9.450495243072509766e-01 -4.650614690035581589e-03 4.521012306213378906e-01 3.157179951667785645e-01 -6.431222558021545410e-01 1.142962202429771423e-01 2.945860028266906738e-01 -6.270033866167068481e-02 -9.996436238288879395e-01 -8.058031201362609863e-01 -2.628202736377716064e-01 2.451504319906234741e-01 4.039642214775085449e-01 1.515576392412185669e-01 -3.328214585781097412e-01 -9.948298335075378418e-01 9.471991658210754395e-01 -1.633375287055969238e-01 1.320021450519561768e-01 6.147520542144775391e-01 6.552032232284545898e-01 9.998522996902465820e-01 -9.331142306327819824e-01 -8.980454802513122559e-01 -7.878212332725524902e-01 -6.368872523307800293e-01 9.445613622665405273e-02 -9.392119050025939941e-01 -8.544980734586715698e-02 8.857984840869903564e-02 -5.692232847213745117e-01 -1.991622895002365112e-01 9.963455200195312500e-01 -2.043501734733581543e-01 7.132732272148132324e-01 3.658140897750854492e-01 -1.759187132120132446e-02 -1.149130985140800476e-01 -4.246471822261810303e-01 1.364511251449584961e-01 -8.013877868652343750e-01 -4.468531534075737000e-02 5.919928550720214844e-01 -9.952787756919860840e-01 -9.711961150169372559e-01 9.940552115440368652e-01 9.841957688331604004e-01 -1.927814632654190063e-01 -9.982196688652038574e-01 -2.040233276784420013e-02 -9.936369061470031738e-01 -9.897132515907287598e-01 9.042336344718933105e-01 2.024395912885665894e-01 -7.575400918722152710e-02 -7.494390755891799927e-02 9.974137544631958008e-01 3.801360130310058594e-01 5.359577015042304993e-02 8.205641508102416992e-01 3.344958722591400146e-01 2.667559087276458740e-01 -8.187322616577148438e-01 -8.774550557136535645e-01 -2.572667300701141357e-01 -6.141342222690582275e-02 -9.850264787673950195e-01 -7.214391231536865234e-01 2.335069179534912109e-01 9.854166507720947266e-01 -9.522971510887145996e-01 -2.831443846225738525e-01 -7.551729679107666016e-01 9.844992756843566895e-01 -1.130955070257186890e-01 -1.722646951675415039e-01 -9.158886075019836426e-01 -3.209542632102966309e-01 -1.825226694345474243e-01 5.100909247994422913e-02 9.835789799690246582e-01 5.028042197227478027e-01 7.238733768463134766e-01 1.892586499452590942e-01 2.818723022937774658e-01 -9.527416229248046875e-01 9.804930686950683594e-01 -9.356216192245483398e-01 -7.800105810165405273e-01 4.171426296234130859e-01 9.995599389076232910e-01 4.465334713459014893e-01 4.272166173905134201e-03 9.057700634002685547e-01 -2.589562833309173584e-01 -5.958824753761291504e-01 -9.145283699035644531e-01 7.599976658821105957e-01 3.469606339931488037e-01 -1.350896209478378296e-01 -4.632279276847839355e-01 -3.812467157840728760e-01 8.754976987838745117e-01 -4.076467752456665039e-01 -1.426361203193664551e-01 -2.881884872913360596e-01 -7.722502350807189941e-01 1.634244993329048157e-02 -1.185146644711494446e-01 3.540986776351928711e-01 -1.452948004007339478e-01 -1.132082492113113403e-01 1.395759880542755127e-01 -5.744831562042236328e-01 9.998644590377807617e-01 -5.031927227973937988e-01 -3.515280485153198242e-01 -6.071481704711914062e-01 9.622676968574523926e-01 9.403316378593444824e-01 1.582214236259460449e-01 -9.315624833106994629e-01 -9.309444427490234375e-01 -7.496739029884338379e-01 -4.079281985759735107e-01 1.677392721176147461e-01 6.051193475723266602e-01 -6.907679140567779541e-02 9.971556067466735840e-01 9.559699296951293945e-01 4.760700166225433350e-01 -1.023678295314311981e-02 9.979626536369323730e-01 -8.136730790138244629e-01 8.715029358863830566e-01 -9.945088028907775879e-01 -9.739894866943359375e-01 -1.788802891969680786e-01 5.112314224243164062e-01 2.431085258722305298e-01 8.032729029655456543e-01 -9.872063398361206055e-01 -3.743372559547424316e-01 6.051085144281387329e-02 9.652603864669799805e-01 -2.210019677877426147e-01 -7.186838388442993164e-01 -8.737866282463073730e-01 -1.561579555273056030e-01 -3.291071653366088867e-01 -8.727957308292388916e-02 -4.186453521251678467e-01 -5.166860222816467285e-01 -2.540638744831085205e-01 2.101582884788513184e-01 7.526983022689819336e-01 -1.867589652538299561e-01 1.150135472416877747e-01 9.056531637907028198e-02 -3.216902613639831543e-01 -9.000285863876342773e-01 9.324902296066284180e-01 -5.848551914095878601e-02 3.876087963581085205e-01 7.546679377555847168e-01 -9.028267264366149902e-01 1.267914939671754837e-02 9.499167799949645996e-01 7.451589703559875488e-01 1.277840323746204376e-02 -8.125164508819580078e-01 2.614261507987976074e-01 -3.622573912143707275e-01 2.872577011585235596e-01 -7.032280564308166504e-01 7.518580555915832520e-01 -9.329745769500732422e-01 -2.106186300516128540e-01 -9.370551705360412598e-01 9.983561635017395020e-01 1.664742529392242432e-01 2.381200045347213745e-01 -3.061744868755340576e-01 2.963640987873077393e-01 9.070355296134948730e-01 4.543670117855072021e-01 -4.300465285778045654e-01 -2.584230899810791016e-01 3.289443254470825195e-01 5.017884820699691772e-02 9.248096346855163574e-01 9.999448657035827637e-01 -2.598043903708457947e-02 9.694032669067382812e-01 9.667744040489196777e-01 -1.831784695386886597e-01 9.621444344520568848e-01 -9.697671234607696533e-02 8.454908728599548340e-01 -3.849427029490470886e-02 4.965699911117553711e-01 1.447579413652420044e-01 -3.097968697547912598e-01 1.687627732753753662e-01 9.997040629386901855e-01 -4.013180136680603027e-01 7.250025123357772827e-02 -9.959089159965515137e-01 -7.239931225776672363e-01 7.751938104629516602e-01 -4.016619548201560974e-02 -5.066627264022827148e-01 3.716583549976348877e-01 -9.925535917282104492e-01 1.023907288908958435e-01 9.005905389785766602e-01 9.353840947151184082e-01 -9.773099422454833984e-01 -4.625096917152404785e-02 -3.389532864093780518e-02 9.939448833465576172e-01 -1.483090668916702271e-01 -7.728127241134643555e-01 9.981586933135986328e-01 -3.890880644321441650e-01 -5.698317289352416992e-01 9.747371077537536621e-01 4.920949935913085938e-01 7.491442561149597168e-01 4.025257229804992676e-01 -9.945312142372131348e-01 -9.879705905914306641e-01 8.811847567558288574e-01 9.941868185997009277e-01 9.919587969779968262e-01 -9.541268646717071533e-02 2.216199338436126709e-01 2.204266637563705444e-01 -9.902399182319641113e-01 -9.964929819107055664e-01 -7.941054105758666992e-01 5.355985164642333984e-01 2.084548026323318481e-01 -9.748171567916870117e-01 9.355447888374328613e-01 -9.906693696975708008e-01 2.649526298046112061e-02 8.296009302139282227e-01 3.079741075634956360e-02 9.886189699172973633e-01 9.958140850067138672e-01 -9.877811670303344727e-01 2.985846698284149170e-01 9.144504070281982422e-01 -2.330350726842880249e-01 8.195638656616210938e-01 -1.555120348930358887e-01 8.078968524932861328e-01 8.499863743782043457e-01 -9.785129129886627197e-02 -1.526618152856826782e-01 -1.054527908563613892e-01 3.784382641315460205e-01 9.415535926818847656e-01 9.632455110549926758e-01 -1.402379125356674194e-01 3.291525319218635559e-02 3.823820948600769043e-01 5.042139291763305664e-01 9.990810155868530273e-01 3.154331743717193604e-01 -9.293441176414489746e-01 1.211990509182214737e-02 7.026169896125793457e-01 -6.685601547360420227e-03 -2.525388896465301514e-01 -9.625278115272521973e-01 -8.359341621398925781e-01 -7.534124851226806641e-01 1.533168107271194458e-01 9.178535342216491699e-01 1.200517639517784119e-01 4.015621244907379150e-01 5.597497224807739258e-01 4.651219844818115234e-01 2.146786451339721680e-01 -5.557748675346374512e-01 -4.625866115093231201e-01 -8.958520889282226562e-01 3.576814755797386169e-02 9.939085245132446289e-01 1.150977239012718201e-01 -6.861553341150283813e-02 -1.909171193838119507e-01 -9.086415767669677734e-01 6.686240434646606445e-01 6.431065201759338379e-01 9.977423548698425293e-01 3.375346660614013672e-01 7.628809213638305664e-01 3.982451260089874268e-01 7.214714586734771729e-02 7.291284203529357910e-01 -2.640216052532196045e-02 7.200497984886169434e-01 -4.672067239880561829e-02 5.673998594284057617e-02 -4.280864074826240540e-02 -2.583680450916290283e-01 1.137568056583404541e-01 -8.804419636726379395e-01 -6.540556550025939941e-01 -1.408485881984233856e-02 -2.490442842245101929e-01 -3.209595382213592529e-01 -9.429586529731750488e-01 -7.239740490913391113e-01 4.666536450386047363e-01 3.570643663406372070e-01 6.143852472305297852e-01 2.495843023061752319e-01 9.840955138206481934e-01 -5.528885126113891602e-01 -6.668492406606674194e-02 -6.047400236129760742e-01 -9.964184165000915527e-01 1.937526315450668335e-01 4.742403328418731689e-01 -1.759026199579238892e-01 9.697829186916351318e-02 4.068587720394134521e-01 -2.534543573856353760e-01 -9.879148602485656738e-01 1.679109036922454834e-01 9.938343167304992676e-01 -5.201104879379272461e-01 2.619389630854129791e-02 4.508652538061141968e-02 9.472097754478454590e-01 -2.993578016757965088e-01 -3.483196198940277100e-01 -9.142134189605712891e-01 -9.981895089149475098e-01 -2.423112243413925171e-01 -2.948110699653625488e-01 -4.736502468585968018e-01 -7.244681566953659058e-02 -3.907453417778015137e-01 9.994923472404479980e-01 2.052918821573257446e-02 2.815760076045989990e-01 -2.821748256683349609e-01 6.307878494262695312e-01 -5.123398900032043457e-01 5.464113354682922363e-01 -9.665273427963256836e-01 -7.275930047035217285e-01 -6.684664636850357056e-02 7.491295784711837769e-02 -9.876453280448913574e-01 8.229693174362182617e-01 9.970992803573608398e-01 -9.891495704650878906e-01 1.216186657547950745e-01 -6.486667394638061523e-01 2.351638823747634888e-01 2.043634094297885895e-02 -7.829319238662719727e-01 -8.586637377738952637e-01 8.651083111763000488e-01 -2.366699576377868652e-01 2.616988420486450195e-01 2.186709046363830566e-01 9.572928547859191895e-01 5.650789141654968262e-01 -9.835212230682373047e-01 1.402567476034164429e-01 6.713725924491882324e-01 -1.221895962953567505e-01 3.232600167393684387e-02 3.865066170692443848e-01 -9.798635840415954590e-01 8.186166286468505859e-01 -9.986965656280517578e-01 -9.704237580299377441e-01 6.641473621129989624e-02 -7.669453024864196777e-01 -3.350481986999511719e-01 4.807893931865692139e-01 -2.344336956739425659e-01 8.319306652992963791e-04 -9.596030116081237793e-01 -9.997193217277526855e-01 -2.133939266204833984e-01 -9.856159687042236328e-01 -8.387159705162048340e-01 -9.973556995391845703e-01 6.039410829544067383e-01 -3.792793154716491699e-01 -3.179988265037536621e-02 6.717498898506164551e-01 -2.339619994163513184e-01 1.043947786092758179e-01 2.282635718584060669e-01 2.098820954561233521e-01 9.680604934692382812e-01 5.259771943092346191e-01 7.383852452039718628e-02 2.303186804056167603e-01 9.789117574691772461e-01 -8.677492737770080566e-01 1.002577878534793854e-02 -9.950354695320129395e-01 -1.374428998678922653e-02 6.649144291877746582e-01 9.962639808654785156e-01 8.017266392707824707e-01 9.905175566673278809e-01 -9.998531937599182129e-01 -7.757104188203811646e-02 4.844966530799865723e-01 -7.464556694030761719e-01 6.416491270065307617e-01 -3.500709235668182373e-01 -4.963072761893272400e-02 -9.244841337203979492e-01 -4.972931146621704102e-01 6.010704040527343750e-01 -9.962967038154602051e-01 9.895523190498352051e-01 -2.253372967243194580e-01 4.309965968132019043e-01 4.565542936325073242e-01 2.569361925125122070e-01 3.173078596591949463e-01 -9.403886198997497559e-01 -6.351732015609741211e-01 -7.565362453460693359e-01 -2.463956028223037720e-01 7.689992338418960571e-02 -1.458901762962341309e-01 -9.999974370002746582e-01 9.577330350875854492e-01 -9.241648912429809570e-01 1.081798523664474487e-01 2.601404786109924316e-01 6.684762239456176758e-02 1.466242074966430664e-01 -6.610481142997741699e-01 9.979387521743774414e-01 -6.824098825454711914e-01 1.378268897533416748e-01 2.833177447319030762e-01 -2.331756055355072021e-01 1.696194559335708618e-01 -6.028442382812500000e-01 6.256450414657592773e-01 5.591311454772949219e-01 2.404687106609344482e-01 9.741526842117309570e-02 -2.710813879966735840e-01 -9.672774076461791992e-01
2.083477526903152466e-01 1.809139996767044067e-01 2.165616750717163086e-01 1.319197565317153931e-01 -4.121758937835693359e-01 7.079743742942810059e-01 9.824165105819702148e-01 -9.996451139450073242e-01 -9.422719478607177734e-02 -9.822278618812561035e-01 -2.318812310695648193e-01 -9.561539888381958008e-01 -7.125821113586425781e-01 -8.425897955894470215e-01 -8.725392222404479980e-01 -2.584075182676315308e-02 -1.267933249473571777e-01 -3.325084745883941650e-01 -4.927842319011688232e-01 -4.466344788670539856e-02 3.503743931651115417e-02 2.375622466206550598e-02 7.191975116729736328e-01 1.270932853221893311e-01 9.980962276458740234e-01 9.918902516365051270e-01 -4.461483955383300781e-01 -3.706434667110443115e-01 1.790046878159046173e-02 6.142296195030212402e-01 9.982649683952331543e-01 -2.629995942115783691e-01 1.891927421092987061e-01 -1.605091616511344910e-02 -9.727101922035217285e-01 -2.254730761051177979e-01 1.723374575376510620e-01 -4.895465448498725891e-02 9.969725608825683594e-01 -2.981100380420684814e-01 -1.661114990711212158e-01 -3.594543039798736572e-01 2.896468043327331543e-01 -9.902610778808593750e-01 -2.381492108106613159e-01 6.914152503013610840e-01 -9.981993436813354492e-01 -3.439127206802368164e-01 -3.399154245853424072e-01 -1.268513947725296021e-01 9.724591374397277832e-01 -2.492145597934722900e-01 9.992766976356506348e-01 -6.713246554136276245e-02 -3.174310922622680664e-01 2.295140922069549561e-01 3.601638674736022949e-01 2.528800666332244873e-01 -9.829199314117431641e-01 -8.606632947921752930e-01 -3.856925964355468750e-01 -1.610239148139953613e-01 8.670482039451599121e-01 1.059802025556564331e-01 3.890343904495239258e-01 -9.959694147109985352e-01 9.992599487304687500e-01 1.291499286890029907e-01 3.621277511119842529e-01 9.916479587554931641e-01 9.808836579322814941e-01 9.997782707214355469e-01 -8.738958239555358887e-01 -9.671021699905395508e-01 -9.351130127906799316e-01 4.831905663013458252e-02 -7.342193275690078735e-02 7.450888752937316895e-01 -6.535540223121643066e-01 -2.746818363666534424e-01 -9.989885091781616211e-01 -4.177722036838531494e-01 9.595096111297607422e-01 -8.339310437440872192e-02 6.674847602844238281e-01 -3.162398934364318848e-01 8.113816380500793457e-02 2.038755118846893311e-01 -3.900282979011535645e-01 7.599484175443649292e-02 -7.765952348709106445e-01 -8.596481382846832275e-02 2.555179893970489502e-01 -9.886761903762817383e-01 -8.879797458648681641e-01 8.915688395500183105e-01 9.829320311546325684e-01 -4.442441165447235107e-01 -9.970070719718933105e-01 -2.439695745706558228e-01 -8.791424632072448730e-01 -9.848110079765319824e-01 -1.894718110561370850e-01 -2.298104315996170044e-01 3.788959085941314697e-01 -9.340796619653701782e-02 9.963203668594360352e-01 5.158160924911499023e-01 -3.340533077716827393e-01 -5.322939157485961914e-01 -1.907391250133514404e-01 6.685414314270019531e-01 9.115742444992065430e-01 -8.346483707427978516e-01 -5.298491120338439941e-01 4.570903778076171875e-01 -9.210279583930969238e-01 6.057456135749816895e-02 2.828456163406372070e-01 9.734497070312500000e-01 -9.297268390655517578e-01 -1.617284268140792847e-01 -9.813910126686096191e-01 5.624589920043945312e-01 -1.311493963003158569e-01 2.271161675453186035e-01 -9.849857687950134277e-01 -2.396243214607238770e-01 -3.966332376003265381e-01 -1.917674243450164795e-01 9.648041725158691406e-01 3.888210058212280273e-01 -3.393535315990447998e-01 1.275536604225635529e-03 2.343980967998504639e-01 -9.994216561317443848e-01 9.836473464965820312e-01 -9.656482934951782227e-01 -9.966385960578918457e-01 3.221102356910705566e-01 8.488683104515075684e-01 3.975951373577117920e-01 -1.060097068548202515e-01 4.737228751182556152e-01 -2.354392409324645996e-01 2.637782990932464600e-01 -9.503410458564758301e-01 9.608649611473083496e-01 -4.597559273242950439e-01 -1.625164449214935303e-01 -3.750455081462860107e-01 -8.704409748315811157e-02 -5.462302565574645996e-01 -5.712704062461853027e-01 2.451215237379074097e-01 -5.139986276626586914e-01 -4.011086523532867432e-01 -7.338795661926269531e-01 -6.356652081012725830e-02 1.436434835195541382e-01 -1.554295867681503296e-01 -1.987664215266704559e-02 2.719723582267761230e-01 -1.875177621841430664e-01 9.996955990791320801e-01 -6.620230674743652344e-01 -1.443060487508773804e-01 -6.252591013908386230e-01 9.892342090606689453e-01 9.910697937011718750e-01 3.342968821525573730e-01 7.378908991813659668e-01 -6.181527376174926758e-01 -6.165239214897155762e-01 1.060910895466804504e-02 4.558978378772735596e-01 -7.997568845748901367e-01 -2.892248928546905518e-01 9.848794937133789062e-01 -9.062595367431640625e-01 8.776798844337463379e-01 2.171646058559417725e-01 9.631729722023010254e-01 -7.205017209053039551e-01 9.854032397270202637e-01 -8.846834301948547363e-01 -9.726396203041076660e-01 -8.852028846740722656e-01 5.289569497108459473e-01 -6.320624947547912598e-01 9.944127202033996582e-01 -9.322134852409362793e-01 9.793084263801574707e-01 -1.596650108695030212e-02 9.516988396644592285e-01 -6.041258573532104492e-01 -5.218994617462158203e-01 -9.000944495201110840e-01 -7.011388540267944336e-01 -3.984501361846923828e-01 5.761261656880378723e-02 -4.215414524078369141e-01 -8.809828162193298340e-01 3.769279271364212036e-02 9.687417000532150269e-02 2.051493674516677856e-01 -7.696526497602462769e-02 9.935967922210693359e-01 9.951102733612060547e-01 2.314506471157073975e-01 -9.340311884880065918e-01 1.597992628812789917e-01 -3.281423747539520264e-01 8.606865257024765015e-02 8.483712673187255859e-01 -9.449644684791564941e-01 4.946117401123046875e-01 9.352319240570068359e-01 6.147495508193969727e-01 -2.548557221889495850e-01 6.671745777130126953e-01 2.807299792766571045e-01 -7.691106796264648438e-01 4.532194733619689941e-01 -9.343863129615783691e-01 5.071754455566406250e-01 -9.711664319038391113e-01 -3.066055476665496826e-01 -9.977064132690429688e-01 9.122468829154968262e-01 1.997436732053756714e-01 3.644345402717590332e-01 -1.866305619478225708e-01 3.186192810535430908e-01 9.349580407142639160e-01 1.390300393104553223e-01 -3.183934390544891357e-01 -4.797394275665283203e-01 -7.043450325727462769e-02 -2.848974764347076416e-01 9.840326905250549316e-01 9.989113211631774902e-01 -1.425006538629531860e-01 9.928062558174133301e-01 8.241229057312011719e-01 1.036805585026741028e-01 9.897472858428955078e-01 -3.892491385340690613e-02 3.172730803489685059e-01 2.592695057392120361e-01 2.844634652137756348e-01 -4.668693244457244873e-01 -1.517549455165863037e-01 1.590397804975509644e-01 9.996315836906433105e-01 -3.730446696281433105e-01 8.031674474477767944e-02 -9.530773758888244629e-01 -3.183687031269073486e-01 4.026210606098175049e-01 -3.608757257461547852e-01 -9.261180162429809570e-01 4.421661198139190674e-01 -1.328912526369094849e-01 -2.478839010000228882e-01 7.847277522087097168e-01 9.926288127899169922e-01 -9.896194934844970703e-01 1.804695427417755127e-01 2.641752362251281738e-01 9.605862498283386230e-01 8.118071593344211578e-03 -8.926143646240234375e-01 9.995885491371154785e-01 -4.785010814666748047e-01 -9.802777171134948730e-01 8.421716690063476562e-01 2.148154973983764648e-01 9.540474414825439453e-01 -4.399867653846740723e-01 -6.796316504478454590e-01 -9.883883595466613770e-01 9.430963993072509766e-01 9.985274672508239746e-01 9.747624993324279785e-01 7.230896502733230591e-02 4.620103240013122559e-01 -3.341714441776275635e-01 -9.974243640899658203e-01 -9.992648363113403320e-01 -9.896304011344909668e-01 3.394696116447448730e-01 3.880794942378997803e-01 -3.737009465694427490e-01 9.229291081428527832e-01 -9.964649677276611328e-01 -4.246623814105987549e-01 9.545216560363769531e-01 -4.323121905326843262e-01 9.859394431114196777e-01 9.999026656150817871e-01 -9.811376333236694336e-01 9.810425341129302979e-02 9.971155524253845215e-01 -2.118880748748779297e-01 -7.332026958465576172e-02 4.177263081073760986e-01 9.907639622688293457e-01 2.031879276037216187e-01 8.338452875614166260e-02 -3.919814825057983398e-01 -9.877460598945617676e-01 2.746272683143615723e-01 9.876029491424560547e-01 9.718267321586608887e-01 -2.004253715276718140e-01 -1.415616124868392944e-01 3.795079588890075684e-01 8.315081149339675903e-02 9.996914863586425781e-01 8.000978827476501465e-02 4.788016378879547119e-01 1.749631762504577637e-02 -9.685364365577697754e-01 -2.971658110618591309e-01 -9.492617100477218628e-02 -9.369919300079345703e-01 -6.719818711280822754e-01 -7.489042878150939941e-01 -8.958418667316436768e-02 9.942600131034851074e-01 5.137653555721044540e-03 -3.148996457457542419e-02 -9.116602540016174316e-01 1.902163326740264893e-01 6.580791622400283813e-02 -1.111381947994232178e-01 -9.178164005279541016e-01 -6.944501399993896484e-01 3.787401020526885986e-01 8.159354925155639648e-01 1.337707042694091797e-01 -1.290993988513946533e-01 5.431389808654785156e-01 -9.960266947746276855e-01 -9.117128849029541016e-01 2.849708795547485352e-01 9.952096343040466309e-01 -7.843633741140365601e-02 7.274287939071655273e-01 1.902879923582077026e-01 9.372533857822418213e-02 -1.852131187915802002e-01 6.856938451528549194e-02 6.576210260391235352e-01 7.313165115192532539e-04 5.733762979507446289e-01 -4.121928662061691284e-02 6.024657934904098511e-02 -2.229406386613845825e-01 -9.990124702453613281e-01 -5.787383913993835449e-01 -1.092685759067535400e-01 -4.532855749130249023e-01 -1.643149554729461670e-01 -8.604502677917480469e-01 -6.311583518981933594e-01 -2.244370877742767334e-01 1.281393170356750488e-01 4.441558122634887695e-01 -1.655370146036148071e-01 9.829951524734497070e-01 -5.180772542953491211e-01 4.599118828773498535e-01 7.146028280258178711e-01 -9.990148544311523438e-01 8.993298560380935669e-02 2.509124279022216797e-01 -5.660080313682556152e-01 2.639255523681640625e-01 -3.000892698764801025e-01 4.679117798805236816e-01 -9.891567230224609375e-01 -4.067109152674674988e-02 9.725806117057800293e-01 -4.804796278476715088e-01 2.395341545343399048e-01 -3.830612599849700928e-01 7.316336631774902344e-01 -4.317392110824584961e-01 -2.888161242008209229e-01 9.258797168731689453e-01 -9.996665120124816895e-01 4.323136806488037109e-02 6.325751543045043945e-02 -5.642584562301635742e-01 1.165649741888046265e-01 -2.721996605396270752e-01 8.854618668556213379e-01 -6.885185092687606812e-02 3.702433705329895020e-01 3.131459653377532959e-02 3.019911944866180420e-01 -3.066246807575225830e-01 9.919919371604919434e-01 -4.645090997219085693e-01 -3.946290314197540283e-01 -7.935884594917297363e-02 1.407513767480850220e-01 -9.903340935707092285e-01 -4.957714080810546875e-01 7.387729883193969727e-01 -9.647457003593444824e-01 -5.000715851783752441e-01 -9.462200999259948730e-01 2.498788237571716309e-01 1.028184890747070312e-01 6.520006060600280762e-01 -4.108180403709411621e-01 -9.630088806152343750e-01 -2.248502820730209351e-01 9.891029596328735352e-01 -6.844511628150939941e-02 9.935595989227294922e-01 5.049608349800109863e-01 -9.943570494651794434e-01 -7.504379749298095703e-02 3.414796590805053711e-01 3.102714419364929199e-01 2.285878360271453857e-01 -2.816175818443298340e-01 -1.487095654010772705e-01 9.865083694458007812e-01 -9.990550875663757324e-01 -8.669024109840393066e-01 2.382230013608932495e-01 -6.933960318565368652e-01 7.220447063446044922e-02 2.813262641429901123e-01 -4.872564971446990967e-01 -2.002338171005249023e-01 -9.994500875473022461e-01 -7.880781888961791992e-01 -2.158882468938827515e-01 -9.837775230407714844e-01 -8.872620463371276855e-01 -9.798910617828369141e-01 1.455748677253723145e-01 -8.722411096096038818e-02 -2.020142376422882080e-01 1.718330085277557373e-01 -1.471157819032669067e-01 7.997288554906845093e-02 4.525775909423828125e-01 -1.730020344257354736e-01 9.150522351264953613e-01 4.146707952022552490e-01 -1.883873194456100464e-01 3.737410604953765869e-01 9.999204277992248535e-01 4.516865313053131104e-01 3.170804977416992188e-01 -9.906387329101562500e-01 2.883327603340148926e-01 6.906631588935852051e-01 9.998784065246582031e-01 9.826113581657409668e-01 8.408368229866027832e-01 -8.960156440734863281e-01 -1.637476980686187744e-01 3.451685905456542969e-01 -9.531489610671997070e-01 5.214493870735168457e-01 1.025387458503246307e-02 4.512377977371215820e-01 -9.576585888862609863e-01 1.977045089006423950e-01 3.388981521129608154e-02 -9.329805970191955566e-01 9.509735107421875000e-01 -2.932760417461395264e-01 -3.184007853269577026e-02 7.222828865051269531e-01 8.036478608846664429e-02 3.145493566989898682e-01 -9.909961819648742676e-01 -6.397804021835327148e-01 -3.188246488571166992e-01 -5.755276978015899658e-02 2.387699186801910400e-01 -8.440995961427688599e-02 -9.999564290046691895e-01 4.507267475128173828e-01 -9.582781195640563965e-01 -9.115037322044372559e-02 -1.426808834075927734e-01 1.922703534364700317e-01 2.904644012451171875e-01 -9.972126483917236328e-01 9.965267777442932129e-01 -9.239043593406677246e-01 1.337808817625045776e-01 -7.953876256942749023e-02 3.917675614356994629e-01 4.167609512805938721e-01 -9.635174870491027832e-01 9.987912774085998535e-01 -8.065842390060424805e-01 3.271790146827697754e-01 2.929497361183166504e-01 -9.292402118444442749e-02 -9.210391640663146973e-01
-8.445593714714050293e-01 9.794477820396423340e-01 -3.176087513566017151e-02 1.830126196146011353e-01 -1.030850261449813843e-01 -9.986606836318969727e-01 9.987385869026184082e-01 -9.907144308090209961e-01 -2.141561508178710938e-01 -9.477698802947998047e-01 -2.944197952747344971e-01 -5.539698004722595215e-01 9.593142867088317871e-01 -8.672298789024353027e-01 -8.219152688980102539e-01 8.673055469989776611e-02 -2.804875001311302185e-02 5.432943999767303467e-02 -8.261835575103759766e-01 1.804300695657730103e-01 5.167657136917114258e-01 -1.123274769634008408e-02 -5.854542255401611328e-01 -9.024661779403686523e-01 9.974948763847351074e-01 9.341010451316833496e-01 1.062979921698570251e-02 -4.447460770606994629e-01 4.220239818096160889e-01 9.978705644607543945e-01 1.215970814228057861e-01 -1.121955662965774536e-01 3.075490295886993408e-01 4.399867057800292969e-01 1.288463473320007324e-01 -6.770872473716735840e-01 -2.145164757966995239e-01 -4.412422776222229004e-01 8.940215706825256348e-01 -6.851749122142791748e-02 1.795635521411895752e-01 -2.610702216625213623e-01 3.058726787567138672e-01 -9.461131691932678223e-01 3.183786571025848389e-02 9.893742203712463379e-01 -6.458722949028015137e-01 -2.298697829246520996e-01 9.799696803092956543e-01 -5.747082233428955078e-01 7.190983295440673828e-01 -3.112161755561828613e-01 7.829341292381286621e-01 -3.312720730900764465e-02 -4.368093609809875488e-01 1.458557546138763428e-01 -5.144437029957771301e-02 -5.428258180618286133e-01 -9.991649985313415527e-01 -3.985935449600219727e-02 3.782079741358757019e-02 4.338217973709106445e-01 8.548269271850585938e-01 -3.394060134887695312e-01 6.706925481557846069e-02 -9.969845414161682129e-01 9.302974939346313477e-01 6.993610262870788574e-01 2.957289218902587891e-01 7.285953164100646973e-01 9.109722375869750977e-01 9.998946189880371094e-01 -4.734089672565460205e-01 -9.734223484992980957e-01 -9.081903696060180664e-01 -3.300071954727172852e-01 -8.890011161565780640e-02 -9.246739745140075684e-01 3.723327517509460449e-01 -4.940638542175292969e-01 -5.732237696647644043e-01 -2.508498728275299072e-04 9.996194839477539062e-01 -7.786345481872558594e-01 9.965410232543945312e-01 5.337150096893310547e-01 -1.386598795652389526e-01 -1.225569993257522583e-01 -5.221052169799804688e-01 4.667566716670989990e-01 -9.872891306877136230e-01 -1.589760631322860718e-01 5.318758487701416016e-01 -5.195614695549011230e-01 -4.986841976642608643e-01 8.531334996223449707e-01 9.966841936111450195e-01 1.154219806194305420e-01 -9.585933685302734375e-01 4.904595315456390381e-01 -9.996414184570312500e-01 -9.477238059043884277e-01 -1.469488143920898438e-01 3.058365285396575928e-01 -2.959607541561126709e-01 6.207743659615516663e-02 4.829967617988586426e-01 3.900916874408721924e-01 -3.669256269931793213e-01 5.376542210578918457e-01 -7.856875658035278320e-02 1.660554707050323486e-01 -9.574480056762695312e-01 -9.949271678924560547e-01 -2.547622621059417725e-01 3.816585242748260498e-01 -9.325497150421142578e-01 6.973627209663391113e-01 -4.843315184116363525e-01 9.713817238807678223e-01 -6.199506521224975586e-01 -1.793283075094223022e-01 -9.918660521507263184e-01 9.963854551315307617e-01 -2.574223875999450684e-01 -5.364593267440795898e-01 -8.803915977478027344e-01 -3.677250444889068604e-01 -1.213272288441658020e-01 -1.021621450781822205e-01 5.433841943740844727e-01 7.083352208137512207e-01 8.855941891670227051e-01 5.643565654754638672e-01 5.162234306335449219e-01 2.135037779808044434e-01 9.653948545455932617e-01 -9.956194758415222168e-01 6.971096992492675781e-01 2.952105700969696045e-01 9.974628686904907227e-01 4.073443710803985596e-01 -5.412535667419433594e-01 9.795470833778381348e-01 -2.245856523513793945e-01 -6.895721554756164551e-01 -9.759093523025512695e-01 9.084298014640808105e-01 9.205766916275024414e-01 -8.716808632016181946e-03 -4.573929309844970703e-01 -4.580996930599212646e-01 7.550815343856811523e-01 -3.551296293735504150e-01 1.623653322458267212e-01 -1.684292852878570557e-01 -9.961077570915222168e-01 5.259452462196350098e-01 1.672581285238265991e-01 5.313013195991516113e-01 -7.613569498062133789e-02 2.401443868875503540e-01 6.365433335304260254e-02 -6.199020743370056152e-01 9.992840886116027832e-01 -3.893581926822662354e-01 -5.133307576179504395e-01 -6.324903368949890137e-01 9.983543753623962402e-01 9.139251112937927246e-01 3.018221855163574219e-01 -9.766303300857543945e-01 -9.474310874938964844e-01 -9.979611039161682129e-01 4.165777862071990967e-01 2.984578907489776611e-01 4.894593954086303711e-01 -2.742898464202880859e-01 9.975830316543579102e-01 9.135547280311584473e-01 8.733179569244384766e-01 -4.003542959690093994e-01 9.972281455993652344e-01 -9.858722090721130371e-01 9.288321733474731445e-01 -9.994989633560180664e-01 -9.634149074554443359e-01 8.299203515052795410e-01 4.949879050254821777e-01 -1.008254215121269226e-01 9.433977007865905762e-01 -8.941102027893066406e-01 -6.199963092803955078e-01 -6.957215815782546997e-02 9.521144628524780273e-01 -5.015200003981590271e-02 -6.679912209510803223e-01 -9.970145821571350098e-01 -8.416175246238708496e-01 2.305479347705841064e-01 3.499103486537933350e-01 -7.211891412734985352e-01 7.627624869346618652e-01 1.022436395287513733e-01 1.151693332940340042e-02 -5.489279031753540039e-01 1.979935616254806519e-01 3.908264040946960449e-01 -1.508302390575408936e-01 -3.660245537757873535e-01 -4.082760810852050781e-01 -5.098214372992515564e-02 3.061746358871459961e-01 6.613207459449768066e-01 9.878060817718505859e-01 -1.987911760807037354e-02 9.383609890937805176e-01 9.938997030258178711e-01 9.977555274963378906e-01 2.008064985275268555e-01 -8.198211193084716797e-01 1.782680116593837738e-02 -9.253279566764831543e-01 7.074968218803405762e-01 -4.893018007278442383e-01 2.892804443836212158e-01 -9.940935373306274414e-01 -4.647226929664611816e-01 6.961436867713928223e-01 9.979192018508911133e-01 1.979934722185134888e-01 8.851020783185958862e-02 -3.698278963565826416e-01 7.543039917945861816e-01 9.928154945373535156e-01 5.176952481269836426e-01 -9.554058909416198730e-01 -2.312908917665481567e-01 7.277112603187561035e-01 1.259215921163558960e-01 8.071910142898559570e-01 9.999586343765258789e-01 -7.284295558929443359e-01 9.912760257720947266e-01 9.963511228561401367e-01 2.790237069129943848e-01 8.237893581390380859e-01 2.350801974534988403e-01 -3.321743905544281006e-01 -3.582449555397033691e-01 4.280211329460144043e-01 9.525558352470397949e-02 -3.114103078842163086e-01 1.383817847818136215e-02 9.998261928558349609e-01 -3.100996613502502441e-01 -3.190259635448455811e-01 -9.992188215255737305e-01 -1.144385412335395813e-01 8.555515408515930176e-01 -9.491084516048431396e-02 7.143949270248413086e-01 -1.608285866677761078e-02 -9.990918636322021484e-01 1.286664754152297974e-01 9.674616456031799316e-01 9.941862821578979492e-01 -8.643279075622558594e-01 2.227513939142227173e-01 -3.402253091335296631e-01 9.969807863235473633e-01 -3.952058553695678711e-01 -6.336588263511657715e-01 9.971441030502319336e-01 -5.186629295349121094e-01 2.755017280578613281e-01 7.660301774740219116e-02 4.863182008266448975e-01 3.623175919055938721e-01 5.524120330810546875e-01 -9.646393656730651855e-01 -9.492172002792358398e-01 9.749634265899658203e-01 9.976215958595275879e-01 9.886774420738220215e-01 1.646126038394868374e-03 3.085307478904724121e-01 5.795130729675292969e-01 -9.950217604637145996e-01 -9.919069409370422363e-01 -8.543246388435363770e-01 7.279666662216186523e-01 1.923011541366577148e-01 -9.450274705886840820e-01 9.905192255973815918e-01 -6.360532641410827637e-01 9.817361831665039062e-03 6.712370514869689941e-01 1.895874887704849243e-01 9.961874485015869141e-01 9.966377615928649902e-01 -9.776203036308288574e-01 -7.656002640724182129e-01 9.567387700080871582e-01 -3.720150887966156006e-01 8.266780376434326172e-01 -4.599096998572349548e-02 9.529104232788085938e-01 8.524204492568969727e-01 2.584134340286254883e-01 -2.943915426731109619e-01 -7.150998711585998535e-01 5.207123756408691406e-01 8.749774098396301270e-01 -3.391736745834350586e-01 -1.221802756190299988e-01 1.102686822414398193e-01 1.253930032253265381e-01 6.383670568466186523e-01 9.932365417480468750e-01 2.449890524148941040e-01 -9.262717962265014648e-01 -4.011556804180145264e-01 8.594116568565368652e-01 -1.907307505607604980e-01 -5.476224422454833984e-01 -9.799320101737976074e-01 1.339340060949325562e-01 -9.971620440483093262e-01 -8.422554731369018555e-01 9.721487164497375488e-01 6.809327006340026855e-02 3.884616494178771973e-01 -1.478264927864074707e-01 2.357969433069229126e-01 5.487115383148193359e-01 -4.672196507453918457e-01 6.988916397094726562e-01 -9.911561608314514160e-01 1.188055947422981262e-01 9.841122627258300781e-01 -8.653935790061950684e-02 -5.101642012596130371e-01 9.003285169601440430e-01 -9.120922684669494629e-01 6.122854351997375488e-01 9.328458309173583984e-01 9.984334707260131836e-01 2.309540659189224243e-01 6.347108483314514160e-01 5.879518985748291016e-01 4.132672250270843506e-01 -4.677203297615051270e-02 -3.733905032277107239e-02 9.978423118591308594e-01 -3.799509108066558838e-01 8.304167985916137695e-01 -7.180750370025634766e-02 -3.829920291900634766e-01 4.525466635823249817e-02 -8.995090723037719727e-01 -9.968538880348205566e-01 -3.753212988376617432e-01 -5.784592032432556152e-02 -1.456893831491470337e-01 -9.760773181915283203e-01 -9.982338547706604004e-01 4.737056493759155273e-01 4.651713967323303223e-01 5.785833001136779785e-01 6.195442378520965576e-02 9.720189571380615234e-01 -6.291514635086059570e-01 4.092754423618316650e-01 -9.432253241539001465e-01 -9.911243915557861328e-01 2.308887988328933716e-01 3.268989026546478271e-01 4.655657708644866943e-02 1.680437591858208179e-03 3.340867757797241211e-01 1.601124554872512817e-02 -9.158813953399658203e-01 -2.727622725069522858e-02 9.826068878173828125e-01 6.068762540817260742e-01 5.965932011604309082e-01 2.731618285179138184e-02 9.936119318008422852e-01 -1.545607019215822220e-02 -2.119425982236862183e-01 -5.861985683441162109e-01 -9.994592070579528809e-01 -1.078352704644203186e-01 -9.034339338541030884e-02 -6.434369087219238281e-01 -4.159597456455230713e-01 -7.255565524101257324e-01 9.956047534942626953e-01 4.323443770408630371e-01 1.079344302415847778e-01 -4.766010940074920654e-01 9.920089840888977051e-01 -5.661920309066772461e-01 8.601734042167663574e-01 -7.508324384689331055e-01 -9.967986941337585449e-01 -5.977016687393188477e-01 1.768473088741302490e-01 -9.939506053924560547e-01 7.420089840888977051e-01 9.974227547645568848e-01 -9.984023571014404297e-01 1.474182009696960449e-01 1.189996078610420227e-01 3.232749700546264648e-01 1.833995431661605835e-01 5.650307610630989075e-02 -6.874069571495056152e-01 5.505340173840522766e-02 -1.635500490665435791e-01 9.375363588333129883e-01 2.038585692644119263e-01 9.220188260078430176e-01 5.027313232421875000e-01 -9.547274112701416016e-01 -3.113482296466827393e-01 5.679966807365417480e-01 -1.120230630040168762e-01 -1.784999072551727295e-01 6.649084687232971191e-01 -9.186545014381408691e-01 7.570278048515319824e-01 -9.996482729911804199e-01 -9.628677368164062500e-01 4.835778102278709412e-02 -6.569555997848510742e-01 -8.770270943641662598e-01 -1.567107737064361572e-01 -1.749309152364730835e-01 -3.004526495933532715e-01 -8.974371552467346191e-01 -9.891036152839660645e-01 5.673545002937316895e-01 -9.209442138671875000e-01 -2.298201173543930054e-01 -9.943064451217651367e-01 5.557196736335754395e-01 -2.459820508956909180e-01 2.639012932777404785e-01 6.946156024932861328e-01 -2.929492592811584473e-01 1.531064361333847046e-01 -5.798655152320861816e-01 3.630242049694061279e-01 9.894884824752807617e-01 4.438548982143402100e-01 1.709468103945255280e-02 1.978363990783691406e-01 9.315435886383056641e-01 -3.328694403171539307e-01 2.555909752845764160e-01 -9.940879940986633301e-01 4.682832658290863037e-01 9.968206286430358887e-01 9.984024763107299805e-01 9.392600059509277344e-01 9.980231523513793945e-01 -9.994687438011169434e-01 -2.935325503349304199e-01 7.816125750541687012e-01 -6.974800825119018555e-01 8.879137635231018066e-01 3.252270519733428955e-01 5.013679862022399902e-01 -7.538464069366455078e-01 -4.168708324432373047e-01 5.846194624900817871e-01 -9.983024597167968750e-01 8.853982686996459961e-01 4.010297656059265137e-01 4.082213640213012695e-01 5.971247553825378418e-01 3.936945199966430664e-01 4.731322526931762695e-01 -7.091999053955078125e-01 -9.726426601409912109e-01 -6.930701136589050293e-01 -4.476415216922760010e-01 -4.636442363262176514e-01 -1.799656897783279419e-01 -9.999986886978149414e-01 8.945306539535522461e-01 -8.926765918731689453e-01 5.100271105766296387e-01 -1.954725086688995361e-01 -4.180934429168701172e-01 -5.166549235582351685e-02 -3.569500744342803955e-01 9.976058602333068848e-01 -9.645633697509765625e-01 2.537898421287536621e-01 1.945011615753173828e-01 -5.680351853370666504e-01 4.808384776115417480e-01 -1.642959415912628174e-01 5.247206091880798340e-01 8.471181988716125488e-01 2.667964994907379150e-01 7.928180694580078125e-02 -4.961082637310028076e-01 -8.166558146476745605e-01
8.579023480415344238e-01 1.328113824129104614e-01 3.366058468818664551e-01 3.408948481082916260e-01 -6.355964541435241699e-01 9.867053627967834473e-01 9.987267851829528809e-01 -9.965344667434692383e-01 -2.763389050960540771e-01 -7.528369426727294922e-01 -1.822229102253913879e-02 -4.364252984523773193e-01 6.592718958854675293e-01 -9.751488566398620605e-01 -8.946496844291687012e-01 2.234213612973690033e-02 -1.443673856556415558e-03 -1.187633872032165527e-01 -6.578210592269897461e-01 9.522570669651031494e-02 3.545231223106384277e-01 1.467005908489227295e-01 8.037847280502319336e-01 2.301732599735260010e-01 9.950876832008361816e-01 9.876164793968200684e-01 -2.496519088745117188e-01 -3.267481327056884766e-01 -9.062012284994125366e-02 8.039690852165222168e-01 9.925647974014282227e-01 -1.814327836036682129e-01 5.073463320732116699e-01 -3.763481602072715759e-02 -9.914461374282836914e-01 -1.045457273721694946e-01 -4.422641098499298096e-01 -3.045121394097805023e-02 9.935466647148132324e-01 -1.425820589065551758e-01 -1.786152720451354980e-01 -1.096708551049232483e-01 3.380111157894134521e-01 -9.618959426879882812e-01 1.562222838401794434e-01 9.262310266494750977e-01 -9.710012674331665039e-01 -4.101516008377075195e-01 7.022794485092163086e-01 2.620939314365386963e-01 9.124394059181213379e-01 1.205060407519340515e-01 9.991366267204284668e-01 -5.354424118995666504e-01 -7.615398764610290527e-01 2.003675550222396851e-01 1.831342652440071106e-02 -1.286028772592544556e-01 -9.860230684280395508e-01 -6.007958054542541504e-01 -1.236836314201354980e-01 3.354359790682792664e-02 6.386857628822326660e-01 -2.584481611847877502e-02 9.213815629482269287e-02 -9.803233146667480469e-01 9.937009811401367188e-01 2.562364637851715088e-01 3.939473927021026611e-01 9.708215594291687012e-01 9.950996637344360352e-01 9.993412494659423828e-01 -7.306129932403564453e-01 -9.389503002166748047e-01 -9.473441839218139648e-01 -2.921233773231506348e-01 -8.769238740205764771e-02 7.483267188072204590e-01 -4.454666674137115479e-01 -1.541958898305892944e-01 -9.983955621719360352e-01 2.360703051090240479e-02 9.991506934165954590e-01 -7.913154959678649902e-01 8.533466458320617676e-01 -5.322566628456115723e-01 1.051174942404031754e-02 3.714836239814758301e-01 -1.469977945089340210e-01 -4.404347836971282959e-01 -9.426202178001403809e-01 -2.507741004228591919e-02 2.467715293169021606e-01 -9.740116000175476074e-01 1.437798887491226196e-01 9.669374823570251465e-01 9.062476158142089844e-01 -1.112717986106872559e-01 -9.924251437187194824e-01 -1.757930964231491089e-01 7.623856663703918457e-01 -9.815993905067443848e-01 8.568010330200195312e-01 1.195634454488754272e-01 -2.644599974155426025e-01 -7.177177071571350098e-02 9.018867015838623047e-01 5.507314205169677734e-01 -1.749165356159210205e-01 -8.797125220298767090e-01 -4.810242354869842529e-01 -1.595420837402343750e-01 -5.354380011558532715e-01 -9.579296112060546875e-01 -2.435989677906036377e-01 6.002594828605651855e-01 -8.523003458976745605e-01 8.329941630363464355e-01 1.005304977297782898e-01 9.647960662841796875e-01 -9.687853455543518066e-01 7.222956418991088867e-02 -9.830131530761718750e-01 9.982444643974304199e-01 -5.265115499496459961e-01 -1.105515211820602417e-01 -8.828910589218139648e-01 -2.819961011409759521e-01 -5.878379940986633301e-01 6.884047389030456543e-02 9.814326763153076172e-01 9.893469214439392090e-01 6.811425685882568359e-01 5.952375754714012146e-02 6.447277218103408813e-02 -8.057224154472351074e-01 9.974353909492492676e-01 -9.906000494956970215e-01 -7.972810864448547363e-01 3.838397860527038574e-01 9.886028170585632324e-01 4.560932815074920654e-01 -4.587329328060150146e-01 9.446256160736083984e-01 -5.448209047317504883e-01 -3.226618170738220215e-01 -9.466075897216796875e-01 9.973289370536804199e-01 8.790489519014954567e-04 -4.136947393417358398e-01 -1.911589056253433228e-01 -4.016493633389472961e-02 6.654033660888671875e-01 -1.425965279340744019e-01 2.188580930233001709e-01 -2.227546870708465576e-01 -6.157476902008056641e-01 7.516704797744750977e-01 -6.851725280284881592e-02 -4.809794947504997253e-02 -2.387545257806777954e-01 -3.524409607052803040e-02 -2.887677848339080811e-01 -6.175825595855712891e-01 9.998793601989746094e-01 1.369004845619201660e-01 -9.412991255521774292e-02 -6.314364671707153320e-01 8.789581656455993652e-01 4.178639650344848633e-01 1.920001804828643799e-01 4.354310333728790283e-01 -9.921462535858154297e-01 -7.800920605659484863e-01 8.188418298959732056e-02 3.648271858692169189e-01 5.720593333244323730e-01 1.439165920019149780e-01 9.974417090415954590e-01 8.863096237182617188e-01 9.815309643745422363e-01 2.611553072929382324e-01 9.739763140678405762e-01 -8.667144775390625000e-01 9.720140695571899414e-01 -9.707933068275451660e-01 -1.285534165799617767e-02 2.179911583662033081e-01 3.699770867824554443e-01 8.947667479515075684e-01 9.789510369300842285e-01 -9.311357736587524414e-01 -6.851428747177124023e-02 -1.340641528367996216e-01 9.958953261375427246e-01 1.032631378620862961e-03 -9.326894879341125488e-01 -9.448344707489013672e-01 -3.489063084125518799e-01 -7.038161158561706543e-02 4.520596936345100403e-02 -5.936047434806823730e-01 -6.718357205390930176e-01 2.764075696468353271e-01 1.360235363245010376e-01 -5.547174215316772461e-01 -4.741034805774688721e-01 3.025840520858764648e-01 9.915658235549926758e-01 1.898337900638580322e-02 -8.700525760650634766e-01 6.985780596733093262e-01 2.846526801586151123e-01 3.727911710739135742e-01 9.726496338844299316e-01 -9.787802100181579590e-01 -6.016072630882263184e-01 9.580484628677368164e-01 8.059982657432556152e-01 -5.715567469596862793e-01 5.179551839828491211e-01 -4.467289745807647705e-01 -9.486734271049499512e-01 4.659795463085174561e-01 -8.131051659584045410e-01 7.869064211845397949e-01 -9.751504659652709961e-01 -1.171153485774993896e-01 -9.689722061157226562e-01 7.418732047080993652e-01 4.435064792633056641e-01 6.220135092735290527e-02 -3.764014542102813721e-01 1.795489639043807983e-01 9.735097885131835938e-01 -5.682790186256170273e-03 2.376584708690643311e-01 -2.305867969989776611e-01 -5.629105120897293091e-02 1.463268250226974487e-01 9.645947217941284180e-01 9.999043345451354980e-01 2.630493976175785065e-02 9.266440868377685547e-01 9.242724776268005371e-01 2.552431225776672363e-01 9.981678128242492676e-01 4.789803549647331238e-02 5.702439546585083008e-01 -1.808737367391586304e-01 2.021792083978652954e-01 -3.727660477161407471e-01 -9.171872586011886597e-02 2.427313029766082764e-01 9.889923930168151855e-01 -2.257276624441146851e-01 -4.868592619895935059e-01 -9.955146312713623047e-01 -2.558481395244598389e-01 8.881595134735107422e-01 -4.727008640766143799e-01 -8.971531391143798828e-01 -8.701832592487335205e-02 -9.302771687507629395e-01 4.245546460151672363e-02 9.222771525382995605e-01 9.789180755615234375e-01 -9.963929057121276855e-01 8.791494369506835938e-02 1.006640642881393433e-01 9.967427253723144531e-01 4.968148656189441681e-03 6.861742734909057617e-01 9.972850680351257324e-01 -5.679318308830261230e-01 -9.780861735343933105e-01 6.581663489341735840e-01 2.178808301687240601e-01 9.711419343948364258e-01 -1.460934281349182129e-01 -9.674570560455322266e-01 -9.534986615180969238e-01 8.228750228881835938e-01 9.981524348258972168e-01 9.813458323478698730e-01 -1.785568147897720337e-01 3.603532537817955017e-02 3.155284225940704346e-01 -9.985420703887939453e-01 -9.989053606986999512e-01 -9.923959374427795410e-01 1.226395145058631897e-01 2.167067825794219971e-01 1.900483220815658569e-01 9.752029776573181152e-01 -9.982655048370361328e-01 -2.246978580951690674e-01 7.939303517341613770e-01 -2.864732146263122559e-01 9.958390593528747559e-01 9.997577667236328125e-01 -9.606196284294128418e-01 -7.770890742540359497e-02 9.628132581710815430e-01 -3.147960454225540161e-02 2.852865457534790039e-01 4.873130917549133301e-01 9.970598220825195312e-01 -6.822459399700164795e-02 1.159394159913063049e-01 -1.825729012489318848e-01 -8.902528882026672363e-01 5.804447531700134277e-01 9.965013265609741211e-01 3.829809427261352539e-01 -6.606677919626235962e-02 -1.445560902357101440e-01 2.756011188030242920e-01 3.555026948451995850e-01 9.967502951622009277e-01 9.476879239082336426e-02 6.893947720527648926e-02 2.865449488162994385e-01 -9.375090599060058594e-01 -1.446572542190551758e-01 -1.078420504927635193e-01 -6.788039207458496094e-01 1.401246488094329834e-01 -8.865711092948913574e-01 -2.956160008907318115e-01 9.992002844810485840e-01 9.553395211696624756e-03 -1.405849307775497437e-01 -7.308477163314819336e-01 7.217611372470855713e-02 2.279894202947616577e-01 3.733948245644569397e-02 -9.061021208763122559e-01 -8.495191931724548340e-01 8.349598199129104614e-02 9.958308935165405273e-01 -7.648292928934097290e-02 -4.300336241722106934e-01 9.843089580535888672e-01 -3.353122174739837646e-01 -7.688463330268859863e-01 6.652937531471252441e-01 9.995526671409606934e-01 -4.576704278588294983e-02 7.363520264625549316e-01 4.228298366069793701e-01 4.958980679512023926e-01 8.276078701019287109e-01 -2.976914942264556885e-01 8.185401558876037598e-01 -4.508529305458068848e-01 9.031680822372436523e-01 -3.469547033309936523e-01 1.634405702352523804e-01 -2.756694257259368896e-01 -9.896023273468017578e-01 -7.655592560768127441e-01 -2.468907237052917480e-01 1.141805350780487061e-01 -2.005057185888290405e-01 -8.625907301902770996e-01 -8.145371079444885254e-01 5.391156077384948730e-01 1.571257114410400391e-01 2.534279823303222656e-01 1.501798331737518311e-01 9.536678791046142578e-01 -2.982836365699768066e-01 4.638279080390930176e-01 1.931118965148925781e-01 -9.990996122360229492e-01 1.529450267553329468e-01 2.904469966888427734e-01 -3.590267524123191833e-02 1.014424040913581848e-01 -1.350767631083726883e-02 4.660691022872924805e-01 -9.585294723510742188e-01 2.162678241729736328e-01 9.949213862419128418e-01 9.439091086387634277e-01 6.845110058784484863e-01 1.871614009141921997e-01 6.022931337356567383e-01 -8.823732286691665649e-02 -2.311312556266784668e-01 8.395346999168395996e-01 -9.984285235404968262e-01 -3.184177726507186890e-02 -1.712676286697387695e-01 -5.339529514312744141e-01 -1.570224016904830933e-01 -6.460934877395629883e-01 9.986225366592407227e-01 -3.968611359596252441e-02 2.892777025699615479e-01 -8.854034543037414551e-01 4.852243661880493164e-01 -2.260250151157379150e-01 7.819622159004211426e-01 -9.639602303504943848e-01 -6.094951033592224121e-01 -1.209479868412017822e-01 -1.716859489679336548e-01 -9.956010580062866211e-01 -6.551411747932434082e-01 9.060285687446594238e-01 -9.976217150688171387e-01 -3.521803915500640869e-01 -8.728618621826171875e-01 3.783077895641326904e-01 3.341313600540161133e-01 -5.074918866157531738e-01 -6.227091327309608459e-02 -9.441452026367187500e-01 -3.451776504516601562e-01 9.831951856613159180e-01 -7.514168322086334229e-02 9.972032904624938965e-01 2.801358699798583984e-01 -9.604777097702026367e-01 6.289388239383697510e-02 5.257662534713745117e-01 2.058718353509902954e-01 -1.928567187860608101e-03 8.221845328807830811e-02 -9.962842464447021484e-01 1.076360233128070831e-02 -9.994478225708007812e-01 -8.476799130439758301e-01 1.717077754437923431e-02 -7.693411111831665039e-01 -7.463023811578750610e-02 3.682536259293556213e-02 -4.526198506355285645e-01 -2.359150052070617676e-01 -9.508880972862243652e-01 -9.516875147819519043e-01 3.101466894149780273e-01 -9.801598191261291504e-01 -9.345418810844421387e-01 -9.864056110382080078e-01 1.600345671176910400e-01 -3.629800081253051758e-01 -2.138695418834686279e-01 3.613001108169555664e-01 -3.603521585464477539e-01 4.513224661350250244e-01 7.324439883232116699e-01 -1.000979542732238770e-02 9.664089083671569824e-01 3.688406348228454590e-01 -1.688831895589828491e-01 -5.233674496412277222e-02 9.871020913124084473e-01 -4.540943205356597900e-01 1.487583760172128677e-02 -9.985571503639221191e-01 4.533700346946716309e-01 8.790225386619567871e-01 9.982517957687377930e-01 8.664632439613342285e-01 9.611500501632690430e-01 -9.984425902366638184e-01 -7.245575189590454102e-01 3.652492165565490723e-01 -8.640277385711669922e-01 7.619336247444152832e-01 -2.641448378562927246e-01 3.535543084144592285e-01 -9.830161929130554199e-01 -3.184915184974670410e-01 3.948283493518829346e-01 -9.749755263328552246e-01 9.504917263984680176e-01 1.336001455783843994e-01 6.766545772552490234e-02 5.694228410720825195e-01 -4.728042706847190857e-02 6.082326173782348633e-01 -8.797031641006469727e-01 -8.361914753913879395e-01 -6.338919997215270996e-01 -2.668626010417938232e-01 -4.684434831142425537e-02 -8.177452534437179565e-02 -9.999867081642150879e-01 -8.886344432830810547e-01 -8.002749681472778320e-01 2.972327768802642822e-01 -4.623175263404846191e-01 -1.672694385051727295e-01 3.001582026481628418e-01 -5.105599164962768555e-01 9.996755123138427734e-01 -9.915720224380493164e-01 2.412636578083038330e-02 1.191181689500808716e-01 5.876912549138069153e-02 9.659890085458755493e-02 -9.657811522483825684e-01 6.481915712356567383e-01 3.204744756221771240e-01 3.326640427112579346e-01 1.437875479459762573e-01 -2.692029178142547607e-01 -7.828136682510375977e-01
1.657301485538482666e-01 -9.497794508934020996e-01 1.287053078413009644e-01 2.620324790477752686e-01 9.980013221502304077e-02 8.374263644218444824e-01 9.681125879287719727e-01 -9.991517066955566406e-01 -6.160467863082885742e-02 -9.947937130928039551e-01 4.891601856797933578e-03 -9.208027124404907227e-01 3.727849423885345459e-01 -9.964495301246643066e-01 -8.603143692016601562e-01 2.151293456554412842e-01 2.624539136886596680e-01 1.011231467127799988e-01 -7.705491185188293457e-01 6.558041274547576904e-02 5.557320713996887207e-01 1.483700871467590332e-01 7.380712032318115234e-01 -8.694918155670166016e-01 9.982975125312805176e-01 9.546208977699279785e-01 -1.147156432271003723e-01 -4.200912117958068848e-01 2.371892631053924561e-01 9.991564750671386719e-01 9.990878701210021973e-01 -3.003998994827270508e-01 3.938954174518585205e-01 5.553431436419487000e-02 -9.727746248245239258e-01 -2.728127241134643555e-01 -3.749713301658630371e-02 -6.512875854969024658e-02 9.981906414031982422e-01 -2.098388969898223877e-01 1.066689491271972656e-01 -4.589868709444999695e-02 4.793415963649749756e-01 -9.992834925651550293e-01 -3.355199396610260010e-01 9.806303977966308594e-01 -9.485539793968200684e-01 7.051467895507812500e-02 9.938072413206100464e-02 6.733077019453048706e-02 -7.669578790664672852e-01 -2.530614137649536133e-01 9.998338818550109863e-01 -2.461983859539031982e-01 3.801418095827102661e-02 3.020648062229156494e-01 -3.163432180881500244e-01 -3.768307566642761230e-01 -9.947530627250671387e-01 8.281316757202148438e-01 -2.309871166944503784e-01 -2.804765701293945312e-01 9.840492010116577148e-01 -1.595328301191329956e-01 3.855902254581451416e-01 -9.836475849151611328e-01 9.995630979537963867e-01 7.429580092430114746e-01 9.330005198717117310e-02 9.680938720703125000e-01 9.130672812461853027e-01 9.999266862869262695e-01 -8.927853703498840332e-01 -8.027667403221130371e-01 -6.798218488693237305e-01 -3.188339471817016602e-01 1.501179579645395279e-02 3.403872549533843994e-01 -5.159800127148628235e-02 5.037835240364074707e-02 -9.965468049049377441e-01 -2.223728299140930176e-01 9.997246265411376953e-01 -8.740512728691101074e-01 9.986431598663330078e-01 -8.710073232650756836e-01 4.216327890753746033e-02 1.204250082373619080e-01 -3.487070500850677490e-01 -1.346435248851776123e-01 -9.943544864654541016e-01 2.151336967945098877e-01 2.469720244407653809e-01 -9.959974884986877441e-01 -1.157816201448440552e-01 9.862818717956542969e-01 9.875702857971191406e-01 -7.781594246625900269e-02 -9.985381960868835449e-01 3.745018839836120605e-01 -9.723873138427734375e-01 -6.947119235992431641e-01 -9.635698795318603516e-01 1.771575212478637695e-01 -3.863454759120941162e-01 -1.941465884447097778e-01 8.785935640335083008e-01 1.820325106382369995e-01 -8.564523421227931976e-03 -9.966912865638732910e-01 -2.102725207805633545e-01 4.283466562628746033e-02 -9.526606202125549316e-01 -9.982507824897766113e-01 -3.071406483650207520e-01 3.262858986854553223e-01 -9.846787452697753906e-01 8.275746703147888184e-01 -4.827589392662048340e-01 4.881669282913208008e-01 -7.686018347740173340e-01 5.366849154233932495e-02 -9.989320039749145508e-01 -1.698898151516914368e-03 -5.565009713172912598e-01 -4.707616269588470459e-01 -9.212659597396850586e-01 3.728872165083885193e-02 -5.382896661758422852e-01 5.513757094740867615e-02 9.792397618293762207e-01 -9.763051867485046387e-01 -3.888209164142608643e-01 3.051001345738768578e-03 2.142964601516723633e-01 -3.782750666141510010e-01 9.823460578918457031e-01 -9.968028068542480469e-01 -5.559171438217163086e-01 -4.411181807518005371e-01 9.864439964294433594e-01 1.243094727396965027e-01 -3.210742771625518799e-01 9.976779222488403320e-01 -4.910624623298645020e-01 9.256426095962524414e-01 -9.629696607589721680e-01 9.981150627136230469e-01 9.591910839080810547e-01 -8.715544641017913818e-02 -3.556337654590606689e-01 -1.842621713876724243e-01 9.407965540885925293e-01 -4.735896289348602295e-01 2.801152169704437256e-01 4.514834582805633545e-01 -9.933911561965942383e-01 -5.735417008399963379e-01 3.298506736755371094e-01 -2.880348265171051025e-01 1.369894742965698242e-01 4.248460233211517334e-01 -5.474769324064254761e-02 -4.289628863334655762e-01 9.999772906303405762e-01 3.184106349945068359e-01 -3.195516765117645264e-01 -7.287814617156982422e-01 9.741410017013549805e-01 9.889279007911682129e-01 4.483728855848312378e-02 3.462180495262145996e-01 -9.948948025703430176e-01 -9.989749193191528320e-01 -5.018743276596069336e-01 2.021924406290054321e-01 7.359372377395629883e-01 1.419591605663299561e-01 9.915971159934997559e-01 9.691472053527832031e-01 7.796693444252014160e-01 -6.737871468067169189e-02 9.551945328712463379e-01 -9.791182279586791992e-01 9.963567256927490234e-01 -9.924169182777404785e-01 -9.640236496925354004e-01 9.555456042289733887e-01 3.111115396022796631e-01 9.886062145233154297e-01 9.979265332221984863e-01 -9.412915110588073730e-01 9.935750961303710938e-01 -2.328354567289352417e-01 9.959031939506530762e-01 4.730810225009918213e-02 -9.439190030097961426e-01 -9.992639422416687012e-01 -9.966121315956115723e-01 -1.072109937667846680e-01 2.054435908794403076e-01 -1.317403912544250488e-01 8.522530645132064819e-02 9.872723370790481567e-02 -8.215438574552536011e-02 -9.676818251609802246e-01 -6.176269054412841797e-02 9.992476701736450195e-01 9.892746210098266602e-01 -1.439484655857086182e-01 -7.326714694499969482e-02 -9.883808493614196777e-01 2.984834909439086914e-01 3.009935319423675537e-01 9.974167943000793457e-01 9.438970088958740234e-01 9.798329472541809082e-01 7.960638999938964844e-01 9.989651441574096680e-01 -2.746605575084686279e-01 -1.604073941707611084e-01 -6.039459630846977234e-02 7.433615922927856445e-01 3.587967455387115479e-01 -9.920421838760375977e-01 -9.317234754562377930e-01 -9.990085363388061523e-01 -5.956064462661743164e-01 9.979422092437744141e-01 5.510935187339782715e-01 3.100950419902801514e-01 1.564900018274784088e-02 -3.016101121902465820e-01 2.974585294723510742e-01 9.929673075675964355e-01 1.331011205911636353e-01 6.684466004371643066e-01 -2.172358520328998566e-02 1.140920892357826233e-01 3.861651718616485596e-01 1.366791427135467529e-01 9.998859167098999023e-01 -9.689127206802368164e-01 9.752410054206848145e-01 9.987739324569702148e-01 1.686605066061019897e-01 9.989867806434631348e-01 -1.126872375607490540e-01 -7.843100428581237793e-01 -1.826228201389312744e-01 3.555571734905242920e-01 1.840154230594635010e-01 -3.641468882560729980e-01 -5.410230159759521484e-02 9.997492432594299316e-01 -3.586488664150238037e-01 -2.949444949626922607e-01 -5.530812740325927734e-01 -7.226745486259460449e-01 6.088179945945739746e-01 -2.268341481685638428e-01 -8.666335344314575195e-01 8.277240395545959473e-02 -8.202984333038330078e-01 7.568271458148956299e-02 9.648430347442626953e-01 9.971152544021606445e-01 -7.096194624900817871e-01 1.474131941795349121e-01 -9.327066689729690552e-02 9.974225759506225586e-01 -1.520666331052780151e-01 -5.137719511985778809e-01 9.999154806137084961e-01 -5.200500488281250000e-01 7.176125049591064453e-01 9.412613511085510254e-01 5.557479336857795715e-02 4.590877592563629150e-01 3.110264539718627930e-01 -3.702175244688987732e-02 -9.569936990737915039e-01 9.885843992233276367e-01 9.998002052307128906e-01 4.543619155883789062e-01 5.611099675297737122e-02 3.858963493257761002e-03 5.439173579216003418e-01 -9.994230270385742188e-01 -9.991993308067321777e-01 -9.997060298919677734e-01 3.316346928477287292e-02 2.410611361265182495e-01 -9.576519131660461426e-01 9.969126582145690918e-01 -9.677559733390808105e-01 3.780351579189300537e-01 9.883731603622436523e-01 -1.322300583124160767e-01 9.860550761222839355e-01 9.717338085174560547e-01 -9.973928332328796387e-01 -8.627737760543823242e-01 9.971228837966918945e-01 -1.960766315460205078e-01 -3.171549364924430847e-02 2.415854930877685547e-01 9.942235350608825684e-01 9.591552615165710449e-01 4.758213758468627930e-01 -1.888290643692016602e-01 -9.999588131904602051e-01 2.831645607948303223e-01 9.927133917808532715e-01 -8.028772473335266113e-01 1.915048360824584961e-01 -1.365338414907455444e-01 3.970684111118316650e-01 4.446342587471008301e-01 9.877531528472900391e-01 -9.690940380096435547e-03 -8.847042322158813477e-01 9.498863667249679565e-02 -9.366965889930725098e-01 -1.121702715754508972e-01 -2.576569020748138428e-01 -8.039006590843200684e-01 4.260928928852081299e-01 -9.992491006851196289e-01 9.035272598266601562e-01 9.985523223876953125e-01 -1.328035891056060791e-01 1.354317665100097656e-01 -1.159376651048660278e-01 -1.365361958742141724e-01 -6.171016953885555267e-03 1.243526637554168701e-01 -7.415813803672790527e-01 -9.859711527824401855e-01 5.699867010116577148e-02 9.984798431396484375e-01 -2.023832947015762329e-01 -7.488264441490173340e-01 2.765555679798126221e-01 -9.475965499877929688e-01 6.924145221710205078e-01 9.710821509361267090e-01 9.912264943122863770e-01 -3.866596519947052002e-02 1.642274111509323120e-01 2.100723981857299805e-01 2.265741229057312012e-01 -8.708846569061279297e-01 -4.026097953319549561e-01 9.989150762557983398e-01 -6.281112432479858398e-01 9.502792954444885254e-01 -1.694426238536834717e-01 -3.519367277622222900e-01 4.590231478214263916e-01 5.966781377792358398e-01 -9.985865950584411621e-01 -3.103255927562713623e-01 -1.227907165884971619e-01 8.342462033033370972e-02 1.168652772903442383e-01 -9.989978075027465820e-01 8.732344508171081543e-01 2.731752991676330566e-01 2.199056297540664673e-01 -9.289384633302688599e-02 9.616668820381164551e-01 -2.808019816875457764e-01 1.025655418634414673e-01 -2.163828909397125244e-01 -9.994673132896423340e-01 -1.887738555669784546e-01 5.440672636032104492e-01 -1.198405548930168152e-01 1.024867668747901917e-01 7.872667312622070312e-01 1.587545424699783325e-01 -9.469340443611145020e-01 1.539262104779481888e-02 9.973698258399963379e-01 -6.158908605575561523e-01 6.110413670539855957e-01 -9.282788634300231934e-02 8.298250436782836914e-01 -3.054503500461578369e-01 -2.558331750333309174e-02 4.541741013526916504e-01 -9.994437098503112793e-01 -2.966283261775970459e-01 -1.803631782531738281e-01 -5.208749771118164062e-01 -2.020313590764999390e-01 -3.416681289672851562e-01 -3.010534942150115967e-01 4.896039664745330811e-01 1.123499125242233276e-01 5.739138126373291016e-01 9.914292693138122559e-01 -2.586336731910705566e-01 9.381761550903320312e-01 -8.580498695373535156e-01 -9.966418743133544922e-01 -5.252197384834289551e-01 3.504224866628646851e-02 -9.333274960517883301e-01 1.038409247994422913e-01 9.915533661842346191e-01 -9.837321043014526367e-01 8.577098697423934937e-02 -4.058733284473419189e-01 2.090309262275695801e-01 -4.065251350402832031e-01 9.679231047630310059e-01 -4.319459795951843262e-01 -8.440451622009277344e-01 -1.667461693286895752e-01 9.818291068077087402e-01 -2.222309261560440063e-02 8.990074396133422852e-01 -3.472714871168136597e-02 -7.867390513420104980e-01 1.193307265639305115e-01 4.434818923473358154e-01 2.864049375057220459e-01 -1.465249210596084595e-01 -1.328015923500061035e-01 -9.714799523353576660e-01 9.891974329948425293e-01 -9.998862147331237793e-01 -9.490932226181030273e-01 8.357568085193634033e-02 -6.866455674171447754e-01 -9.831314682960510254e-01 -4.227792322635650635e-01 -4.995041489601135254e-01 7.124622352421283722e-03 -9.713147878646850586e-01 -1.587924808263778687e-01 5.489265322685241699e-01 -8.887116909027099609e-01 -9.259718656539916992e-01 -5.466791391372680664e-01 5.827146768569946289e-01 -3.690078854560852051e-01 -1.619468778371810913e-01 5.241028666496276855e-01 -2.613217532634735107e-01 2.139337211847305298e-01 9.872409701347351074e-01 3.122958838939666748e-01 -9.613017737865447998e-02 1.729628592729568481e-01 4.481580555438995361e-01 -6.440287083387374878e-02 8.773506879806518555e-01 6.543799042701721191e-01 2.138167470693588257e-01 -9.940814971923828125e-01 3.360371291637420654e-01 9.989712834358215332e-01 9.998381733894348145e-01 9.939417243003845215e-01 2.633511722087860107e-01 -9.895847439765930176e-01 -3.905860483646392822e-01 3.598754405975341797e-01 -5.909736156463623047e-01 9.510465264320373535e-01 -1.731872931122779846e-02 1.536188274621963501e-01 -9.956859350204467773e-01 -8.741264939308166504e-01 4.350818395614624023e-01 2.104914039373397827e-01 9.391399025917053223e-01 2.771203815937042236e-01 1.146659255027770996e-01 4.553217589855194092e-01 -4.292992874979972839e-02 3.947214782238006592e-01 -9.753562211990356445e-01 -8.999328017234802246e-01 -4.792461991310119629e-01 -6.657842546701431274e-02 -4.760820567607879639e-01 1.522943675518035889e-01 -9.999963641166687012e-01 1.326202899217605591e-01 -1.186814997345209122e-02 -4.468028619885444641e-02 4.620046541094779968e-02 -1.199763342738151550e-01 2.527224719524383545e-01 -9.572546482086181641e-01 9.992247223854064941e-01 -7.668850421905517578e-01 3.515029549598693848e-01 -4.939119517803192139e-01 -5.581669211387634277e-01 8.286948315799236298e-03 -9.844903349876403809e-01 8.354957103729248047e-01 9.209718108177185059e-01 9.106927365064620972e-02 -2.609571442008018494e-02 -2.595415413379669189e-01 -8.269101381301879883e-01
