9.573376178741455078e-01 -2.477246224880218506e-01 6.433919817209243774e-02 1.240152493119239807e-01 -3.571610748767852783e-01 5.624206066131591797e-01 9.982690811157226562e-01 -9.946417808532714844e-01 -2.379363030195236206e-01 -9.931141138076782227e-01 3.189732730388641357e-01 -9.086652994155883789e-01 9.361065030097961426e-01 -9.698576927185058594e-01 1.691315323114395142e-01 2.883544862270355225e-01 3.499732613563537598e-01 -2.770177721977233887e-01 -5.741547942161560059e-01 -6.548806279897689819e-02 1.805284023284912109e-01 6.329353898763656616e-02 3.843222856521606445e-01 4.939400851726531982e-01 6.303074359893798828e-01 6.428506970405578613e-01 -5.035633593797683716e-02 -5.957322120666503906e-01 2.934691607952117920e-01 7.136384248733520508e-01 9.562761187553405762e-01 -2.670825123786926270e-01 4.406398236751556396e-01 -4.671589937061071396e-03 -9.767620563507080078e-01 -6.106077507138252258e-02 -5.836876630783081055e-01 -3.809764683246612549e-01 -1.874103695154190063e-01 -5.408206209540367126e-02 -1.229846328496932983e-01 -1.802137792110443115e-01 2.336849272251129150e-01 -9.313462972640991211e-01 2.747668325901031494e-01 5.649234652519226074e-01 -9.314156770706176758e-01 -1.524667888879776001e-01 4.617071747779846191e-01 -1.684660613536834717e-01 9.877427816390991211e-01 -9.947663173079490662e-03 9.916586279869079590e-01 -1.679621487855911255e-01 -7.281009554862976074e-01 4.963052272796630859e-01 -1.759442873299121857e-02 -1.470340341329574585e-01 -9.700512886047363281e-01 -9.877927899360656738e-01 3.866896266117691994e-03 1.939159259200096130e-02 9.924732446670532227e-01 -3.091469407081604004e-02 1.367952525615692139e-01 -9.984585642814636230e-01 9.700190424919128418e-01 3.923023939132690430e-01 -3.095532059669494629e-01 -6.700524687767028809e-01 9.434416294097900391e-01 9.857010245323181152e-01 -7.970602512359619141e-01 -7.365594506263732910e-01 -2.372603118419647217e-01 -3.355012461543083191e-02 -3.178791999816894531e-01 8.779017925262451172e-01 -2.717844545841217041e-01 -3.509068787097930908e-01 -9.702767729759216309e-01 1.949952095746994019e-01 9.720932245254516602e-01 -3.548125624656677246e-01 7.376036643981933594e-01 -9.947558641433715820e-01 -2.759428508579730988e-02 3.721759915351867676e-01 -4.854976534843444824e-01 4.027994871139526367e-01 -8.952268958091735840e-01 -5.840023607015609741e-02 7.356208562850952148e-01 -9.866443276405334473e-01 -9.334087371826171875e-01 -9.336080551147460938e-01 8.358080387115478516e-01 -4.405524730682373047e-01 -9.147020578384399414e-01 -1.796720623970031738e-01 -8.749131560325622559e-01 -9.763012528419494629e-01 -9.974830746650695801e-01 -2.198218405246734619e-01 -1.657840050756931305e-02 -3.353943228721618652e-01 9.799844622611999512e-01 2.706722915172576904e-01 -2.042869478464126587e-01 -8.793541193008422852e-01 -1.905188262462615967e-01 -6.323530673980712891e-01 9.711062908172607422e-01 -9.205628633499145508e-01 -4.331857860088348389e-01 4.659675955772399902e-01 1.753747910261154175e-01 8.503651022911071777e-01 -1.497605908662080765e-02 9.797661900520324707e-01 -3.240193724632263184e-01 -1.462733447551727295e-01 -8.614706993103027344e-01 9.954632520675659180e-01 1.819741167128086090e-02 1.030211895704269409e-01 7.086134552955627441e-01 -1.442014612257480621e-02 -5.354483127593994141e-01 -7.494474202394485474e-02 9.934689402580261230e-01 9.739484786987304688e-01 6.190745830535888672e-01 1.417876332998275757e-01 4.884487390518188477e-01 -7.908096909523010254e-01 9.983393549919128418e-01 -9.788359403610229492e-01 -5.867010951042175293e-01 1.241506822407245636e-02 9.997429847717285156e-01 3.695646226406097412e-01 -5.057677626609802246e-01 2.302884012460708618e-01 -3.385711610317230225e-01 9.282617568969726562e-01 -6.690713167190551758e-01 9.645798206329345703e-01 -6.965707540512084961e-01 -1.987811475992202759e-01 2.156355045735836029e-02 -5.589829683303833008e-01 7.020967602729797363e-01 7.432272285223007202e-02 3.882813453674316406e-01 -1.782692074775695801e-01 -4.368698596954345703e-01 8.108212351799011230e-01 -7.370231300592422485e-02 -1.009387448430061340e-01 -5.449005365371704102e-01 2.383470386266708374e-01 2.754266560077667236e-02 -3.816592991352081299e-01 9.998632669448852539e-01 -2.013545632362365723e-01 -2.247546315193176270e-01 -4.528980553150177002e-01 9.978004693984985352e-01 9.245494008064270020e-01 3.734518885612487793e-01 -6.596592068672180176e-01 -6.039955019950866699e-01 -6.742787957191467285e-01 1.703172773122787476e-01 5.711730122566223145e-01 5.709803104400634766e-01 -4.730042442679405212e-02 9.985113143920898438e-01 8.844953775405883789e-01 9.981477260589599609e-01 1.560376733541488647e-01 8.013782501220703125e-01 -8.686346411705017090e-01 9.551162123680114746e-01 -9.879529476165771484e-01 2.948943376541137695e-01 -5.308538675308227539e-01 3.754855096340179443e-01 9.425625205039978027e-01 8.848378062248229980e-01 -9.731114506721496582e-01 -9.778276681900024414e-01 8.713287115097045898e-02 9.673257470130920410e-01 -3.793468475341796875e-01 -9.991897344589233398e-01 -8.146058320999145508e-01 -8.567947745323181152e-01 -4.027992784976959229e-01 4.526731669902801514e-01 -3.388549983501434326e-01 -8.766455650329589844e-01 3.089003823697566986e-02 -2.102397233247756958e-01 8.901808857917785645e-01 -3.976358771324157715e-01 9.795150160789489746e-01 9.795720577239990234e-01 -7.053378224372863770e-02 -3.165414631366729736e-01 -6.807954907417297363e-01 3.144587278366088867e-01 3.069011867046356201e-01 9.451903104782104492e-01 -9.959791302680969238e-01 7.954405546188354492e-01 6.752129793167114258e-01 7.518315315246582031e-01 -2.545162141323089600e-01 -8.437334895133972168e-01 -3.142529129981994629e-01 4.739857017993927002e-01 4.184539914131164551e-01 -5.873187780380249023e-01 -2.267222851514816284e-01 -8.629274368286132812e-01 9.284843504428863525e-02 -4.202359542250633240e-02 9.694002866744995117e-01 1.303436309099197388e-01 -1.827080696821212769e-01 -6.049458384513854980e-01 2.057415544986724854e-01 6.063733100891113281e-01 2.974708676338195801e-01 -1.328393965959548950e-01 -3.269731998443603516e-01 1.788459867238998413e-01 5.316971614956855774e-02 8.918126225471496582e-01 9.995043873786926270e-01 2.813455462455749512e-01 9.394112229347229004e-01 8.709908723831176758e-01 1.523960232734680176e-01 9.651560187339782715e-01 4.846421480178833008e-01 2.234578132629394531e-01 -1.069038957357406616e-01 2.387668043375015259e-01 -2.525286972522735596e-01 -3.839601576328277588e-02 2.448152452707290649e-01 9.718775153160095215e-01 -2.960492968559265137e-01 -1.586925238370895386e-01 -9.969569444656372070e-01 6.933435052633285522e-02 9.103081226348876953e-01 -2.595330476760864258e-01 -9.953405261039733887e-01 -5.158745646476745605e-01 -9.724704027175903320e-01 3.672806024551391602e-01 9.847032427787780762e-01 5.350642204284667969e-01 -7.245376110076904297e-01 -6.556637119501829147e-03 9.950716048479080200e-03 9.926370382308959961e-01 -7.264920324087142944e-02 -9.314622282981872559e-01 9.974127411842346191e-01 -6.158201098442077637e-01 -9.842386245727539062e-01 8.378654718399047852e-01 9.954386949539184570e-02 6.276510953903198242e-01 1.106623746454715729e-02 -6.799430847167968750e-01 -9.963979721069335938e-01 9.438863396644592285e-01 9.906360507011413574e-01 7.931466698646545410e-01 -3.224761188030242920e-01 6.680132448673248291e-02 2.642964124679565430e-01 -9.946237802505493164e-01 -9.949975013732910156e-01 -8.027469515800476074e-01 5.142843816429376602e-03 5.392276048660278320e-01 9.073711037635803223e-01 9.866738915443420410e-01 -9.244564175605773926e-01 -9.403195232152938843e-02 9.071075916290283203e-01 -4.954340457916259766e-01 9.955255985260009766e-01 9.983017444610595703e-01 -9.568228721618652344e-01 2.264008820056915283e-01 9.624775052070617676e-01 -3.278825581073760986e-01 2.491163834929466248e-02 -1.670322865247726440e-01 9.732466936111450195e-01 -5.778635740280151367e-01 -7.846237719058990479e-02 2.131024301052093506e-01 -9.281200170516967773e-01 3.209645152091979980e-01 9.859154224395751953e-01 7.568191885948181152e-01 -2.512365877628326416e-01 2.408387511968612671e-01 2.973748743534088135e-01 3.018289208412170410e-01 9.997660517692565918e-01 -1.860448159277439117e-02 9.911238551139831543e-01 3.167336881160736084e-01 -9.520530700683593750e-01 -1.515235453844070435e-01 -5.285545587539672852e-01 1.143586114048957825e-01 4.748993813991546631e-01 -7.277287840843200684e-01 -4.672883749008178711e-01 9.988185167312622070e-01 -7.867583632469177246e-02 -2.979614436626434326e-01 -9.116828441619873047e-01 1.491848230361938477e-01 2.128334045410156250e-01 1.140080615878105164e-01 3.619309663772583008e-01 -8.697798252105712891e-01 3.506412208080291748e-01 9.255670905113220215e-01 -3.344355821609497070e-01 -2.380634658038616180e-02 9.991808533668518066e-01 -9.139876961708068848e-01 -9.689286947250366211e-01 1.713321506977081299e-01 9.995886087417602539e-01 -2.793783545494079590e-01 9.464879035949707031e-01 3.808369636535644531e-01 1.018814221024513245e-01 8.036330342292785645e-01 1.566293090581893921e-01 7.269010543823242188e-01 -2.622236311435699463e-01 1.923123747110366821e-01 -2.440568506717681885e-01 -1.152694150805473328e-01 -2.413695603609085083e-01 -9.996536374092102051e-01 -6.536064743995666504e-01 -5.326750874519348145e-01 -2.425467073917388916e-01 4.643574357032775879e-06 -9.914689064025878906e-01 -7.362670898437500000e-01 3.162331283092498779e-01 6.583187580108642578e-01 4.817056357860565186e-01 -7.544849067926406860e-02 9.739849567413330078e-01 -4.912424385547637939e-01 1.093057394027709961e-01 4.658002853393554688e-01 -9.937782287597656250e-01 -1.713867112994194031e-02 5.081561803817749023e-01 -2.851158380508422852e-01 -3.259204924106597900e-01 6.704015731811523438e-01 1.636380702257156372e-01 -1.403681337833404541e-01 2.065328061580657959e-01 9.964537620544433594e-01 9.732863306999206543e-01 4.094885885715484619e-01 -1.139339953660964966e-01 8.365281224250793457e-01 -1.855342984199523926e-01 -2.988554835319519043e-01 9.988332986831665039e-01 -9.962894320487976074e-01 -1.059051603078842163e-01 -1.915930509567260742e-01 1.714585907757282257e-02 -3.109158575534820557e-01 -3.760206401348114014e-01 9.937292933464050293e-01 4.283633828163146973e-02 4.245714545249938965e-01 -2.980398535728454590e-01 1.907988339662551880e-01 -3.232855200767517090e-01 9.804552793502807617e-01 -9.873326420783996582e-01 -4.960446357727050781e-01 4.759193658828735352e-01 1.739515364170074463e-01 -9.781751632690429688e-01 -4.809816777706146240e-01 8.615681529045104980e-01 -9.967695474624633789e-01 3.135182261466979980e-01 -5.982770919799804688e-01 3.871951699256896973e-01 3.794465661048889160e-01 -4.611671566963195801e-01 3.273203074932098389e-01 -9.967695474624633789e-01 1.444161683320999146e-01 9.853882789611816406e-01 -7.480789721012115479e-02 9.936325550079345703e-01 4.223726689815521240e-01 -8.910304307937622070e-02 -2.756250500679016113e-01 3.918063938617706299e-01 2.688877582550048828e-01 7.024038583040237427e-02 -1.689814329147338867e-01 -9.967015385627746582e-01 -2.417141348123550415e-01 -9.998946785926818848e-01 1.847200691699981689e-01 1.139898598194122314e-01 -8.709336519241333008e-01 2.540247440338134766e-01 2.901686169207096100e-02 6.474281102418899536e-02 2.126632481813430786e-01 -9.360938072204589844e-01 -8.681275844573974609e-01 5.856575369834899902e-01 -9.672260284423828125e-01 -8.031480312347412109e-01 -8.900562524795532227e-01 -5.780526250600814819e-02 -6.307755708694458008e-01 3.808782622218132019e-02 1.783262193202972412e-01 1.345522850751876831e-01 1.372793465852737427e-01 9.279488325119018555e-01 2.699946761131286621e-01 9.969050288200378418e-01 1.740928292274475098e-01 -2.135386615991592407e-01 -8.993494510650634766e-02 8.459687829017639160e-01 -7.400619983673095703e-01 1.016139611601829529e-01 -9.644289016723632812e-01 3.611820340156555176e-01 7.512449026107788086e-01 9.838673472404479980e-01 9.747141599655151367e-01 9.986745715141296387e-01 9.175801277160644531e-02 -3.163872361183166504e-01 1.274873316287994385e-01 9.476308524608612061e-02 2.067273855209350586e-01 -9.952259808778762817e-02 2.208207994699478149e-01 -9.992574453353881836e-01 -9.911506772041320801e-01 9.918062947690486908e-03 -9.923979640007019043e-01 9.968867897987365723e-01 2.040020674467086792e-01 2.056270539760589600e-01 3.145818412303924561e-01 5.234031081199645996e-01 8.724748343229293823e-02 -9.545843601226806641e-01 -9.706793427467346191e-01 -4.805709719657897949e-01 -7.278390526771545410e-01 -8.775707334280014038e-02 -1.862560361623764038e-01 -9.999669194221496582e-01 -9.309340715408325195e-01 -8.799310028553009033e-02 -2.867857515811920166e-01 -2.433767765760421753e-01 1.639105975627899170e-01 1.203611418604850769e-01 9.399502277374267578e-01 9.790283441543579102e-01 -9.936684370040893555e-01 -5.531812459230422974e-02 -2.406356483697891235e-01 4.181488752365112305e-01 9.822710603475570679e-02 -7.865867614746093750e-01 5.129955410957336426e-01 -8.017457723617553711e-01 4.181916713714599609e-01 -2.084620147943496704e-01 -2.101067155599594116e-01 -4.608603119850158691e-01
9.828017950057983398e-01 -5.951509475708007812e-01 -2.288667857646942139e-02 1.055532544851303101e-01 -9.759908169507980347e-02 9.093215465545654297e-01 9.947690963745117188e-01 -9.969984292984008789e-01 -2.655663192272186279e-01 -9.849341511726379395e-01 2.754356265068054199e-01 -9.089595079421997070e-01 9.934550523757934570e-01 -9.974374771118164062e-01 -7.203632593154907227e-01 4.781609773635864258e-01 1.293612271547317505e-01 8.855463564395904541e-02 -6.495144367218017578e-01 -1.491406559944152832e-01 5.540152788162231445e-01 9.603827446699142456e-02 -4.258725047111511230e-01 -3.028580546379089355e-01 9.906381368637084961e-01 9.698642492294311523e-01 -9.692414104938507080e-02 -6.286305189132690430e-01 5.440706014633178711e-01 9.133114814758300781e-01 4.256899952888488770e-01 -1.881438195705413818e-01 6.317275166511535645e-01 3.402508050203323364e-02 -9.904093742370605469e-01 -2.515079677104949951e-01 -4.845431745052337646e-01 -3.811365365982055664e-01 8.183444142341613770e-01 -1.780242025852203369e-01 -3.304965794086456299e-01 -3.635197877883911133e-01 -1.973192542791366577e-01 -9.875271916389465332e-01 -1.290360391139984131e-01 8.874315619468688965e-01 -7.406141161918640137e-01 2.708961255848407745e-02 6.567256450653076172e-01 -1.630108356475830078e-01 9.658443927764892578e-01 -2.995875850319862366e-02 9.662880897521972656e-01 -2.181610614061355591e-01 -5.256148576736450195e-01 4.878771007061004639e-01 9.286767244338989258e-02 -4.002573490142822266e-01 -9.802135825157165527e-01 -9.190666079521179199e-01 -1.168634444475173950e-01 -2.179923057556152344e-01 9.981855750083923340e-01 -3.142515122890472412e-01 2.472021877765655518e-01 -9.173411726951599121e-01 5.506339073181152344e-01 6.086552739143371582e-01 -2.600116729736328125e-01 -8.649117946624755859e-01 8.920043110847473145e-01 9.732375741004943848e-01 -8.284955620765686035e-01 -9.263737201690673828e-01 -7.968708872795104980e-01 -2.932041287422180176e-01 1.095829010009765625e-01 9.503275156021118164e-01 3.491751551628112793e-01 -2.591758072376251221e-01 -9.934028983116149902e-01 -1.060590222477912903e-01 9.867073297500610352e-01 -5.474569797515869141e-01 9.058900475502014160e-01 -2.688245773315429688e-01 2.991081476211547852e-01 1.273390650749206543e-01 -6.739758849143981934e-01 4.423346519470214844e-01 -8.497371673583984375e-01 -3.340469896793365479e-01 5.129477381706237793e-01 -9.998898506164550781e-01 -4.220414757728576660e-01 -5.396429300308227539e-01 4.518598318099975586e-01 -4.064503908157348633e-01 -9.621839523315429688e-01 -1.662721037864685059e-01 -8.697860836982727051e-01 -3.061855435371398926e-01 -7.970688343048095703e-01 -3.422204256057739258e-01 -1.379043161869049072e-01 4.206940159201622009e-02 9.683734178543090820e-01 3.502597212791442871e-01 -2.904427945613861084e-01 -5.207237601280212402e-01 1.600700914859771729e-01 -5.409128665924072266e-01 6.654319763183593750e-01 -9.075164794921875000e-01 -5.754051804542541504e-01 1.880173087120056152e-01 -2.640683054924011230e-01 1.389700770378112793e-01 4.282719492912292480e-01 9.774385094642639160e-01 -9.541066884994506836e-01 -1.724602282047271729e-01 -7.176741957664489746e-01 9.956015348434448242e-01 -3.119671642780303955e-01 2.139957100152969360e-01 6.733220219612121582e-01 -1.452751457691192627e-01 -7.105848789215087891e-01 -3.250301480293273926e-01 9.988325238227844238e-01 1.398809105157852173e-01 -9.872736334800720215e-01 2.808372378349304199e-01 6.519796848297119141e-01 -6.718187928199768066e-01 9.940544962882995605e-01 -9.569513201713562012e-01 -4.713380336761474609e-01 -4.812887683510780334e-02 9.998393058776855469e-01 4.222562313079833984e-01 -6.030444502830505371e-01 7.598257660865783691e-01 -5.650023743510246277e-02 8.161383271217346191e-01 -3.790611922740936279e-01 9.835502505302429199e-01 -3.357980027794837952e-02 -4.635659456253051758e-01 -4.079000353813171387e-01 -5.066334605216979980e-01 4.222847521305084229e-01 -3.553206622600555420e-01 5.449633002281188965e-01 -1.961494684219360352e-01 -6.232811212539672852e-01 9.671916365623474121e-01 2.228112369775772095e-01 2.682173252105712891e-01 -4.240784645080566406e-01 6.554915308952331543e-01 -1.198683530092239380e-01 -5.704477429389953613e-01 9.999148845672607422e-01 -4.034332633018493652e-01 -5.400459766387939453e-01 -6.722677946090698242e-01 9.204277396202087402e-01 -2.316254526376724243e-01 7.537316530942916870e-02 -1.218813657760620117e-01 -9.906240105628967285e-01 -8.805378079414367676e-01 -2.268317192792892456e-01 5.780255794525146484e-01 3.750697672367095947e-01 -1.047741100192070007e-01 9.692410826683044434e-01 7.400960326194763184e-01 9.875205159187316895e-01 -3.918326199054718018e-01 9.856592416763305664e-01 -8.067728281021118164e-01 9.431871771812438965e-01 -9.847254157066345215e-01 5.645684003829956055e-01 -2.737376987934112549e-01 3.913900256156921387e-01 9.937663078308105469e-01 9.245736002922058105e-01 -8.406432271003723145e-01 -9.876092672348022461e-01 -3.828295692801475525e-02 2.172060310840606689e-01 -3.233874142169952393e-01 -9.746086597442626953e-01 -9.061978459358215332e-01 1.409623324871063232e-01 -2.870776057243347168e-01 2.123527415096759796e-02 -1.926523745059967041e-01 -5.402793288230895996e-01 2.752051055431365967e-01 -4.608752131462097168e-01 5.448321700096130371e-01 -4.618337750434875488e-01 9.695959687232971191e-01 9.520164728164672852e-01 -3.018361926078796387e-01 -6.982039213180541992e-01 -9.111888408660888672e-01 1.044903919100761414e-01 5.443089008331298828e-01 8.422883749008178711e-01 -9.256535768508911133e-01 8.024786710739135742e-01 6.259158253669738770e-01 9.309322237968444824e-01 6.094026565551757812e-02 -5.464343428611755371e-01 -2.214193344116210938e-01 -9.020582437515258789e-01 5.977595597505569458e-02 -9.641112685203552246e-01 -1.292171627283096313e-01 -6.912863850593566895e-01 -7.089341431856155396e-02 -8.999208211898803711e-01 9.635894298553466797e-01 -2.445699572563171387e-01 3.204853832721710205e-01 -4.156242311000823975e-01 6.571748256683349609e-01 4.876231849193572998e-01 5.651530623435974121e-01 6.102358698844909668e-01 -1.816442757844924927e-01 3.037140369415283203e-01 8.259451389312744141e-02 3.671924173831939697e-01 9.999389052391052246e-01 3.876533210277557373e-01 8.382028341293334961e-01 9.240871071815490723e-01 5.301230549812316895e-01 9.864504933357238770e-01 4.285679757595062256e-01 3.629040420055389404e-01 -1.170941144227981567e-01 4.611491262912750244e-01 -3.555563092231750488e-01 -2.397476462647318840e-03 7.238149642944335938e-02 9.749208688735961914e-01 -2.816617786884307861e-01 -3.203399777412414551e-01 -9.838227033615112305e-01 -2.238618135452270508e-01 9.581056237220764160e-01 -2.667346000671386719e-01 -9.967433810234069824e-01 -4.225276410579681396e-01 -8.931921720504760742e-01 2.251027673482894897e-01 8.857526183128356934e-01 5.696862936019897461e-01 -7.167147994041442871e-01 1.736245751380920410e-01 -1.060063485056161880e-03 9.774601459503173828e-01 -2.034469842910766602e-01 -4.674625694751739502e-01 9.994922876358032227e-01 -6.326817870140075684e-01 -8.095231056213378906e-01 9.650713801383972168e-01 2.586981467902660370e-02 9.704437255859375000e-01 1.428049337118864059e-02 -8.594704866409301758e-01 -9.960398077964782715e-01 9.648490548133850098e-01 9.132356643676757812e-01 -1.143525987863540649e-01 2.030476033687591553e-01 4.047818183898925781e-01 3.747133314609527588e-01 -9.848350286483764648e-01 -9.983949065208435059e-01 -9.581174254417419434e-01 1.283116340637207031e-01 7.000046968460083008e-01 1.878701597452163696e-01 9.582431316375732422e-01 -9.912607669830322266e-01 2.865604460239410400e-01 9.848145842552185059e-01 -2.260199040174484253e-01 9.665251970291137695e-01 9.569970369338989258e-01 -9.888477325439453125e-01 8.329226076602935791e-02 8.749516010284423828e-01 -1.293701529502868652e-01 4.883714020252227783e-01 -1.693532429635524750e-02 9.918352365493774414e-01 2.343236282467842102e-02 3.211961090564727783e-01 -4.117517769336700439e-01 -9.564176797866821289e-01 2.027246206998825073e-01 9.909964799880981445e-01 9.280948042869567871e-01 -1.912165880203247070e-01 4.260700643062591553e-01 6.458514332771301270e-01 4.736367464065551758e-01 9.998901486396789551e-01 3.017624840140342712e-02 9.668064117431640625e-01 -5.725262314081192017e-02 -9.982833266258239746e-01 -5.462576746940612793e-01 -6.545680761337280273e-01 -9.537032842636108398e-01 -6.623337268829345703e-01 -9.139097332954406738e-01 -1.824885755777359009e-01 9.993120431900024414e-01 -2.847543172538280487e-02 -4.120111763477325439e-01 -8.568913340568542480e-01 1.914581209421157837e-01 4.222759902477264404e-01 6.033530086278915405e-02 -9.323404431343078613e-01 -9.693737626075744629e-01 6.416640877723693848e-01 9.986333847045898438e-01 -3.074168562889099121e-01 -5.185480117797851562e-01 9.600555896759033203e-01 -6.876426339149475098e-01 -9.940573573112487793e-01 3.482268750667572021e-01 9.998547434806823730e-01 -4.013870656490325928e-02 6.616535782814025879e-01 1.672581881284713745e-01 3.528563082218170166e-01 5.517744421958923340e-01 -2.056588679552078247e-01 9.362763166427612305e-01 -2.059470862150192261e-01 5.630260109901428223e-01 -3.721382841467857361e-02 -4.517126679420471191e-01 -3.024080693721771240e-01 -9.912867546081542969e-01 -9.004653096199035645e-01 -5.567984580993652344e-01 -2.767234742641448975e-01 1.991053670644760132e-02 -9.660040140151977539e-01 -9.313133358955383301e-01 5.061658620834350586e-01 5.493848323822021484e-01 4.965279400348663330e-01 -2.210001647472381592e-02 9.940882325172424316e-01 -4.060880541801452637e-01 2.906125187873840332e-01 -2.643401324748992920e-01 -9.935846924781799316e-01 -1.148746460676193237e-01 5.004902482032775879e-01 -4.054453969001770020e-01 -2.339245975017547607e-01 9.677970409393310547e-01 1.718347817659378052e-01 -6.450445204973220825e-02 3.127130568027496338e-01 9.934766888618469238e-01 8.724882006645202637e-01 8.214163184165954590e-01 -1.147772893309593201e-01 4.815613031387329102e-01 -5.116770267486572266e-01 -4.876388981938362122e-02 9.918841123580932617e-01 -9.834901094436645508e-01 2.435750812292098999e-01 -4.539859592914581299e-01 2.560710906982421875e-01 -2.795709073543548584e-01 -7.092570066452026367e-01 9.469175934791564941e-01 5.053057074546813965e-01 8.199757933616638184e-01 -4.377925693988800049e-01 6.016318798065185547e-01 -5.440406799316406250e-01 3.412377834320068359e-01 -9.979350566864013672e-01 -7.456808090209960938e-01 -1.378677487373352051e-01 -1.085105072706937790e-02 -9.856649041175842285e-01 -9.249218702316284180e-01 9.734110236167907715e-01 -6.936977505683898926e-01 1.659836471080780029e-01 5.063918232917785645e-01 5.347596406936645508e-01 3.609102070331573486e-01 -1.991429328918457031e-01 -5.752828344702720642e-02 -9.999188780784606934e-01 -7.589116692543029785e-02 9.520205259323120117e-01 2.705942392349243164e-01 9.957914948463439941e-01 2.507275044918060303e-01 -9.548131227493286133e-01 1.616044319234788418e-03 4.600443243980407715e-01 -1.324634552001953125e-01 2.529301345348358154e-01 8.530345559120178223e-02 -9.997961521148681641e-01 -2.617986202239990234e-01 -9.987933635711669922e-01 7.264403700828552246e-01 3.970643579959869385e-01 -9.602147340774536133e-01 1.295832991600036621e-01 -2.791434526443481445e-01 -3.040213286876678467e-01 4.948484897613525391e-02 -9.820346236228942871e-01 -9.895159602165222168e-01 1.591021120548248291e-01 -9.905126690864562988e-01 -9.409936666488647461e-01 -4.059024751186370850e-01 3.074814081192016602e-01 -7.176359295845031738e-01 3.920942842960357666e-01 7.454072237014770508e-01 1.771249920129776001e-01 1.849188953638076782e-01 9.578302502632141113e-01 7.068845033645629883e-01 9.879878759384155273e-01 2.061371207237243652e-01 -3.600872755050659180e-01 1.277542710304260254e-01 8.752810359001159668e-01 9.128740429878234863e-01 1.136270761489868164e-01 -6.058030128479003906e-01 7.561674118041992188e-01 9.008011221885681152e-01 9.986488223075866699e-01 9.815719127655029297e-01 9.938139319419860840e-01 -7.360275983810424805e-01 -1.247509941458702087e-01 2.872627973556518555e-01 9.610381722450256348e-01 4.808391034603118896e-01 5.570524930953979492e-01 3.325057923793792725e-01 -9.972218871116638184e-01 -9.931648373603820801e-01 1.304354220628738403e-01 -9.685178995132446289e-01 9.995792508125305176e-01 2.690332829952239990e-01 3.281070590019226074e-01 5.241042375564575195e-01 2.861353158950805664e-01 5.431851744651794434e-01 -5.683575272560119629e-01 -9.585071802139282227e-01 -5.041459798812866211e-01 -5.507722496986389160e-01 -3.603632450103759766e-01 -4.306526780128479004e-01 -9.999524950981140137e-01 2.231979817152023315e-01 -8.309349417686462402e-01 2.146211415529251099e-01 -1.914798021316528320e-01 2.937873601913452148e-01 2.773624658584594727e-01 9.305006265640258789e-01 7.276144623756408691e-01 -9.338153004646301270e-01 -1.771411485970020294e-02 -1.010864078998565674e-01 5.737322196364402771e-02 2.947322726249694824e-01 -7.415094375610351562e-01 4.261009395122528076e-01 -1.432490497827529907e-01 1.951820105314254761e-01 3.412343561649322510e-02 -8.739887177944183350e-02 -6.229497790336608887e-01
9.984108805656433105e-01 -9.172480106353759766e-01 2.848943881690502167e-02 2.465238422155380249e-01 -2.750724256038665771e-01 9.656246900558471680e-01 9.783531427383422852e-01 -9.979661703109741211e-01 -2.670187652111053467e-01 -9.949812889099121094e-01 1.302577257156372070e-01 -7.766598463058471680e-01 8.436762094497680664e-01 -9.791547656059265137e-01 4.634147882461547852e-01 5.187963694334030151e-02 2.943381369113922119e-01 -2.819474935531616211e-01 -3.860474824905395508e-01 -9.554014354944229126e-02 -6.182350590825080872e-02 1.019637733697891235e-01 -4.139223396778106689e-01 6.726763248443603516e-01 2.989494204521179199e-01 7.934917211532592773e-01 4.336722195148468018e-02 -2.878673970699310303e-01 -3.824501857161521912e-02 2.901202812790870667e-02 9.745001792907714844e-01 1.302671283483505249e-01 5.688657984137535095e-02 -7.723142206668853760e-02 -9.917645454406738281e-01 1.947784572839736938e-01 -7.259503602981567383e-01 -4.670043587684631348e-01 4.769755303859710693e-01 8.246811479330062866e-02 1.061979010701179504e-01 -9.797795861959457397e-02 3.014334142208099365e-01 -9.687625765800476074e-01 3.457746803760528564e-01 4.657389223575592041e-01 -9.916876554489135742e-01 1.878748461604118347e-02 -4.985158741474151611e-01 2.522211149334907532e-02 9.745286107063293457e-01 1.861267536878585815e-02 9.739537239074707031e-01 -8.458028733730316162e-02 -7.744516730308532715e-01 9.252294898033142090e-02 -3.037094771862030029e-01 3.043606132268905640e-02 -9.970617890357971191e-01 -9.962663054466247559e-01 -2.688974514603614807e-02 9.958251379430294037e-03 9.960516095161437988e-01 -2.061278969049453735e-01 1.776399016380310059e-01 -9.919403791427612305e-01 6.914365887641906738e-01 2.747873961925506592e-01 -2.214164137840270996e-01 -8.531003594398498535e-01 9.612478017807006836e-01 9.933056235313415527e-01 -9.189253449440002441e-01 -4.581555128097534180e-01 -2.504839897155761719e-01 -2.573681175708770752e-01 -2.962503731250762939e-01 9.465296268463134766e-01 -2.976498901844024658e-01 -1.743640154600143433e-01 -9.974042773246765137e-01 2.080699056386947632e-01 9.797474145889282227e-01 1.061915159225463867e-01 3.167230784893035889e-01 -9.987951517105102539e-01 2.113806456327438354e-01 2.949589788913726807e-01 -1.473726332187652588e-01 3.953687250614166260e-01 -7.734352350234985352e-01 -3.782233893871307373e-01 6.872169375419616699e-01 -9.891772270202636719e-01 -6.630386710166931152e-01 -6.776278018951416016e-01 2.768495678901672363e-01 -2.484249770641326904e-01 -8.852054476737976074e-01 -3.460579514503479004e-01 -7.860121130943298340e-01 -8.530925512313842773e-01 -9.831514954566955566e-01 -2.047838419675827026e-01 -2.895811796188354492e-01 -1.792766526341438293e-02 9.425889253616333008e-01 1.059134304523468018e-01 -1.807530992664396763e-03 -9.174855947494506836e-01 -5.306805670261383057e-02 -6.242153644561767578e-01 9.195402860641479492e-01 -7.663715481758117676e-01 -3.269393444061279297e-01 1.754465848207473755e-01 -4.252754449844360352e-01 8.434133529663085938e-01 -7.650954276323318481e-02 9.774895310401916504e-01 -4.752756357192993164e-01 5.045603588223457336e-02 -8.542889356613159180e-01 9.944114089012145996e-01 -3.308679908514022827e-02 6.058492884039878845e-02 -2.919972836971282959e-01 1.375654339790344238e-01 -4.501055479049682617e-01 -1.679816246032714844e-01 9.966601133346557617e-01 9.187269210815429688e-01 9.227961897850036621e-01 1.034092530608177185e-01 4.603617787361145020e-01 -9.479099512100219727e-01 9.979116320610046387e-01 -9.570304155349731445e-01 8.850360661745071411e-02 3.006920777261257172e-02 9.998781681060791016e-01 2.586334347724914551e-01 -2.678031325340270996e-01 -4.707892239093780518e-01 -3.052327036857604980e-01 9.047380685806274414e-01 -3.632417619228363037e-01 9.919466972351074219e-01 -8.897778391838073730e-01 -3.400514721870422363e-01 1.451236382126808167e-02 -3.175494968891143799e-01 5.211138129234313965e-01 2.384199798107147217e-01 2.913380265235900879e-01 5.288837943226099014e-03 3.796257972717285156e-01 7.363735437393188477e-01 -7.401034981012344360e-02 -4.658700823783874512e-01 -3.844775259494781494e-01 3.577816113829612732e-02 5.113142356276512146e-02 -4.260516166687011719e-01 9.998742938041687012e-01 1.211709380149841309e-01 -1.741142719984054565e-01 -2.170059084892272949e-01 9.990817308425903320e-01 5.696127414703369141e-01 1.144506260752677917e-01 -7.162787914276123047e-01 -8.674161434173583984e-01 1.014312542974948883e-02 6.446462124586105347e-02 2.856343090534210205e-01 -2.725955247879028320e-01 2.464974075555801392e-01 9.881203770637512207e-01 9.781892299652099609e-01 9.930078387260437012e-01 1.156628951430320740e-01 3.665242195129394531e-01 -7.486580610275268555e-01 7.550588250160217285e-01 -8.696101307868957520e-01 2.302021682262420654e-01 1.399835646152496338e-01 1.498427987098693848e-01 9.843477010726928711e-01 7.868438363075256348e-01 -9.928005933761596680e-01 -9.589368104934692383e-01 2.001717239618301392e-01 9.584431052207946777e-01 5.055904015898704529e-02 -9.980283379554748535e-01 -5.864554047584533691e-01 -1.480078697204589844e-01 -1.952708810567855835e-01 3.441697657108306885e-01 1.985302418470382690e-01 -8.349100947380065918e-01 5.609547346830368042e-02 -1.148362979292869568e-01 8.676881790161132812e-01 -4.171841144561767578e-01 9.974086284637451172e-01 9.697712063789367676e-01 -6.188732385635375977e-02 2.095387130975723267e-01 -9.437075853347778320e-01 6.321480870246887207e-02 8.021014928817749023e-02 8.551809191703796387e-01 -9.987598061561584473e-01 5.715519189834594727e-01 7.621936798095703125e-01 2.300355881452560425e-01 -2.061034142971038818e-01 -9.212897419929504395e-01 -1.343277096748352051e-01 7.090038657188415527e-01 2.465276122093200684e-01 -7.785254120826721191e-01 -8.161038160324096680e-01 -8.446564078330993652e-01 2.239365279674530029e-01 -1.933453679084777832e-01 7.302504777908325195e-01 3.181950151920318604e-01 -2.410316467285156250e-01 -5.741640925407409668e-01 2.054086327552795410e-02 7.614399194717407227e-01 2.191502451896667480e-01 -5.577353835105895996e-01 -3.536393940448760986e-01 -1.622976660728454590e-01 -2.560011148452758789e-01 8.390358090400695801e-01 9.998267889022827148e-01 5.816186666488647461e-01 8.167969584465026855e-01 8.530728816986083984e-01 1.575149595737457275e-02 9.790385365486145020e-01 2.573920190334320068e-01 -1.987747102975845337e-01 -5.430293083190917969e-02 -1.029801461845636368e-02 -4.298055917024612427e-02 -3.492142558097839355e-01 1.662379354238510132e-01 9.724856019020080566e-01 -1.652060002088546753e-01 -4.013216793537139893e-01 -9.590697884559631348e-01 -1.950665712356567383e-01 8.848066926002502441e-01 -2.323085069656372070e-01 -9.951031804084777832e-01 -5.010422468185424805e-01 -8.263657689094543457e-01 1.380516141653060913e-01 9.874945282936096191e-01 8.944271802902221680e-01 -7.879582047462463379e-01 -1.100965961813926697e-01 -8.009338378906250000e-02 9.708954095840454102e-01 -1.569726914167404175e-01 -9.620763659477233887e-01 9.972602128982543945e-01 -2.902844250202178955e-01 -8.450895547866821289e-01 9.115804433822631836e-01 -1.613100618124008179e-02 8.821253776550292969e-01 2.905085869133472443e-02 3.401412367820739746e-01 -9.926023483276367188e-01 9.553555250167846680e-01 9.805862307548522949e-01 -7.791309803724288940e-02 -5.128849670290946960e-02 -3.378257155418395996e-01 3.140680193901062012e-01 -9.896942973136901855e-01 -9.859800338745117188e-01 -6.228560805320739746e-01 -6.508100032806396484e-02 3.231656253337860107e-01 5.591112375259399414e-01 9.519116878509521484e-01 -9.797047972679138184e-01 -3.057993948459625244e-01 8.623302578926086426e-01 -1.987019181251525879e-01 9.992567896842956543e-01 9.968834519386291504e-01 -9.906428456306457520e-01 6.003208756446838379e-01 9.912561178207397461e-01 -7.651074975728988647e-02 3.153783679008483887e-01 6.058404222130775452e-02 9.728774428367614746e-01 -6.318050026893615723e-01 2.350320667028427124e-01 2.483590394258499146e-01 -9.662196040153503418e-01 3.292599618434906006e-01 9.867113828659057617e-01 8.637294769287109375e-01 2.079126983880996704e-01 1.811030693352222443e-02 -2.081373929977416992e-01 5.309361964464187622e-02 9.999040365219116211e-01 5.212045274674892426e-03 9.692273736000061035e-01 2.933481931686401367e-01 -9.314435124397277832e-01 -5.054695159196853638e-02 -2.572378814220428467e-01 -9.037211537361145020e-01 5.154480934143066406e-01 -2.383793443441390991e-01 -7.106397747993469238e-01 9.970834255218505859e-01 1.256586015224456787e-01 -1.676324307918548584e-01 -7.912629246711730957e-01 -4.209477454423904419e-02 -1.060579344630241394e-01 3.614578843116760254e-01 -5.299980640411376953e-01 -6.987239718437194824e-01 3.022190630435943604e-01 9.926279187202453613e-01 -2.533284425735473633e-01 3.212566375732421875e-01 9.747425317764282227e-01 -9.018136858940124512e-01 -8.116499185562133789e-01 -2.543925344944000244e-01 9.996294379234313965e-01 -2.019966840744018555e-01 6.110644936561584473e-01 2.352084517478942871e-01 -8.724113553762435913e-02 9.527688026428222656e-01 1.487082988023757935e-01 1.272189170122146606e-01 -1.361687928438186646e-01 1.877868175506591797e-01 -8.076805621385574341e-02 -4.335441440343856812e-02 1.829787902534008026e-02 -9.990113973617553711e-01 -1.725246757268905640e-02 -3.334712088108062744e-01 7.577942311763763428e-02 1.550603844225406647e-02 -9.956947565078735352e-01 -7.767555862665176392e-02 2.798033133149147034e-02 4.022176861763000488e-01 5.047420859336853027e-01 -9.159000962972640991e-02 9.701310992240905762e-01 -3.164353668689727783e-01 4.124892055988311768e-01 8.680934906005859375e-01 -9.627034664154052734e-01 -7.833341136574745178e-03 3.725959062576293945e-01 -2.937140762805938721e-01 -4.001758694648742676e-01 8.358732461929321289e-01 2.348194718360900879e-01 1.267839688807725906e-02 3.539413958787918091e-02 9.933153390884399414e-01 7.996879816055297852e-01 1.750189810991287231e-01 -1.845514327287673950e-01 7.287732362747192383e-01 -7.471954077482223511e-02 -1.861680597066879272e-01 9.973444342613220215e-01 -9.984006881713867188e-01 -3.420788049697875977e-01 -2.369580417871475220e-01 1.233307942748069763e-01 -2.647866606712341309e-01 -1.543699204921722412e-01 9.685703516006469727e-01 -2.401401847600936890e-01 3.075299859046936035e-01 -6.711767911911010742e-01 -5.864159464836120605e-01 -1.731890290975570679e-01 8.062538504600524902e-01 -9.983395338058471680e-01 2.730166614055633545e-01 3.834739923477172852e-01 1.922173947095870972e-01 -8.849260210990905762e-01 2.035415768623352051e-01 8.749411702156066895e-01 -9.783737063407897949e-01 2.771497070789337158e-01 5.222715437412261963e-02 3.667076230049133301e-01 1.987951546907424927e-01 -8.562909811735153198e-02 3.792228102684020996e-01 -9.993448257446289062e-01 1.134980842471122742e-01 9.474719166755676270e-01 -1.265366375446319580e-01 9.891214370727539062e-01 2.387869805097579956e-01 -5.821147561073303223e-01 -5.250642448663711548e-02 2.327517792582511902e-02 1.683401465415954590e-01 1.384025216102600098e-01 -2.586140632629394531e-01 -9.988815784454345703e-01 -5.734402537345886230e-01 -9.998542070388793945e-01 -6.773432493209838867e-01 1.389258801937103271e-01 -9.149500131607055664e-01 6.613731384277343750e-01 -2.521111667156219482e-01 9.854358620941638947e-03 2.680691182613372803e-01 -9.376422762870788574e-01 -7.519905567169189453e-01 5.836812257766723633e-01 -9.763631820678710938e-01 -9.387530088424682617e-01 -6.387711763381958008e-01 -2.665446400642395020e-01 -3.604737520217895508e-01 -5.328991916030645370e-03 4.052755981683731079e-02 1.553103625774383545e-01 -2.299630045890808105e-01 9.885311126708984375e-01 4.749263823032379150e-01 9.698200821876525879e-01 -9.949012100696563721e-02 1.340068876743316650e-01 -2.547006607055664062e-01 9.906195998191833496e-01 -1.817216426134109497e-01 1.992778666317462921e-02 -9.882745742797851562e-01 3.939303755760192871e-01 3.181686699390411377e-01 9.863945841789245605e-01 9.740487337112426758e-01 9.880598187446594238e-01 -8.315848708152770996e-01 -3.514763712882995605e-01 1.936933994293212891e-01 1.755442321300506592e-01 -1.663322597742080688e-01 -1.428775489330291748e-01 -1.327951550483703613e-01 -9.995452165603637695e-01 -9.959589838981628418e-01 -3.281059116125106812e-02 -9.815692305564880371e-01 9.998071789741516113e-01 7.353477180004119873e-02 3.758559823036193848e-01 2.973023951053619385e-01 4.088919162750244141e-01 -3.195212408900260925e-02 -9.981294870376586914e-01 -9.620363712310791016e-01 -1.230630651116371155e-01 -6.475915312767028809e-01 1.571144163608551025e-01 8.837353670969605446e-04 -9.999475479125976562e-01 -9.879705309867858887e-01 -3.038596510887145996e-01 -2.102451473474502563e-01 -2.006436586380004883e-01 -1.897858530282974243e-01 2.892697155475616455e-01 9.469034075736999512e-01 9.818799495697021484e-01 -9.430864453315734863e-01 7.160948589444160461e-03 -1.437764167785644531e-01 3.758726119995117188e-01 -6.871261447668075562e-02 -6.964837908744812012e-01 -1.251360177993774414e-01 -8.782851696014404297e-01 3.002727925777435303e-01 -7.847420126199722290e-02 -1.942628026008605957e-01 -3.132047951221466064e-01
5.592968463897705078e-01 7.600994110107421875e-01 2.449236661195755005e-01 -2.908906899392604828e-03 -3.125858306884765625e-01 9.835851788520812988e-01 9.976025223731994629e-01 -9.975607395172119141e-01 1.773731261491775513e-01 -9.923655986785888672e-01 2.815218567848205566e-01 -9.737532734870910645e-01 6.174094080924987793e-01 -9.890987277030944824e-01 -9.419083595275878906e-01 2.772406935691833496e-01 -3.430906832218170166e-01 1.687761694192886353e-01 -6.160382628440856934e-01 -4.704186022281646729e-01 1.826571673154830933e-01 6.767771393060684204e-02 -6.040555238723754883e-01 -3.778381049633026123e-01 9.950656890869140625e-01 -3.019872307777404785e-01 7.743822038173675537e-02 -1.227433532476425171e-01 5.097286701202392578e-01 9.828810691833496094e-01 9.987537860870361328e-01 7.531002163887023926e-02 5.807194709777832031e-01 6.227689236402511597e-02 -9.960356354713439941e-01 1.194758042693138123e-01 -3.669581413269042969e-01 6.766304839402437210e-03 9.596020579338073730e-01 -9.262488037347793579e-02 -6.121557671576738358e-03 -2.326359599828720093e-01 -1.338199675083160400e-01 -8.323403000831604004e-01 3.386516273021697998e-01 9.599983096122741699e-01 -4.494433701038360596e-01 1.704509258270263672e-01 7.685074210166931152e-01 -6.598918139934539795e-02 9.406929016113281250e-01 1.992052420973777771e-02 9.211314320564270020e-01 -4.891425073146820068e-01 -3.808276653289794922e-01 1.589604318141937256e-01 -4.078205823898315430e-01 -3.747748732566833496e-01 -9.981155395507812500e-01 1.902741193771362305e-02 -3.892921209335327148e-01 4.441266655921936035e-01 9.982301592826843262e-01 -2.848237054422497749e-03 1.657383590936660767e-01 -9.981468915939331055e-01 9.737706780433654785e-01 8.620713949203491211e-01 2.946608364582061768e-01 -1.372160464525222778e-01 8.400526046752929688e-01 9.783675670623779297e-01 -3.918724060058593750e-01 -7.537673115730285645e-01 -9.956052303314208984e-01 -4.563555866479873657e-02 -1.882789880037307739e-01 9.350183606147766113e-01 3.296384811401367188e-01 2.911222279071807861e-01 -9.913393855094909668e-01 3.933116197586059570e-01 9.994239807128906250e-01 -5.282065868377685547e-01 9.851247668266296387e-01 6.710808724164962769e-02 1.159385442733764648e-01 7.421105355024337769e-02 8.734636753797531128e-02 -1.874239891767501831e-01 -9.818641543388366699e-01 1.632157862186431885e-01 4.156632125377655029e-01 -9.975920915603637695e-01 -8.697897195816040039e-01 -9.072589278221130371e-01 4.388396143913269043e-01 -2.516990900039672852e-02 -8.791664838790893555e-01 -6.667222827672958374e-02 -6.853380799293518066e-01 -9.633811712265014648e-01 -7.619588971138000488e-01 -4.727215468883514404e-01 4.210953414440155029e-01 -3.631743136793375015e-03 8.445494174957275391e-01 5.493384599685668945e-01 -4.025366604328155518e-01 -9.934574961662292480e-01 -3.245411217212677002e-01 -2.673105709254741669e-02 9.078652262687683105e-01 -9.849767684936523438e-01 -2.834702730178833008e-01 1.989703178405761719e-01 -3.848861753940582275e-01 9.568302035331726074e-01 9.271617233753204346e-02 9.993203878402709961e-01 -9.509583711624145508e-01 6.281960755586624146e-02 -9.548946619033813477e-01 9.978303313255310059e-01 1.167596802115440369e-01 -3.767379522323608398e-01 7.178319692611694336e-01 1.428712457418441772e-01 -5.716592669486999512e-01 -2.848053574562072754e-01 8.288320302963256836e-01 9.810985326766967773e-01 -3.842980861663818359e-01 2.631269097328186035e-01 2.256912440061569214e-01 -6.506690382957458496e-01 9.865036010742187500e-01 -9.971089363098144531e-01 7.080908119678497314e-02 -1.481234878301620483e-01 9.999663233757019043e-01 1.447458118200302124e-01 -4.989480376243591309e-01 8.881099224090576172e-01 -4.118075221776962280e-02 5.916336774826049805e-01 -8.872748613357543945e-01 9.789220094680786133e-01 -7.473403215408325195e-01 -2.103630304336547852e-01 -1.682000309228897095e-01 -1.027578413486480713e-01 9.817909598350524902e-01 3.453365266323089600e-01 3.067128956317901611e-01 1.665709912776947021e-01 -9.326966404914855957e-01 7.932365536689758301e-01 1.570877134799957275e-01 2.312345802783966064e-01 -4.613884389400482178e-01 1.033891886472702026e-01 -2.860628962516784668e-01 -6.840018630027770996e-01 9.999343752861022949e-01 -2.553408145904541016e-01 -2.310607433319091797e-01 -3.668828010559082031e-01 9.919427037239074707e-01 9.749195575714111328e-01 9.636902809143066406e-02 -7.560662031173706055e-01 -9.934162497520446777e-01 -9.802234768867492676e-01 6.084828376770019531e-01 3.789651766419410706e-02 -3.286908566951751709e-02 -8.908046036958694458e-02 9.997471570968627930e-01 7.976979017257690430e-01 9.853172302246093750e-01 -1.094189360737800598e-01 9.981181621551513672e-01 -9.041446447372436523e-01 9.902810454368591309e-01 -7.402976155281066895e-01 7.276658900082111359e-03 -5.649605393409729004e-01 6.069215014576911926e-02 -5.014102458953857422e-01 9.560644626617431641e-01 -8.928309679031372070e-01 -9.379487633705139160e-01 1.644150912761688232e-01 9.897853732109069824e-01 4.878656268119812012e-01 -9.862632155418395996e-01 -9.881110191345214844e-01 -9.718686342239379883e-01 1.481849253177642822e-01 -4.948312789201736450e-02 -3.832120299339294434e-01 -8.814119696617126465e-01 -5.366536974906921387e-02 4.475528597831726074e-01 2.498946189880371094e-01 -1.402709186077117920e-01 7.791523933410644531e-01 9.916216731071472168e-01 -2.871412336826324463e-01 3.568075597286224365e-01 3.869926631450653076e-01 1.322883069515228271e-01 6.031988859176635742e-01 9.870601892471313477e-01 -8.631661534309387207e-01 8.928166031837463379e-01 8.947716951370239258e-01 9.841610789299011230e-01 -9.088944643735885620e-02 -9.292004108428955078e-01 -4.875785708427429199e-01 -6.498523354530334473e-01 2.197841256856918335e-01 3.865228593349456787e-01 -6.602088809013366699e-01 -9.790981411933898926e-01 1.378317922353744507e-01 -8.931016325950622559e-01 9.703162908554077148e-01 9.126146882772445679e-02 -7.807120680809020996e-02 -2.171502411365509033e-01 3.889645636081695557e-01 9.254620671272277832e-01 1.914597451686859131e-01 -8.980039954185485840e-01 -3.363855779170989990e-01 1.465577036142349243e-01 8.886644989252090454e-02 9.062960743904113770e-01 9.999110102653503418e-01 -4.610151425004005432e-02 4.154312312602996826e-01 9.512064456939697266e-01 3.803828358650207520e-01 8.990744948387145996e-01 -3.734022080898284912e-01 6.867057681083679199e-01 -1.494841724634170532e-01 2.264609038829803467e-01 -1.609013825654983521e-01 -2.823261916637420654e-01 1.707709878683090210e-01 9.993825554847717285e-01 1.463415026664733887e-01 -3.438687622547149658e-01 -9.985910654067993164e-01 -8.418413996696472168e-02 8.461650609970092773e-01 1.050360966473817825e-02 -9.919582009315490723e-01 -4.316835999488830566e-01 -7.662717700004577637e-01 -1.055595874786376953e-01 9.505391120910644531e-01 9.566661119461059570e-01 5.218971371650695801e-01 1.149008944630622864e-01 -1.905280202627182007e-01 9.817214012145996094e-01 -1.274953633546829224e-01 -1.886623054742813110e-01 9.916642308235168457e-01 -7.512181997299194336e-01 -9.938268065452575684e-01 5.045506954193115234e-01 -1.346100568771362305e-01 8.283586502075195312e-01 2.297078371047973633e-01 -9.896538257598876953e-01 -9.623717069625854492e-01 9.112475514411926270e-01 9.690177440643310547e-01 9.917199015617370605e-01 9.411839395761489868e-02 2.670598328113555908e-01 1.787097156047821045e-01 -9.993788003921508789e-01 -9.997335672378540039e-01 -8.544217348098754883e-01 1.656730473041534424e-01 1.363172233104705811e-01 6.539810895919799805e-01 9.988402724266052246e-01 -9.592747092247009277e-01 -1.698583066463470459e-01 6.888783574104309082e-01 2.373297326266765594e-02 9.536312222480773926e-01 9.950299263000488281e-01 -9.391964077949523926e-01 -6.028806045651435852e-02 9.063085317611694336e-01 -4.242822229862213135e-01 2.409096509218215942e-01 1.307764500379562378e-01 8.097405433654785156e-01 -4.661904647946357727e-02 -1.953435316681861877e-02 1.259016543626785278e-01 -9.020814895629882812e-01 -2.005499973893165588e-02 9.603695869445800781e-01 8.084101080894470215e-01 4.687215550802648067e-04 2.438461929559707642e-01 2.083324939012527466e-01 1.678469330072402954e-01 9.998874068260192871e-01 -1.208382993936538696e-01 9.369805455207824707e-01 -5.026020407676696777e-01 5.280972719192504883e-01 -3.416940271854400635e-01 -6.518995165824890137e-01 -4.083065390586853027e-01 7.123369574546813965e-01 -9.845567941665649414e-01 4.637590944766998291e-01 9.999755024909973145e-01 -1.662732064723968506e-01 1.306712180376052856e-01 -7.056047320365905762e-01 2.642917931079864502e-01 2.157174348831176758e-01 3.985408544540405273e-01 -9.288443922996520996e-01 -9.558116197586059570e-01 1.900535970926284790e-01 9.642601013183593750e-01 1.929144710302352905e-01 -1.195634305477142334e-01 9.958371520042419434e-01 -9.311777949333190918e-01 -9.920307397842407227e-01 5.167835950851440430e-01 9.999822378158569336e-01 3.916569352149963379e-01 9.180612564086914062e-01 4.802307486534118652e-01 9.090990573167800903e-02 5.198158621788024902e-01 2.515850067138671875e-01 9.842433929443359375e-01 2.799832820892333984e-01 -5.360588431358337402e-01 -6.614438444375991821e-02 -2.188540101051330566e-01 3.116270005702972412e-01 -9.998108148574829102e-01 -9.785360693931579590e-01 -2.891629338264465332e-01 -6.913840025663375854e-02 1.738438755273818970e-01 -9.680953621864318848e-01 -9.832186102867126465e-01 2.617412507534027100e-01 3.542495667934417725e-01 7.441102713346481323e-02 -1.087550744414329529e-01 9.990817308425903320e-01 -2.096453905105590820e-01 7.324299216270446777e-01 -5.096538662910461426e-01 -9.992556571960449219e-01 -3.724179863929748535e-01 -2.247034944593906403e-02 1.102175191044807434e-01 -6.568642258644104004e-01 7.452341914176940918e-01 -2.952529191970825195e-01 1.776219010353088379e-01 -9.087010473012924194e-02 9.997627735137939453e-01 6.925215125083923340e-01 7.076638936996459961e-01 -9.417311847209930420e-02 9.891108870506286621e-01 9.956403076648712158e-02 -3.736061751842498779e-01 9.977470636367797852e-01 -9.995589256286621094e-01 2.493211440742015839e-02 -1.485010981559753418e-01 2.496301531791687012e-01 -6.685521453619003296e-02 -8.336175084114074707e-01 9.910269379615783691e-01 7.165338844060897827e-02 -9.931199997663497925e-02 -5.723814964294433594e-01 5.828508734703063965e-01 -3.583061993122100830e-01 9.844773411750793457e-01 -9.861606955528259277e-01 -9.487017989158630371e-01 4.164210334420204163e-02 4.009557962417602539e-01 -6.842421293258666992e-01 -9.937700629234313965e-01 -7.619287371635437012e-01 -9.896156787872314453e-01 -2.374022156000137329e-01 -2.773132622241973877e-01 2.368101850152015686e-02 3.208559751510620117e-01 -9.092819690704345703e-01 2.320532947778701782e-01 -9.885795712471008301e-01 -3.780049383640289307e-01 7.406253814697265625e-01 1.166410222649574280e-01 9.983235597610473633e-01 2.216363400220870972e-01 -9.595773220062255859e-01 -1.288309246301651001e-01 2.640846967697143555e-01 -5.303593724966049194e-02 -2.758955061435699463e-01 1.411205232143402100e-01 -9.953107833862304688e-01 8.495597243309020996e-01 -9.987226128578186035e-01 -9.602028727531433105e-01 2.518531978130340576e-01 -9.360293149948120117e-01 -4.413928389549255371e-01 -2.695959806442260742e-01 1.116144433617591858e-01 -8.002106845378875732e-02 -8.657559752464294434e-01 -4.573578536510467529e-01 -1.369902044534683228e-01 -9.655677080154418945e-01 -8.152255415916442871e-01 -9.900912642478942871e-01 -1.094607114791870117e-01 -3.347052335739135742e-01 3.541453182697296143e-01 5.791574716567993164e-01 -2.668095827102661133e-01 -1.080461740493774414e-01 9.927782416343688965e-01 4.168620407581329346e-01 9.914072751998901367e-01 2.661471255123615265e-03 -1.212171986699104309e-01 -2.984886169433593750e-01 9.938137531280517578e-01 5.024578049778938293e-02 1.112530529499053955e-01 -9.845680594444274902e-01 1.239346489310264587e-01 9.841936230659484863e-01 9.917371869087219238e-01 9.667966961860656738e-01 9.911491870880126953e-01 -9.843242764472961426e-01 -1.512687653303146362e-01 2.297899723052978516e-01 3.473447561264038086e-01 6.516591310501098633e-01 5.005522370338439941e-01 1.431828439235687256e-01 -9.870060086250305176e-01 -9.769303202629089355e-01 5.797397717833518982e-02 -9.993567466735839844e-01 9.988791942596435547e-01 3.811883032321929932e-01 -7.521142065525054932e-02 2.552147209644317627e-02 5.137844756245613098e-02 -1.016992852091789246e-01 -7.977635264396667480e-01 -9.967120885848999023e-01 -1.732559651136398315e-01 -1.770367324352264404e-01 -4.191716909408569336e-01 -5.726680755615234375e-01 -9.999279975891113281e-01 -4.532889425754547119e-01 -7.371827960014343262e-01 6.976641714572906494e-02 -2.326173633337020874e-01 -5.404417514801025391e-01 3.222020864486694336e-01 5.631167292594909668e-01 9.992740154266357422e-01 -2.463768571615219116e-01 1.175051555037498474e-01 5.062535405158996582e-01 -1.857183575630187988e-01 -1.496694087982177734e-01 -3.759176731109619141e-01 8.252316117286682129e-01 -2.361543178558349609e-01 -2.575857937335968018e-02 3.392907083034515381e-01 -2.433111816644668579e-01 1.626993343234062195e-02
9.796685576438903809e-01 -7.939280867576599121e-01 1.707572340965270996e-01 -8.669991046190261841e-02 2.175527513027191162e-01 9.970488548278808594e-01 9.957560300827026367e-01 -9.980797767639160156e-01 -3.360728025436401367e-01 -9.973667860031127930e-01 2.648959755897521973e-01 -9.227175116539001465e-01 9.853544235229492188e-01 -9.663549065589904785e-01 -4.134115278720855713e-01 -1.568339616060256958e-01 -1.516142785549163818e-01 2.973813414573669434e-01 -7.594485282897949219e-01 -7.576469331979751587e-02 6.385018825531005859e-01 2.356695681810379028e-01 -5.357612371444702148e-01 -4.547186493873596191e-01 9.631798267364501953e-01 3.016328811645507812e-01 2.471033632755279541e-01 -3.020965754985809326e-01 5.040814280509948730e-01 7.874467968940734863e-01 9.825622439384460449e-01 -1.929113864898681641e-01 4.426735341548919678e-01 -5.934391170740127563e-02 -9.969891309738159180e-01 2.340131066739559174e-02 -5.031191110610961914e-01 2.152561247348785400e-01 9.569271802902221680e-01 1.856159791350364685e-02 3.555215196684002876e-03 3.273266181349754333e-02 5.534101650118827820e-02 -9.648213982582092285e-01 4.189804941415786743e-02 9.558299779891967773e-01 -7.990070581436157227e-01 -3.912880644202232361e-02 3.591524064540863037e-01 -1.537753641605377197e-01 9.788066744804382324e-01 1.930139511823654175e-01 8.398403525352478027e-01 -1.398995220661163330e-01 -8.099618554115295410e-01 -3.945119976997375488e-01 -7.352982461452484131e-02 -4.455604255199432373e-01 -9.834036231040954590e-01 -9.587195515632629395e-01 -2.195060253143310547e-01 2.177830934524536133e-01 9.886571168899536133e-01 4.664205014705657959e-02 4.693519771099090576e-01 -9.909580349922180176e-01 7.903280258178710938e-01 2.932368516921997070e-01 -1.675998866558074951e-01 -7.061328291893005371e-01 9.801464080810546875e-01 9.799402952194213867e-01 -6.980356574058532715e-01 -1.738011720590293407e-03 -9.953366518020629883e-01 -4.508202672004699707e-01 1.426771581172943115e-01 8.850134015083312988e-01 2.980735599994659424e-01 2.102776616811752319e-02 -9.990717172622680664e-01 3.218542039394378662e-02 9.808266162872314453e-01 3.526282310485839844e-01 7.031939625740051270e-01 1.461671143770217896e-01 4.796606004238128662e-01 -8.167466521263122559e-02 -2.646550834178924561e-01 3.884261846542358398e-01 -7.031437754631042480e-01 -8.630711585283279419e-02 3.385706841945648193e-01 -9.992911219596862793e-01 -6.063204407691955566e-01 -8.816036581993103027e-01 4.990784525871276855e-01 -2.492682635784149170e-01 -8.806406855583190918e-01 -1.408115476369857788e-01 -9.645853638648986816e-01 -9.113590717315673828e-01 -8.565338850021362305e-01 -8.375921845436096191e-02 -4.466389492154121399e-02 -4.528001323342323303e-02 8.143202066421508789e-01 3.977653384208679199e-01 -4.107391536235809326e-01 -9.728449583053588867e-01 -5.305441096425056458e-02 -4.075410310178995132e-03 7.021026015281677246e-01 -7.574044466018676758e-01 -4.132181704044342041e-01 2.509491145610809326e-01 -2.672060132026672363e-01 5.306374430656433105e-01 -5.463478621095418930e-03 9.434092044830322266e-01 1.598649844527244568e-02 2.449299246072769165e-01 -9.136807322502136230e-01 9.848537445068359375e-01 -3.199146091938018799e-01 -5.551148653030395508e-01 9.503520131111145020e-01 -5.763549357652664185e-02 -3.950745761394500732e-01 -2.223993837833404541e-01 9.073305726051330566e-01 8.180176615715026855e-01 -7.456485033035278320e-01 1.472699195146560669e-01 3.507621288299560547e-01 -8.315420150756835938e-01 9.938774108886718750e-01 -9.590520858764648438e-01 1.687405705451965332e-01 -2.247531563043594360e-01 9.997218847274780273e-01 3.481055796146392822e-02 -3.724797964096069336e-01 4.784708470106124878e-02 -2.903582155704498291e-01 1.076624635607004166e-02 5.531659722328186035e-01 9.937740564346313477e-01 -3.618583083152770996e-02 -3.893843889236450195e-01 -9.596135467290878296e-02 -3.972568213939666748e-01 1.170697957277297974e-01 -1.683076620101928711e-01 2.962261736392974854e-01 1.809159666299819946e-01 -7.285472750663757324e-01 9.767477512359619141e-01 1.631175875663757324e-01 -2.824607193470001221e-01 -1.567479819059371948e-01 -1.324486881494522095e-01 -1.609788984060287476e-01 -5.863103866577148438e-01 9.993699789047241211e-01 2.153251618146896362e-01 -5.246053338050842285e-01 -5.166782736778259277e-01 9.913717508316040039e-01 6.276035308837890625e-01 -1.803477406501770020e-01 4.471769332885742188e-01 -9.938808083534240723e-01 -7.971230149269104004e-01 -2.534898519515991211e-01 3.209919333457946777e-01 7.256971001625061035e-01 7.088948041200637817e-02 9.973387718200683594e-01 9.815805554389953613e-01 9.963225722312927246e-01 -3.330454230308532715e-02 9.968357682228088379e-01 -9.550737738609313965e-01 9.875479936599731445e-01 -9.521886110305786133e-01 2.072715312242507935e-01 -2.415692210197448730e-01 2.906809747219085693e-01 5.370905995368957520e-01 9.830259680747985840e-01 -8.537731170654296875e-01 -9.311781525611877441e-01 -2.870908081531524658e-01 5.381277799606323242e-01 2.129127979278564453e-01 -9.819644093513488770e-01 -7.432360649108886719e-01 -9.193372130393981934e-01 2.903400957584381104e-01 -8.510783314704895020e-02 -6.734373420476913452e-02 -7.768611311912536621e-01 1.442809104919433594e-01 -5.688206106424331665e-02 6.086212992668151855e-01 -2.761034071445465088e-01 8.191023468971252441e-01 1.650535017251968384e-01 6.027286127209663391e-02 -2.813444137573242188e-01 -8.943996429443359375e-01 -1.779983639717102051e-01 3.249062001705169678e-01 6.951563358306884766e-01 -9.692599773406982422e-01 8.348496556282043457e-01 6.216959953308105469e-01 8.059660792350769043e-01 1.688389033079147339e-01 -7.762116193771362305e-01 -1.996249258518218994e-01 -7.679642438888549805e-01 2.976500093936920166e-01 -8.830251097679138184e-01 -9.408637881278991699e-01 -7.911429405212402344e-01 -9.924654662609100342e-02 -1.337951421737670898e-01 9.871520996093750000e-01 1.585468500852584839e-01 3.499092757701873779e-01 -3.922373428940773010e-02 4.223947227001190186e-01 6.596965789794921875e-01 5.677965879440307617e-01 -5.891779065132141113e-01 2.651778459548950195e-01 -1.054158210754394531e-01 5.520675182342529297e-01 -2.707209587097167969e-01 9.992818832397460938e-01 8.973463773727416992e-01 9.851384162902832031e-01 9.647780656814575195e-01 8.400493860244750977e-02 7.660735249519348145e-01 4.945422410964965820e-01 -2.914338707923889160e-01 -3.951446413993835449e-01 3.165988028049468994e-01 -4.929554462432861328e-02 -1.281497627496719360e-01 1.836778670549392700e-01 9.929413795471191406e-01 4.715581610798835754e-02 -3.990843296051025391e-01 -9.977509379386901855e-01 -6.246406435966491699e-01 9.073447585105895996e-01 7.329435646533966064e-02 -8.867549896240234375e-01 -1.832844465970993042e-01 -9.198586344718933105e-01 7.173875812441110611e-03 9.115239977836608887e-01 9.348984956741333008e-01 5.236064791679382324e-01 4.681991636753082275e-01 -3.622011840343475342e-01 9.119537472724914551e-01 -3.050951957702636719e-01 -3.748478293418884277e-01 9.972100853919982910e-01 -4.910138249397277832e-01 -8.905113339424133301e-01 1.104568243026733398e-01 1.900317519903182983e-01 6.414634585380554199e-01 3.100089728832244873e-01 -9.432017803192138672e-01 -7.208356857299804688e-01 9.921392798423767090e-01 9.847472310066223145e-01 8.069306612014770508e-01 -1.820348352193832397e-01 1.818085461854934692e-01 3.068463504314422607e-01 -9.887980818748474121e-01 -9.883177876472473145e-01 -7.775989770889282227e-01 5.100757628679275513e-02 2.732158601284027100e-01 3.318056762218475342e-01 9.085193872451782227e-01 -9.057784080505371094e-01 3.341889241710305214e-03 7.807739973068237305e-01 -4.600196778774261475e-01 9.947316050529479980e-01 9.741823673248291016e-01 -9.524490833282470703e-01 3.162677586078643799e-01 8.529866933822631836e-01 -3.864909112453460693e-01 7.847458124160766602e-01 3.477483987808227539e-01 8.479211330413818359e-01 1.791635155677795410e-01 1.757939308881759644e-01 -2.556021809577941895e-01 -9.954344034194946289e-01 3.127520978450775146e-01 8.751040697097778320e-01 6.393164992332458496e-01 6.031994894146919250e-02 -2.632365003228187561e-02 -9.444066882133483887e-02 5.193356871604919434e-01 9.963901638984680176e-01 -9.600043296813964844e-02 9.989560246467590332e-01 -1.275709569454193115e-01 -7.470545172691345215e-01 -6.358922123908996582e-01 -3.101666867733001709e-01 -7.670560479164123535e-01 -3.555601835250854492e-01 -7.162576317787170410e-01 1.414884924888610840e-01 9.998798370361328125e-01 1.089897844940423965e-02 -1.656072563491761684e-03 -9.944735169410705566e-01 -1.396703124046325684e-01 3.631681501865386963e-01 3.794222772121429443e-01 -2.186130285263061523e-01 -9.698360562324523926e-01 3.618187308311462402e-01 9.896785616874694824e-01 -5.924283266067504883e-01 -1.830159425735473633e-01 8.593133091926574707e-01 -9.852452278137207031e-01 -9.981340765953063965e-01 -1.102941259741783142e-01 9.997919201850891113e-01 2.088848054409027100e-01 6.496412158012390137e-01 -6.689369212836027145e-03 5.189847946166992188e-01 3.892094492912292480e-01 -2.348341196775436401e-01 7.822763919830322266e-01 -2.401818931102752686e-01 4.488857686519622803e-01 -1.821114718914031982e-01 -2.598701715469360352e-01 1.252222359180450439e-01 -9.901410341262817383e-01 -7.637931108474731445e-01 -2.252328395843505859e-01 2.070129364728927612e-01 -4.326749145984649658e-01 -9.808616042137145996e-01 -7.883205413818359375e-01 9.123196601867675781e-01 4.992864727973937988e-01 1.954208463430404663e-01 -2.516716718673706055e-01 9.792866110801696777e-01 -4.824551343917846680e-01 3.076297044754028320e-01 -4.247051179409027100e-01 -9.748950600624084473e-01 -1.287010312080383301e-01 2.668328285217285156e-01 -5.023950338363647461e-02 -2.691182196140289307e-01 7.826998829841613770e-01 2.129712700843811035e-01 7.079386711120605469e-01 2.789855301380157471e-01 9.645845293998718262e-01 3.851572573184967041e-01 6.952133178710937500e-01 2.128940075635910034e-01 9.613991379737854004e-01 -4.957823082804679871e-02 -1.240006610751152039e-01 9.378744363784790039e-01 -9.826697707176208496e-01 2.358227223157882690e-01 -4.891665875911712646e-01 -2.127946168184280396e-01 1.304944604635238647e-01 -5.367313027381896973e-01 9.066225290298461914e-01 -2.620052732527256012e-02 7.564300298690795898e-02 6.566529870033264160e-01 6.307515501976013184e-01 -4.916576445102691650e-01 8.024661540985107422e-01 -9.470312595367431641e-01 -7.072882652282714844e-01 -5.471519753336906433e-02 -1.247418746352195740e-01 -8.376250267028808594e-01 -5.998080968856811523e-01 9.822495579719543457e-01 -7.045700550079345703e-01 2.824744023382663727e-02 5.313937067985534668e-01 3.552733659744262695e-01 -9.748322516679763794e-02 -3.651641309261322021e-01 -4.133250117301940918e-01 -9.963192939758300781e-01 1.555093675851821899e-01 7.195590734481811523e-01 -1.008721590042114258e-01 9.590899348258972168e-01 2.297064214944839478e-01 -7.455031871795654297e-01 -1.725436151027679443e-01 4.429587423801422119e-01 1.127531975507736206e-01 -2.385163754224777222e-01 2.023275941610336304e-01 -9.903060793876647949e-01 -8.180075883865356445e-01 -9.989611506462097168e-01 -8.893453478813171387e-01 1.405818760395050049e-01 -1.549552530050277710e-01 6.731411218643188477e-01 -2.399642467498779297e-01 -4.928267300128936768e-01 1.170465871691703796e-01 -4.269603192806243896e-01 1.662619560956954956e-01 1.634034365415573120e-01 -6.681901216506958008e-01 -5.255345702171325684e-01 -9.419264197349548340e-01 -6.574518233537673950e-02 -7.750695943832397461e-01 1.947638690471649170e-01 6.224646568298339844e-01 -9.992178529500961304e-02 2.351286560297012329e-01 9.312915205955505371e-01 5.345014333724975586e-01 9.949067831039428711e-01 2.330647855997085571e-01 -1.210008263587951660e-01 1.787162721157073975e-01 9.761906862258911133e-01 -6.062737200409173965e-03 3.621136248111724854e-01 -8.941570520401000977e-01 3.657819628715515137e-01 6.645757555961608887e-01 9.816870093345642090e-01 9.937589168548583984e-01 9.950163960456848145e-01 -9.159904718399047852e-01 -4.878205060958862305e-01 2.291120141744613647e-01 9.006425142288208008e-01 -2.422351837158203125e-01 4.800900816917419434e-01 1.769297569990158081e-01 -9.586867094039916992e-01 -9.670704603195190430e-01 3.334723412990570068e-01 -9.744043350219726562e-01 9.609434008598327637e-01 3.596337735652923584e-01 1.345900446176528931e-01 9.191072732210159302e-02 2.494883984327316284e-01 2.363075762987136841e-01 -6.166363954544067383e-01 -8.780031800270080566e-01 -7.417516708374023438e-01 -8.761808276176452637e-01 -5.229910612106323242e-01 -1.695174872875213623e-01 -9.994670748710632324e-01 -7.758882641792297363e-01 -9.453940987586975098e-01 3.783689141273498535e-01 -3.307957947254180908e-01 -2.062275707721710205e-01 -1.796149313449859619e-01 8.475686311721801758e-01 9.767336845397949219e-01 -2.770403921604156494e-01 -5.904483795166015625e-02 8.299921452999114990e-02 -4.918712973594665527e-01 -2.343643903732299805e-01 -6.221680641174316406e-01 3.618614375591278076e-01 -7.301824092864990234e-01 1.559522449970245361e-01 -6.350167095661163330e-02 -3.470044136047363281e-01 -7.171162366867065430e-01
2.680496275424957275e-01 7.154832482337951660e-01 -2.033486217260360718e-01 8.059548586606979370e-02 1.016459092497825623e-01 2.602584064006805420e-01 9.953111410140991211e-01 -9.663073420524597168e-01 4.434916004538536072e-02 -9.803265333175659180e-01 1.174651607871055603e-01 -9.401541352272033691e-01 9.917540550231933594e-01 -9.661900997161865234e-01 -9.074057340621948242e-01 5.637930631637573242e-01 3.076514601707458496e-01 -5.279392600059509277e-01 -3.859787881374359131e-01 -1.782741248607635498e-01 1.516325622797012329e-01 4.090308248996734619e-01 -4.252577722072601318e-01 -8.829287290573120117e-01 9.966723918914794922e-01 9.919360280036926270e-01 -2.270299345254898071e-01 -5.754538774490356445e-01 2.960258163511753082e-02 9.981805086135864258e-01 3.871038854122161865e-01 -2.472438663244247437e-01 3.507015705108642578e-01 -1.983232330530881882e-03 -6.531150341033935547e-01 -4.802500903606414795e-01 -2.573429942131042480e-01 -3.783414065837860107e-01 3.479959964752197266e-01 -1.253534257411956787e-01 -3.674517199397087097e-02 -4.892188310623168945e-01 1.203063428401947021e-01 -9.807102680206298828e-01 -1.120085343718528748e-01 5.976195931434631348e-01 -7.426106929779052734e-01 -6.951432209461927414e-03 9.334914684295654297e-01 -2.103145718574523926e-01 9.942683577537536621e-01 2.105735475197434425e-03 7.623996138572692871e-01 1.501046270132064819e-01 -1.031668707728385925e-01 3.609914779663085938e-01 -1.791265793144702911e-02 1.806434392929077148e-01 -9.647403359413146973e-01 -9.530702233314514160e-01 1.082561239600181580e-01 -4.007621854543685913e-02 8.714285492897033691e-01 1.975473389029502869e-02 4.760987758636474609e-01 -9.764543175697326660e-01 -6.694290637969970703e-01 8.299679160118103027e-01 -6.933896243572235107e-02 -8.155435919761657715e-01 9.817427992820739746e-01 8.832551836967468262e-01 -3.729199767112731934e-01 -9.859812259674072266e-01 -9.422467947006225586e-01 -4.524674713611602783e-01 -6.270617991685867310e-02 8.406037092208862305e-01 1.455572098493576050e-01 -2.125538140535354614e-01 -7.795029282569885254e-01 -1.026473473757505417e-03 9.792500138282775879e-01 -7.620176672935485840e-01 9.944385290145874023e-01 -7.064469456672668457e-01 -6.857790797948837280e-02 -1.098678186535835266e-01 3.458587080240249634e-02 3.649978339672088623e-01 -9.759318828582763672e-01 -2.897745184600353241e-02 7.081153988838195801e-01 -9.985991120338439941e-01 -9.676209092140197754e-01 -5.785468220710754395e-01 9.810051918029785156e-01 -3.291551768779754639e-01 -9.111973643302917480e-01 -5.601685047149658203e-01 -8.181700706481933594e-01 -1.967007853090763092e-02 -3.213500231504440308e-02 -1.149461120367050171e-01 -3.897014260292053223e-01 1.748790889978408813e-01 9.460862278938293457e-01 2.886261940002441406e-01 -2.489802539348602295e-01 8.607298135757446289e-01 2.052386701107025146e-01 4.809436798095703125e-01 -2.592057585716247559e-01 -9.893352985382080078e-01 -3.597189486026763916e-01 -3.020240366458892822e-01 3.607232868671417236e-01 4.884695410728454590e-01 6.378424167633056641e-02 9.964179992675781250e-01 -2.072502076625823975e-01 1.979764401912689209e-01 -9.342690706253051758e-01 9.871780872344970703e-01 5.693284422159194946e-02 2.071232050657272339e-01 6.086158752441406250e-01 -1.136714369058609009e-01 -5.392498373985290527e-01 7.473298907279968262e-02 9.432656168937683105e-01 9.769386053085327148e-01 -6.861688494682312012e-01 3.513066172599792480e-01 4.561861157417297363e-01 -5.117503404617309570e-01 9.827508926391601562e-01 -9.923887252807617188e-01 4.939222037792205811e-01 9.675645828247070312e-02 9.998846054077148438e-01 4.820744395256042480e-01 -2.600065171718597412e-01 -3.772683143615722656e-01 -2.002314776182174683e-01 -9.704126417636871338e-02 1.959654130041599274e-02 7.288551926612854004e-01 5.000929832458496094e-01 -3.027226030826568604e-01 -2.062658220529556274e-01 -1.634039580821990967e-01 8.999356627464294434e-01 5.921834707260131836e-02 3.560573607683181763e-02 2.528798878192901611e-01 -9.900388717651367188e-01 9.799319505691528320e-01 -1.901281476020812988e-01 -1.701612472534179688e-01 -4.549469351768493652e-01 9.986439347267150879e-02 -4.264045879244804382e-02 -6.858710646629333496e-01 9.997462034225463867e-01 -7.162710279226303101e-02 -3.266865909099578857e-01 -3.033997416496276855e-01 8.908152580261230469e-01 -1.024032905697822571e-01 -8.885358273983001709e-02 -7.311138510704040527e-01 -9.315469264984130859e-01 -9.977189302444458008e-01 1.947904378175735474e-02 4.380785524845123291e-01 6.852400302886962891e-01 -3.241531550884246826e-01 9.811171293258666992e-01 9.916838407516479492e-01 9.754827618598937988e-01 -8.755215257406234741e-02 9.917507171630859375e-01 -9.729233980178833008e-01 7.630138993263244629e-01 -9.603866934776306152e-01 -3.241333961486816406e-01 -9.650676250457763672e-01 3.230358064174652100e-01 8.102205395698547363e-01 3.892914159223437309e-03 -9.366504549980163574e-01 -9.982582330703735352e-01 1.304938197135925293e-01 6.736745834350585938e-01 2.485928833484649658e-01 -9.463382959365844727e-01 -9.925853013992309570e-01 2.299595922231674194e-01 -3.071335256099700928e-01 3.941515982151031494e-01 -1.766155213117599487e-01 6.425808668136596680e-01 3.167745843529701233e-02 7.371897250413894653e-02 -2.677356302738189697e-01 -3.219358026981353760e-01 9.832707047462463379e-01 8.635805249214172363e-01 -1.810079962015151978e-01 -4.576559960842132568e-01 -6.521193981170654297e-01 -5.980181694030761719e-02 1.062561199069023132e-01 9.730609655380249023e-01 -9.892436265945434570e-01 8.952906727790832520e-01 5.824649930000305176e-01 9.977601170539855957e-01 -1.692750863730907440e-02 -8.822454214096069336e-01 -7.880867272615432739e-02 -9.864560365676879883e-01 1.444640755653381348e-01 -6.742575764656066895e-01 9.214864373207092285e-01 -9.693217277526855469e-01 8.466003090143203735e-02 -9.769473075866699219e-01 9.971339702606201172e-01 1.623401045799255371e-01 5.671318992972373962e-02 -3.403370082378387451e-01 3.426327705383300781e-01 9.202264547348022461e-01 5.180313587188720703e-01 5.795021057128906250e-01 -4.117135405540466309e-01 4.005518853664398193e-01 -2.161209881305694580e-01 5.376963615417480469e-01 9.999094605445861816e-01 -5.845694541931152344e-01 9.468448758125305176e-01 9.936658143997192383e-01 3.172552585601806641e-01 8.261997103691101074e-01 7.198258489370346069e-02 -1.317708194255828857e-01 -3.163573741912841797e-01 4.062410891056060791e-01 5.093271285295486450e-02 -7.484997808933258057e-02 2.102844715118408203e-01 9.521042704582214355e-01 -3.880216181278228760e-01 -3.589882850646972656e-01 -9.891442060470581055e-01 3.869695365428924561e-01 9.186036586761474609e-01 2.117171324789524078e-02 -9.971820116043090820e-01 -3.990108072757720947e-01 -8.621819615364074707e-01 -3.076998889446258545e-01 9.875516295433044434e-01 3.063092529773712158e-01 -8.245425820350646973e-01 1.733573377132415771e-01 7.470687478780746460e-02 9.998410940170288086e-01 -2.093556523323059082e-01 1.032152995467185974e-01 9.977407455444335938e-01 -5.178031325340270996e-01 -8.683356642723083496e-01 9.495566487312316895e-01 6.157300248742103577e-02 8.990811705589294434e-01 5.104883909225463867e-01 -9.813207387924194336e-01 -8.626554012298583984e-01 9.906016588211059570e-01 9.121985435485839844e-01 3.058070242404937744e-01 -2.660622000694274902e-01 1.137739494442939758e-01 1.185677722096443176e-01 -9.901133775711059570e-01 -9.971013665199279785e-01 -6.326047778129577637e-01 4.571459069848060608e-02 5.560004115104675293e-01 9.014675617218017578e-01 9.884010553359985352e-01 -9.962493777275085449e-01 2.826479077339172363e-01 8.855337500572204590e-01 -1.363915205001831055e-02 9.844364523887634277e-01 9.865581393241882324e-01 -9.922811985015869141e-01 -8.409142494201660156e-01 5.224671959877014160e-01 -1.094154864549636841e-01 6.987470984458923340e-01 6.184825673699378967e-02 9.891101121902465820e-01 -5.018607527017593384e-02 -8.055637776851654053e-02 1.888314187526702881e-01 -6.778570264577865601e-02 2.695168256759643555e-01 9.881094098091125488e-01 9.440485239028930664e-01 -3.256442546844482422e-01 3.978339731693267822e-01 1.946731358766555786e-01 -9.906060993671417236e-02 9.995249509811401367e-01 -1.651165485382080078e-01 9.609502553939819336e-01 -1.381032764911651611e-01 -7.907018661499023438e-01 -3.430269062519073486e-01 -4.161441624164581299e-01 -9.975805878639221191e-01 -3.822566866874694824e-01 -9.964393377304077148e-01 -3.866231143474578857e-01 9.917190074920654297e-01 4.289225637912750244e-01 -2.573835551738739014e-01 -3.634104132652282715e-01 4.681696295738220215e-01 1.791508346796035767e-01 9.300839155912399292e-02 -1.768473386764526367e-01 -9.950009584426879883e-01 2.244939506053924561e-01 9.990541934967041016e-01 1.555440276861190796e-01 -6.796528398990631104e-02 8.654374480247497559e-01 6.187760233879089355e-01 -9.916784167289733887e-01 9.302357435226440430e-01 9.998285770416259766e-01 1.787490844726562500e-01 9.809696078300476074e-01 -4.902403801679611206e-02 2.218082547187805176e-01 2.738962173461914062e-01 4.042986929416656494e-01 9.981367588043212891e-01 8.697564154863357544e-02 6.802490353584289551e-01 1.251741647720336914e-01 4.677594825625419617e-02 1.090520843863487244e-01 -9.955837130546569824e-01 -9.975481629371643066e-01 -4.223876297473907471e-01 -2.555206716060638428e-01 -1.706761866807937622e-01 -7.309446930885314941e-01 -9.982682466506958008e-01 2.402322590351104736e-01 1.502022594213485718e-01 4.321454465389251709e-01 2.637957036495208740e-01 9.758924245834350586e-01 -4.623880386352539062e-01 4.192875921726226807e-01 -9.495111107826232910e-01 -9.989036917686462402e-01 1.457044780254364014e-01 3.318545520305633545e-01 -1.808788776397705078e-01 -1.464925706386566162e-01 9.550473690032958984e-01 -2.357931137084960938e-01 -8.797735571861267090e-01 1.498436629772186279e-01 9.912031292915344238e-01 9.344841241836547852e-01 3.360350131988525391e-01 -2.226432859897613525e-01 9.809074997901916504e-01 -2.270768731832504272e-01 1.834250539541244507e-01 9.746730923652648926e-01 -9.865211844444274902e-01 -1.022837460041046143e-01 -4.266829043626785278e-02 1.898879557847976685e-01 -3.307076096534729004e-01 -5.114504694938659668e-01 9.912599921226501465e-01 1.961607038974761963e-01 4.943245649337768555e-01 -9.338784031569957733e-03 9.829947352409362793e-01 -4.011165201663970947e-01 1.948410719633102417e-01 -9.769881963729858398e-01 -9.932312369346618652e-01 6.605424731969833374e-02 8.025454729795455933e-02 -9.918909072875976562e-01 -8.603578209877014160e-01 4.487251639366149902e-01 -6.912134885787963867e-01 -1.299218684434890747e-01 -6.323321163654327393e-02 3.768770098686218262e-01 1.665527820587158203e-01 -1.179173588752746582e-01 -2.985742688179016113e-01 -9.971054792404174805e-01 -1.366287171840667725e-01 8.845720291137695312e-01 4.890443682670593262e-01 9.972643852233886719e-01 4.091917276382446289e-01 -9.642825722694396973e-01 2.017972618341445923e-01 5.640155673027038574e-01 -3.039830327033996582e-01 1.609498113393783569e-01 5.204169452190399170e-02 -9.996249079704284668e-01 -4.087043181061744690e-02 -9.984319806098937988e-01 2.375310063362121582e-01 2.922891676425933838e-01 -9.488919973373413086e-01 -8.252915740013122559e-01 -3.689248561859130859e-01 -7.904508709907531738e-02 4.833292961120605469e-02 -9.649874567985534668e-01 -9.971574544906616211e-01 2.383260130882263184e-01 -9.991055130958557129e-01 -9.439803361892700195e-01 -6.834800839424133301e-01 5.047467350959777832e-01 -6.443791389465332031e-01 -4.121838808059692383e-01 -6.316319853067398071e-02 2.040637433528900146e-01 1.712460666894912720e-01 9.091133475303649902e-01 5.170513987541198730e-01 9.925462603569030762e-01 -1.959227174520492554e-01 3.248661383986473083e-02 -2.580078244209289551e-01 9.850414991378784180e-01 7.175058126449584961e-01 -6.924634426832199097e-02 -9.492262601852416992e-01 4.558433592319488525e-01 9.954641461372375488e-01 9.832780361175537109e-01 9.869989752769470215e-01 9.948831796646118164e-01 -9.779961705207824707e-01 -2.896235585212707520e-01 3.380981981754302979e-01 8.349164128303527832e-01 9.266753792762756348e-01 2.061126828193664551e-01 1.494132578372955322e-01 -9.838926196098327637e-01 -8.094894289970397949e-01 4.138317704200744629e-01 -9.900386929512023926e-01 9.975224137306213379e-01 -1.620087325572967529e-01 3.529465496540069580e-01 2.937250137329101562e-01 -6.786020845174789429e-02 4.763948619365692139e-01 -9.058234691619873047e-01 -9.855480790138244629e-01 -6.930962800979614258e-01 -2.713282704353332520e-01 6.220161914825439453e-02 -3.510572910308837891e-01 -9.999743103981018066e-01 1.616670936346054077e-01 -8.783789873123168945e-01 -4.896397516131401062e-02 1.381433606147766113e-01 -2.592495083808898926e-01 1.295397579669952393e-01 9.443524479866027832e-01 9.499061107635498047e-01 -7.446414828300476074e-01 -3.810155391693115234e-02 1.612125784158706665e-01 2.282590419054031372e-02 1.639434546232223511e-01 -8.105545639991760254e-01 5.472679138183593750e-01 6.823711991310119629e-01 -2.950901165604591370e-02 8.194852620363235474e-02 1.257132291793823242e-01 -6.285563111305236816e-01
8.391678333282470703e-01 2.630845606327056885e-01 2.003694325685501099e-02 -2.238717675209045410e-01 5.053337197750806808e-03 8.111848831176757812e-01 9.967039823532104492e-01 -9.930329322814941406e-01 2.665181756019592285e-01 -9.700698256492614746e-01 3.803633451461791992e-01 -9.530630111694335938e-01 8.465667366981506348e-01 -9.280562400817871094e-01 -8.487346768379211426e-01 2.768556773662567139e-01 -2.108169198036193848e-01 -3.826917409896850586e-01 -4.876133203506469727e-01 -4.608452320098876953e-01 2.093194723129272461e-01 3.295072913169860840e-01 -1.913845725357532501e-02 -2.357241064310073853e-01 9.940361976623535156e-01 9.937748908996582031e-01 3.806863725185394287e-02 -4.868662059307098389e-01 2.401513010263442993e-01 9.678463935852050781e-01 5.227977037429809570e-01 -1.720892190933227539e-01 3.446910977363586426e-01 -4.439378529787063599e-02 -9.741811752319335938e-01 -2.281574159860610962e-01 -2.206592857837677002e-01 6.303819268941879272e-02 9.400492310523986816e-01 8.537103235721588135e-02 4.189577698707580566e-01 -3.461274802684783936e-01 -9.436320513486862183e-03 -9.982809424400329590e-01 1.119316220283508301e-01 5.785368084907531738e-01 -9.196723103523254395e-01 3.508946895599365234e-01 9.324939846992492676e-01 -8.200656622648239136e-02 9.920395016670227051e-01 6.136238947510719299e-02 9.518708586692810059e-01 1.565606594085693359e-01 -1.310070604085922241e-01 4.493008181452751160e-02 -4.748034775257110596e-01 -3.509230539202690125e-02 -9.990079402923583984e-01 -9.668508768081665039e-01 -5.602547526359558105e-01 1.545952856540679932e-01 9.924554824829101562e-01 8.478846400976181030e-02 7.984789460897445679e-02 -9.997583627700805664e-01 4.774928092956542969e-01 8.362629413604736328e-01 1.738978773355484009e-01 -5.315597653388977051e-01 9.991378784179687500e-01 9.212394356727600098e-01 -4.527781307697296143e-01 -9.654043316841125488e-01 -9.981061220169067383e-01 -3.232154846191406250e-01 -3.762072324752807617e-01 9.485468864440917969e-01 1.148554459214210510e-01 -1.335012610070407391e-03 -9.813688993453979492e-01 5.088801383972167969e-01 9.909707307815551758e-01 -5.035310983657836914e-01 9.732667207717895508e-01 -9.019066691398620605e-01 1.424529403448104858e-01 1.086195409297943115e-01 2.339712381362915039e-01 2.208876311779022217e-01 -9.827382564544677734e-01 -6.696459650993347168e-02 5.345907211303710938e-01 -9.982003569602966309e-01 -9.673721194267272949e-01 -4.990863800048828125e-01 9.563189148902893066e-01 -1.988338828086853027e-01 -9.886053204536437988e-01 -2.782397568225860596e-01 -3.784348368644714355e-01 -3.084234893321990967e-01 -5.405158177018165588e-02 -1.818467527627944946e-01 2.267494648694992065e-01 3.190007209777832031e-01 9.564942717552185059e-01 1.345000267028808594e-01 5.644450336694717407e-02 -2.754968404769897461e-01 -3.044411242008209229e-01 6.445341110229492188e-01 9.839206188917160034e-02 -9.877054095268249512e-01 -3.621452748775482178e-01 -2.531098015606403351e-02 -2.952307760715484619e-01 9.676389098167419434e-01 -1.444463729858398438e-01 9.985960125923156738e-01 -7.822393774986267090e-01 3.618961572647094727e-01 -9.665080308914184570e-01 9.920617938041687012e-01 5.025827884674072266e-01 -1.037969887256622314e-01 -8.583233952522277832e-01 4.348917864263057709e-03 -2.056924104690551758e-01 -3.187509477138519287e-01 9.444958567619323730e-01 9.840378761291503906e-01 -3.129703700542449951e-01 1.641943007707595825e-01 5.138127207756042480e-01 -6.623709797859191895e-01 9.836772084236145020e-01 -9.958454370498657227e-01 9.073004722595214844e-01 -2.495615631341934204e-01 9.999890327453613281e-01 2.781459093093872070e-01 -1.669839769601821899e-01 7.741917967796325684e-01 -2.425993680953979492e-01 1.836694329977035522e-01 -5.076295137405395508e-01 9.877988696098327637e-01 -2.225611507892608643e-01 -1.490945518016815186e-01 -1.130667626857757568e-01 -1.774965822696685791e-01 8.454015851020812988e-01 2.725603878498077393e-01 5.822142702527344227e-04 2.560173273086547852e-01 -8.937762975692749023e-01 9.757218956947326660e-01 -2.848319411277770996e-01 -1.409151703119277954e-01 -4.042173624038696289e-01 -2.077979966998100281e-02 2.872617542743682861e-02 -1.918574422597885132e-01 9.999353289604187012e-01 -1.944133825600147247e-02 2.795964479446411133e-01 -1.936554312705993652e-01 9.575520753860473633e-01 -8.315278291702270508e-01 -1.960904449224472046e-01 -4.572957158088684082e-01 -9.583681821823120117e-01 -9.642196893692016602e-01 4.307428300380706787e-01 -1.619050651788711548e-01 1.759058237075805664e-02 -2.943382859230041504e-01 9.874098896980285645e-01 9.862855672836303711e-01 9.930924177169799805e-01 -1.569913774728775024e-01 9.973819851875305176e-01 -8.402997255325317383e-01 8.895561099052429199e-01 -9.631159305572509766e-01 -1.254972815513610840e-01 -9.599172472953796387e-01 1.412521004676818848e-01 9.824429750442504883e-01 6.214699745178222656e-01 -9.778801202774047852e-01 -9.949454069137573242e-01 3.835790157318115234e-01 7.100349664688110352e-01 4.451611042022705078e-01 -9.791659712791442871e-01 -9.815973043441772461e-01 4.890719950199127197e-01 1.225747540593147278e-01 4.607548415660858154e-01 -4.817361384630203247e-02 -2.691901326179504395e-01 1.156651973724365234e-01 -4.264913126826286316e-02 6.597107648849487305e-01 2.217551022768020630e-01 9.807384014129638672e-01 9.240884780883789062e-01 2.164945006370544434e-03 -2.769341468811035156e-01 2.197669297456741333e-01 -1.122836396098136902e-01 5.077272653579711914e-01 9.864916801452636719e-01 -9.932886362075805664e-01 5.298151373863220215e-01 9.062876701354980469e-01 9.626226425170898438e-01 5.371825024485588074e-02 -8.981468677520751953e-01 -7.116163522005081177e-02 -9.888893961906433105e-01 2.100289911031723022e-01 -9.684297442436218262e-01 -4.786221385002136230e-01 -9.697650074958801270e-01 9.823390841484069824e-02 -9.566195011138916016e-01 9.951747655868530273e-01 5.317248031497001648e-02 4.225476831197738647e-02 -3.140881061553955078e-01 5.482499003410339355e-01 9.332569837570190430e-01 4.757097363471984863e-01 4.019011184573173523e-02 -2.441417276859283447e-01 2.152836024761199951e-01 -1.631775349378585815e-01 7.227886915206909180e-01 9.999955892562866211e-01 -2.099076658487319946e-01 5.424625873565673828e-01 9.581682085990905762e-01 2.675723731517791748e-01 8.053691983222961426e-01 -9.456636011600494385e-02 8.244794607162475586e-01 -2.523194551467895508e-01 2.780714035034179688e-01 -6.566747277975082397e-02 -2.785452008247375488e-01 -2.304312773048877716e-02 9.914163351058959961e-01 1.603953093290328979e-01 -1.340814381837844849e-01 -9.995690584182739258e-01 5.100647732615470886e-02 9.972864985466003418e-01 -1.771048605442047119e-01 -9.987577795982360840e-01 -4.206032454967498779e-01 -9.756242036819458008e-01 -3.666785359382629395e-01 9.826140999794006348e-01 9.835530519485473633e-01 -9.093235135078430176e-01 3.468757569789886475e-01 -2.866111397743225098e-01 9.995307326316833496e-01 -2.579788863658905029e-01 -5.776603817939758301e-01 9.998852610588073730e-01 -5.135993957519531250e-01 -9.795428514480590820e-01 9.600958228111267090e-01 -3.885993063449859619e-01 9.541336297988891602e-01 5.333653092384338379e-01 -9.930831789970397949e-01 -8.709284067153930664e-01 9.482544660568237305e-01 9.874281287193298340e-01 7.257234454154968262e-01 -2.966220024973154068e-03 1.114941760897636414e-01 -1.898877918720245361e-01 -9.987068772315979004e-01 -9.996073246002197266e-01 -9.122833013534545898e-01 1.511141359806060791e-01 4.734508097171783447e-01 9.434883594512939453e-01 9.857363104820251465e-01 -9.987071752548217773e-01 -1.772825419902801514e-02 9.387366175651550293e-01 1.070877835154533386e-01 9.915661215782165527e-01 9.901432991027832031e-01 -9.961602091789245605e-01 -6.847837567329406738e-01 9.627692699432373047e-01 -7.070402055978775024e-02 3.217617571353912354e-01 2.340489327907562256e-01 9.954817891120910645e-01 -1.142380386590957642e-01 -2.137323655188083649e-02 3.613823056221008301e-01 -4.824476242065429688e-01 8.964068442583084106e-02 9.908696413040161133e-01 9.797212481498718262e-01 -7.741572707891464233e-02 1.553027778863906860e-01 -3.481181338429450989e-02 -4.317263364791870117e-01 9.999820590019226074e-01 -1.410068720579147339e-01 6.969019174575805664e-01 -4.038435220718383789e-01 -9.823272824287414551e-01 -5.390329957008361816e-01 -3.908697962760925293e-01 -9.908181428909301758e-01 4.979259073734283447e-01 -9.703593254089355469e-01 -2.210299372673034668e-01 9.998089075088500977e-01 1.783744990825653076e-01 -1.547391563653945923e-01 2.207830995321273804e-01 3.905244767665863037e-01 1.727380305528640747e-01 9.423620253801345825e-02 -1.624890267848968506e-01 -9.345366358757019043e-01 6.940559148788452148e-01 9.992219209671020508e-01 -9.946305304765701294e-02 1.578260771930217743e-02 9.444231390953063965e-01 -8.139277696609497070e-01 -9.612622261047363281e-01 8.249063491821289062e-01 9.999932050704956055e-01 -2.844468504190444946e-02 9.588844776153564453e-01 2.267919331789016724e-01 -3.418313860893249512e-01 7.219133377075195312e-01 3.210547566413879395e-01 9.670541882514953613e-01 2.578249275684356689e-01 -3.650733232498168945e-01 1.241591013967990875e-02 -4.346554726362228394e-02 -3.077820315957069397e-02 -9.978126883506774902e-01 -9.577959775924682617e-01 -1.914618611335754395e-01 -1.922143101692199707e-01 2.780778110027313232e-01 -9.720609784126281738e-01 -9.643338322639465332e-01 4.383907914161682129e-01 2.463526427745819092e-01 4.014827013015747070e-01 2.967537045478820801e-01 9.911603927612304688e-01 -5.399288535118103027e-01 5.623139739036560059e-01 -2.969058156013488770e-01 -9.987334609031677246e-01 -6.508321315050125122e-02 3.186532855033874512e-01 -3.833828121423721313e-02 -2.343779504299163818e-01 9.552684426307678223e-01 -2.141718417406082153e-01 -9.051342606544494629e-01 -4.762539267539978027e-01 9.927811622619628906e-01 8.652075529098510742e-01 1.616122126579284668e-01 -2.661601640284061432e-02 8.293818235397338867e-01 -3.527833223342895508e-01 -1.088521629571914673e-01 9.528191089630126953e-01 -9.993872642517089844e-01 -4.181634187698364258e-01 -1.399299800395965576e-01 4.215892851352691650e-01 -2.932993769645690918e-01 -4.343648254871368408e-01 9.995781779289245605e-01 -1.939918100833892822e-01 1.341032832860946655e-01 -6.704797744750976562e-01 8.135648965835571289e-01 -2.669770121574401855e-01 5.335422158241271973e-01 -9.797344207763671875e-01 -9.222092032432556152e-01 -1.334553509950637817e-01 2.282708883285522461e-01 -9.959800839424133301e-01 -1.483613699674606323e-01 3.016421198844909668e-01 -9.958317279815673828e-01 -4.625402390956878662e-03 -6.839241385459899902e-01 1.636741459369659424e-01 4.317545294761657715e-01 -5.521773695945739746e-01 -3.034776449203491211e-01 -9.994316101074218750e-01 -1.227829828858375549e-01 6.256319880485534668e-01 2.159862369298934937e-01 9.991470575332641602e-01 3.285623192787170410e-01 -9.577460289001464844e-01 1.438286453485488892e-01 3.834055364131927490e-02 -2.344066202640533447e-01 -2.881780862808227539e-01 -2.182773351669311523e-01 -9.995017647743225098e-01 8.202090263366699219e-01 -9.993496537208557129e-01 -8.812410831451416016e-01 3.346010446548461914e-01 -9.243699312210083008e-01 -4.658195078372955322e-01 -5.739676952362060547e-01 -4.691372439265251160e-02 -7.833090424537658691e-02 -9.675721526145935059e-01 -9.923675656318664551e-01 5.897706151008605957e-01 -9.836426973342895508e-01 -9.938473105430603027e-01 -9.907747507095336914e-01 2.563964426517486572e-01 -1.043118312954902649e-01 -3.597764968872070312e-01 2.502733469009399414e-01 4.299313426017761230e-01 -3.581870198249816895e-01 9.907372593879699707e-01 4.054901897907257080e-01 9.949980378150939941e-01 4.851488023996353149e-02 -5.815938580781221390e-03 -3.461737930774688721e-02 9.917148351669311523e-01 8.397781252861022949e-01 1.246672868728637695e-01 -9.846057295799255371e-01 2.922280728816986084e-01 9.678478837013244629e-01 9.946342110633850098e-01 9.774932265281677246e-01 9.967879652976989746e-01 -9.899607896804809570e-01 -2.726054191589355469e-01 4.129484593868255615e-01 9.916138648986816406e-01 8.147741556167602539e-01 4.644126594066619873e-01 3.599828481674194336e-01 -9.875734448432922363e-01 -9.863139390945434570e-01 1.572464555501937866e-01 -9.830902814865112305e-01 9.990355372428894043e-01 -1.120639964938163757e-01 1.480983793735504150e-01 -1.350210513919591904e-02 -2.212617546319961548e-01 -7.174773607403039932e-03 -9.832263588905334473e-01 -9.930476546287536621e-01 -3.806490898132324219e-01 7.525527477264404297e-02 -7.643634919077157974e-03 -3.177906274795532227e-01 -9.999706745147705078e-01 -3.733535110950469971e-01 -7.474304437637329102e-01 1.145080029964447021e-01 -2.562777996063232422e-01 -3.242797851562500000e-01 1.744979023933410645e-01 7.907849550247192383e-01 9.880366325378417969e-01 -7.800855636596679688e-01 6.996246986091136932e-03 3.002564907073974609e-01 -1.959248632192611694e-01 1.071909964084625244e-01 -9.539788365364074707e-01 2.811060547828674316e-01 -4.885115921497344971e-01 -1.633149683475494385e-01 4.171121120452880859e-02 -1.167526617646217346e-01 -2.832303941249847412e-01
2.348790019750595093e-01 8.281902670860290527e-01 -1.488710194826126099e-01 1.496176868677139282e-01 -2.471831068396568298e-02 -3.122652173042297363e-01 9.887182712554931641e-01 -9.938275218009948730e-01 -2.546778917312622070e-01 -9.506476521492004395e-01 2.956623733043670654e-01 -5.918717384338378906e-01 9.935368299484252930e-01 -9.756162762641906738e-01 -5.690991878509521484e-01 5.848240256309509277e-01 1.709762364625930786e-01 -2.422949522733688354e-01 -5.999032855033874512e-01 -1.419417858123779297e-01 4.207025468349456787e-01 4.136748611927032471e-01 -6.701714396476745605e-01 -5.594927072525024414e-01 9.582056403160095215e-01 9.796044230461120605e-01 4.634138941764831543e-02 -6.717005968093872070e-01 1.550711542367935181e-01 9.632366299629211426e-01 5.809528231620788574e-01 -4.164789021015167236e-01 4.779947996139526367e-01 -4.162147268652915955e-02 -9.623799324035644531e-01 -4.613492786884307861e-01 -3.899588584899902344e-01 -2.790343761444091797e-01 7.680748105049133301e-01 -1.395007818937301636e-01 1.120627578347921371e-02 -2.803857326507568359e-01 3.569554984569549561e-01 -9.608509540557861328e-01 -1.057375296950340271e-01 -1.016333978623151779e-02 -9.512093067169189453e-01 -3.962677717208862305e-02 9.503751397132873535e-01 -2.918077707290649414e-01 9.948416948318481445e-01 -7.289475947618484497e-02 9.267424345016479492e-01 5.421327054500579834e-02 -4.425246119499206543e-01 1.215100437402725220e-01 -2.048372179269790649e-01 -1.141500994563102722e-01 -9.969029426574707031e-01 -9.766278266906738281e-01 -1.394597142934799194e-01 9.143931418657302856e-02 9.832706451416015625e-01 -1.491903364658355713e-01 3.982408940792083740e-01 -9.989781975746154785e-01 -3.796310424804687500e-01 5.480623841285705566e-01 -1.319662779569625854e-01 -8.492524623870849609e-01 9.971925616264343262e-01 5.385581851005554199e-01 -1.872529238462448120e-01 -9.844634532928466797e-01 -9.724646806716918945e-01 -2.818675041198730469e-01 -2.560139000415802002e-01 6.475290656089782715e-01 5.281544104218482971e-02 -3.204864859580993652e-01 -6.888396739959716797e-01 -2.745570242404937744e-02 9.912447333335876465e-01 -1.783883422613143921e-01 9.579900503158569336e-01 -9.645894169807434082e-01 1.019673123955726624e-01 2.190350182354450226e-02 -3.809802979230880737e-02 3.696952164173126221e-01 -9.247177243232727051e-01 -2.609187364578247070e-02 7.224978208541870117e-01 -9.984839558601379395e-01 -9.701240658760070801e-01 -2.711318619549274445e-02 9.480721950531005859e-01 -2.922114729881286621e-01 -8.443681001663208008e-01 -1.501741707324981689e-01 -6.881160140037536621e-01 5.912399291992187500e-01 -5.327112078666687012e-01 1.304102838039398193e-01 -4.204239547252655029e-01 -8.261101692914962769e-02 9.167700409889221191e-01 4.184913039207458496e-01 -1.173842325806617737e-01 -4.889005422592163086e-01 4.820057004690170288e-02 1.834947168827056885e-01 4.122727215290069580e-01 -9.642244577407836914e-01 -2.107392847537994385e-01 -1.136033535003662109e-01 2.159033529460430145e-02 5.211021900177001953e-01 -1.645502597093582153e-01 9.939500689506530762e-01 -2.771184146404266357e-01 1.733625084161758423e-01 -9.484485983848571777e-01 9.937163591384887695e-01 -5.178175866603851318e-02 -1.217681020498275757e-01 -6.261200308799743652e-01 -7.986010611057281494e-02 -5.107508301734924316e-01 -3.273544311523437500e-01 7.230581045150756836e-01 9.691836237907409668e-01 -3.101035356521606445e-01 4.417205154895782471e-01 5.932927727699279785e-01 -4.299531579017639160e-01 9.895877838134765625e-01 -9.741640090942382812e-01 7.837081551551818848e-01 6.504653720185160637e-04 9.999427795410156250e-01 3.365147709846496582e-01 -5.981504321098327637e-01 5.772591233253479004e-01 -3.111813366413116455e-01 2.330216914415359497e-01 1.244252026081085205e-01 8.415812253952026367e-01 3.548054397106170654e-01 -1.764920353889465332e-01 -1.496230214834213257e-01 -5.186232328414916992e-01 7.791517972946166992e-01 -3.550089895725250244e-01 1.681674867868423462e-01 8.537768572568893433e-02 -8.839201927185058594e-01 9.807192087173461914e-01 -2.470187395811080933e-01 1.323582530021667480e-01 -3.774915039539337158e-01 1.362366080284118652e-01 -1.790823191404342651e-01 -7.449368834495544434e-01 9.996463656425476074e-01 1.232826188206672668e-01 -3.247080147266387939e-01 -3.263181447982788086e-01 9.591331481933593750e-01 -3.469313979148864746e-01 2.944075874984264374e-02 -5.982419848442077637e-01 -6.610121130943298340e-01 -9.613792896270751953e-01 2.748561203479766846e-01 2.999853193759918213e-01 -4.054205119609832764e-01 -2.555591464042663574e-01 9.945594668388366699e-01 9.694355130195617676e-01 9.847612977027893066e-01 -1.906660646200180054e-01 9.910383224487304688e-01 -8.818733096122741699e-01 9.263833165168762207e-01 -9.597489237785339355e-01 -6.178731918334960938e-01 -9.613588452339172363e-01 4.578786194324493408e-01 9.546304345130920410e-01 8.245327472686767578e-01 -9.412863850593566895e-01 -9.961486458778381348e-01 -9.140236303210258484e-03 6.512536406517028809e-01 6.158097833395004272e-02 -9.364569783210754395e-01 -9.622215032577514648e-01 5.455051064491271973e-01 -2.164472788572311401e-01 1.375056505203247070e-01 -3.019911348819732666e-01 -2.411511987447738647e-01 1.163770109415054321e-01 -1.192216798663139343e-01 4.623893797397613525e-01 -2.268816530704498291e-01 9.572272896766662598e-01 6.454991698265075684e-01 -1.625424176454544067e-01 -4.315402209758758545e-01 -2.214923202991485596e-01 1.246313601732254028e-01 3.073037266731262207e-01 9.139706492424011230e-01 -9.323161840438842773e-01 7.401719093322753906e-01 5.811622142791748047e-01 9.638779759407043457e-01 -1.856062375009059906e-02 -8.138667345046997070e-01 -3.163357973098754883e-01 -9.600166678428649902e-01 2.046626955270767212e-01 -3.854501843452453613e-01 9.359347224235534668e-01 -8.967223763465881348e-01 2.168333232402801514e-01 -9.488738179206848145e-01 9.908774495124816895e-01 2.563124299049377441e-01 9.884944558143615723e-02 -5.220715403556823730e-01 5.081402659416198730e-01 9.089811444282531738e-01 5.837196111679077148e-01 7.557625770568847656e-01 -3.606224656105041504e-01 2.811820507049560547e-01 1.351026147603988647e-01 3.723039627075195312e-01 9.999704360961914062e-01 2.526808977127075195e-01 9.153392314910888672e-01 9.635704755783081055e-01 3.433152139186859131e-01 9.269011616706848145e-01 3.399754166603088379e-01 6.145411133766174316e-01 -1.603095084428787231e-01 1.033277809619903564e-01 -5.841087922453880310e-02 -2.125447243452072144e-01 1.296689510345458984e-01 9.761453866958618164e-01 -4.482299387454986572e-01 -3.163760304450988770e-01 -9.960100054740905762e-01 -1.548766642808914185e-01 9.751713871955871582e-01 -8.849001675844192505e-02 -9.661492109298706055e-01 -4.002280235290527344e-01 -9.847390651702880859e-01 -1.337303370237350464e-01 9.903221726417541504e-01 9.337645769119262695e-01 -9.412107467651367188e-01 3.119700551033020020e-01 -1.486953794956207275e-01 9.997464418411254883e-01 -3.949138224124908447e-01 -2.692869305610656738e-01 9.948377609252929688e-01 -5.980852246284484863e-01 -9.100184440612792969e-01 5.209571123123168945e-01 9.101538360118865967e-02 6.628114581108093262e-01 5.953527092933654785e-01 -8.346282243728637695e-01 -8.745647072792053223e-01 9.839370250701904297e-01 9.558366537094116211e-01 4.137362539768218994e-01 -1.171507313847541809e-01 1.206689253449440002e-01 2.670112848281860352e-01 -9.901618957519531250e-01 -9.932891726493835449e-01 -8.182051181793212891e-01 2.823328673839569092e-01 6.377567052841186523e-01 9.306336045265197754e-01 9.353809952735900879e-01 -9.959851503372192383e-01 3.304094374179840088e-01 9.533666372299194336e-01 8.153744786977767944e-02 9.969881772994995117e-01 9.624565243721008301e-01 -9.948977231979370117e-01 -4.865868091583251953e-01 8.579180836677551270e-01 -2.084563523530960083e-01 5.024254322052001953e-01 1.635628193616867065e-01 9.856212139129638672e-01 4.413951933383941650e-01 1.127129197120666504e-01 -3.347164019942283630e-02 3.646025657653808594e-01 3.980072438716888428e-01 9.490910768508911133e-01 9.522286057472229004e-01 -2.927970290184020996e-01 4.647572338581085205e-01 1.688894629478454590e-02 8.915279805660247803e-02 9.984863400459289551e-01 1.537369340658187866e-01 8.550060391426086426e-01 -2.275771349668502808e-01 -6.255464553833007812e-01 -5.111870169639587402e-01 -5.948752760887145996e-01 -9.841244816780090332e-01 -1.637727767229080200e-01 -9.590380787849426270e-01 -5.310611128807067871e-01 9.997534155845642090e-01 3.758382499217987061e-01 -3.610932826995849609e-01 -4.393907487392425537e-01 3.529118597507476807e-01 4.584124088287353516e-01 2.506198883056640625e-01 7.974798679351806641e-01 -9.801626801490783691e-01 5.069891214370727539e-01 9.846457839012145996e-01 -2.575110197067260742e-01 -1.067993789911270142e-01 7.853465676307678223e-01 -3.480764925479888916e-01 -8.423151373863220215e-01 6.860113143920898438e-01 9.999005198478698730e-01 1.632473617792129517e-02 9.622134566307067871e-01 2.267842739820480347e-01 2.460792064666748047e-01 7.353996634483337402e-01 1.881893426179885864e-01 9.636872410774230957e-01 -7.410383224487304688e-02 2.399927377700805664e-01 -1.934501528739929199e-01 -3.041359782218933105e-01 1.334461569786071777e-01 -9.897148609161376953e-01 -9.525422453880310059e-01 -4.575643241405487061e-01 -8.353056758642196655e-02 -5.514418333768844604e-02 -5.168509483337402344e-01 -9.657835364341735840e-01 5.864915251731872559e-01 2.621389925479888916e-01 4.521554112434387207e-01 6.444483529776334763e-03 9.693011045455932617e-01 -4.191851615905761719e-01 3.747479021549224854e-01 -8.098816275596618652e-01 -9.962573647499084473e-01 -3.585929423570632935e-02 5.457527041435241699e-01 -8.861847966909408569e-02 -2.974632978439331055e-01 9.103323221206665039e-01 -2.984090708196163177e-02 -9.511964917182922363e-01 9.934501349925994873e-02 9.810545444488525391e-01 9.401052594184875488e-01 3.799939751625061035e-01 -2.747929655015468597e-02 9.734730124473571777e-01 -2.410199344158172607e-01 -9.120709449052810669e-02 9.942783117294311523e-01 -9.864434599876403809e-01 -1.073242425918579102e-01 -2.154661417007446289e-01 1.905615814030170441e-02 -3.600728809833526611e-01 -6.484140753746032715e-01 9.903402328491210938e-01 1.716618090867996216e-01 3.135356009006500244e-01 -4.513723850250244141e-01 8.637437820434570312e-01 -3.388800024986267090e-01 -6.976675987243652344e-02 -9.856294393539428711e-01 -9.288461208343505859e-01 -9.966459870338439941e-02 -9.242390096187591553e-02 -9.805733561515808105e-01 -8.465158343315124512e-01 -8.175834082067012787e-03 -9.878692030906677246e-01 -3.946734219789505005e-02 -1.119631454348564148e-01 4.802839159965515137e-01 2.962132394313812256e-01 -7.307263016700744629e-01 -4.103843867778778076e-01 -9.977134466171264648e-01 -5.408992990851402283e-02 6.883252263069152832e-01 1.917864233255386353e-01 9.894451498985290527e-01 4.768800139427185059e-01 -9.555461406707763672e-01 -1.338705122470855713e-01 5.303335189819335938e-01 -1.503235101699829102e-01 1.279865652322769165e-01 2.725168764591217041e-01 -9.997389316558837891e-01 -2.737655639648437500e-01 -9.974304437637329102e-01 -7.032898068428039551e-01 2.099513560533523560e-01 -8.046622276306152344e-01 -2.483265101909637451e-01 -3.443687558174133301e-01 -2.550224363803863525e-01 3.099272586405277252e-02 -9.696988463401794434e-01 -9.734411239624023438e-01 4.079384505748748779e-01 -9.977312088012695312e-01 -9.546166658401489258e-01 -9.496229290962219238e-01 2.806571125984191895e-01 -5.715686082839965820e-01 -2.451174259185791016e-01 3.672915101051330566e-01 2.458155453205108643e-01 1.089781373739242554e-01 8.830294013023376465e-01 5.633174180984497070e-01 9.945212602615356445e-01 7.813777774572372437e-02 -6.139924377202987671e-02 -2.189496308565139771e-01 9.973798990249633789e-01 4.725998938083648682e-01 1.606939733028411865e-01 -9.657061696052551270e-01 3.112668991088867188e-01 9.538942575454711914e-01 9.786689877510070801e-01 9.842104911804199219e-01 9.914165735244750977e-01 -7.403780221939086914e-01 -2.135176658630371094e-01 4.014119803905487061e-01 9.511696100234985352e-01 6.527198553085327148e-01 9.387657046318054199e-02 5.597709417343139648e-01 -9.830852150917053223e-01 -8.118085861206054688e-01 1.583823412656784058e-01 -9.922358989715576172e-01 9.932631850242614746e-01 1.048191636800765991e-01 1.132846921682357788e-01 3.325065374374389648e-01 1.134899109601974487e-01 4.044052660465240479e-01 -8.900107145309448242e-01 -9.047175645828247070e-01 -6.894353032112121582e-01 -8.135458827018737793e-01 -2.079408317804336548e-01 -2.352309077978134155e-01 -9.999467730522155762e-01 -7.634433358907699585e-02 -4.835273325443267822e-01 1.979129612445831299e-01 -7.715947926044464111e-02 -2.203035801649093628e-01 1.989956647157669067e-01 8.811734318733215332e-01 9.812310338020324707e-01 -4.765839278697967529e-01 1.060529984533786774e-02 -2.234897315502166748e-01 -1.025467813014984131e-01 1.560995727777481079e-01 -9.697129130363464355e-01 2.956999540328979492e-01 2.915226295590400696e-02 1.410382837057113647e-01 -1.182787492871284485e-01 -4.162303805351257324e-01 -6.945530176162719727e-01
-9.004115462303161621e-01 9.218209385871887207e-01 -1.478127837181091309e-01 -8.080831170082092285e-02 -3.723290860652923584e-01 -3.906793296337127686e-01 9.993785619735717773e-01 -9.909148812294006348e-01 -2.811382412910461426e-01 -9.898844361305236816e-01 5.217837095260620117e-01 -7.943098545074462891e-01 -5.267769098281860352e-01 -8.105723857879638672e-01 -3.332226574420928955e-01 -1.883722692728042603e-01 -5.361045897006988525e-02 -7.999464869499206543e-02 -6.385048627853393555e-01 -1.617565751075744629e-01 4.626250267028808594e-01 -4.420350492000579834e-02 8.957273960113525391e-01 2.237134724855422974e-01 9.351961612701416016e-01 9.449046254158020020e-01 2.554171681404113770e-01 -7.176299095153808594e-01 3.134451806545257568e-02 6.081009507179260254e-01 9.952713847160339355e-01 -2.016842514276504517e-01 2.509242594242095947e-01 -3.378109633922576904e-01 -3.023102283477783203e-01 3.094922006130218506e-01 -3.426038622856140137e-01 1.961667388677597046e-01 8.208715319633483887e-01 -1.457663625478744507e-01 -1.818076670169830322e-01 5.902968719601631165e-02 3.092018365859985352e-01 -9.932538270950317383e-01 1.782900691032409668e-01 3.120313286781311035e-01 -9.685665965080261230e-01 -2.891956567764282227e-01 7.679728269577026367e-01 1.427632421255111694e-01 9.668027162551879883e-01 8.381992578506469727e-03 9.967253208160400391e-01 -1.985391080379486084e-01 -7.313075661659240723e-01 2.293080836534500122e-01 2.230976819992065430e-01 7.124708499759435654e-03 -9.990287423133850098e-01 -5.308024287223815918e-01 -1.731281131505966187e-01 1.015516966581344604e-01 8.962278962135314941e-01 1.696447283029556274e-01 3.679767251014709473e-01 -9.996005296707153320e-01 8.786720633506774902e-01 3.234806358814239502e-01 4.220075532793998718e-02 1.047615855932235718e-01 9.337185025215148926e-01 7.967678904533386230e-01 -4.550067782402038574e-01 -9.759694337844848633e-01 -9.694041013717651367e-01 -6.895883008837699890e-03 -7.138263434171676636e-02 8.667355030775070190e-02 1.447835266590118408e-01 1.016528308391571045e-01 -9.459788799285888672e-01 7.580448687076568604e-02 9.844480156898498535e-01 -4.431650936603546143e-01 8.004830479621887207e-01 -9.740724563598632812e-01 5.339560508728027344e-01 9.173369407653808594e-02 -6.398761272430419922e-02 -1.955115646123886108e-01 -8.989263176918029785e-01 -5.214606970548629761e-02 4.991273880004882812e-01 -9.526946544647216797e-01 -9.979642629623413086e-01 6.381589770317077637e-01 9.810671806335449219e-01 -2.136732190847396851e-01 -9.974485635757446289e-01 -3.943576514720916748e-01 -3.049372136592864990e-01 -9.817014932632446289e-01 -9.396095275878906250e-01 -6.027124449610710144e-02 7.099094986915588379e-02 -1.616063117980957031e-01 9.950549602508544922e-01 3.146838545799255371e-01 -4.335085749626159668e-01 -5.640558600425720215e-01 -4.368686676025390625e-01 -3.314010798931121826e-02 2.078879475593566895e-01 -9.375694990158081055e-01 -3.500059247016906738e-04 -3.726400062441825867e-02 -8.705992698669433594e-01 9.496083855628967285e-01 6.089842692017555237e-02 9.962955713272094727e-01 -5.775880217552185059e-01 2.821401953697204590e-01 -9.601602554321289062e-01 9.960617423057556152e-01 2.285000309348106384e-02 5.451602488756179810e-02 -9.910957217216491699e-01 -4.014349579811096191e-01 -4.533819258213043213e-01 -2.333117276430130005e-01 8.455041050910949707e-01 9.982305169105529785e-01 9.333394765853881836e-01 -6.176508963108062744e-02 2.989003956317901611e-01 -9.791984558105468750e-01 9.984650611877441406e-01 -9.914191365242004395e-01 -2.690307050943374634e-02 8.924812078475952148e-02 9.994577765464782715e-01 3.110474646091461182e-01 -3.043226897716522217e-01 7.478108406066894531e-01 -4.119374454021453857e-01 5.965546965599060059e-01 -9.822521209716796875e-01 9.649259448051452637e-01 -3.226857781410217285e-01 -3.890760540962219238e-01 -1.525965780019760132e-01 -1.442489176988601685e-01 9.773386120796203613e-01 -3.351579010486602783e-01 8.357213437557220459e-02 -1.110638156533241272e-01 -6.636365652084350586e-01 -6.688755005598068237e-02 7.531611621379852295e-02 -1.317147165536880493e-01 -2.422918975353240967e-01 -7.537181675434112549e-02 -4.407445788383483887e-01 -6.658164262771606445e-01 9.999620318412780762e-01 -1.139554604887962341e-01 -1.058075651526451111e-01 -2.786625623703002930e-01 9.911901354789733887e-01 3.657774925231933594e-01 4.688494503498077393e-01 -9.831181168556213379e-01 -8.077476024627685547e-01 -6.477788090705871582e-01 7.204976081848144531e-01 3.754643499851226807e-01 -5.259540081024169922e-01 -9.552660584449768066e-02 9.990349411964416504e-01 9.932236075401306152e-01 9.934368133544921875e-01 -2.544740438461303711e-01 9.998541474342346191e-01 -7.431068420410156250e-01 6.757753491401672363e-01 -9.233768582344055176e-01 -6.863603591918945312e-01 -9.410876035690307617e-01 5.904599428176879883e-01 6.870046854019165039e-01 7.827042937278747559e-01 -9.909862875938415527e-01 -9.071806073188781738e-01 7.206211984157562256e-02 9.756260514259338379e-01 -3.230082392692565918e-01 -9.744107723236083984e-01 -9.190418720245361328e-01 -9.810686111450195312e-01 -2.028666436672210693e-01 -7.391610741615295410e-02 -4.569142162799835205e-01 -6.844164729118347168e-01 9.410028904676437378e-02 -9.702561050653457642e-02 7.605142593383789062e-01 -2.308127842843532562e-02 9.967774748802185059e-01 9.747812151908874512e-01 6.703371554613113403e-02 -6.976935863494873047e-01 9.669033885002136230e-01 2.130923420190811157e-01 3.280915021896362305e-01 9.612711071968078613e-01 -9.414806962013244629e-01 3.981018662452697754e-01 -2.721530497074127197e-01 6.503598690032958984e-01 -1.996361911296844482e-01 -5.318612456321716309e-01 -5.536889657378196716e-02 -9.055451750755310059e-01 3.950138390064239502e-01 4.472569227218627930e-01 9.166101217269897461e-01 -9.569712877273559570e-01 1.102972216904163361e-02 -4.663171470165252686e-01 9.822762012481689453e-01 4.601985812187194824e-01 1.598927676677703857e-01 -1.713912934064865112e-01 2.978239059448242188e-01 9.409348368644714355e-01 4.992646872997283936e-01 -7.435029149055480957e-01 -4.715290367603302002e-01 -1.322387009859085083e-01 3.030898571014404297e-01 9.563319087028503418e-01 9.999623298645019531e-01 3.419418036937713623e-01 6.977438926696777344e-01 8.619660735130310059e-01 -9.156058728694915771e-02 7.745047211647033691e-01 -5.764752626419067383e-02 3.010663390159606934e-01 2.228086255490779877e-02 1.855335384607315063e-01 -1.976389437913894653e-01 -3.068203330039978027e-01 2.150431573390960693e-01 9.920933842658996582e-01 -4.651814997196197510e-01 -1.809807568788528442e-01 -9.971808195114135742e-01 -5.826323628425598145e-01 6.844864487648010254e-01 -2.990053594112396240e-01 -9.593586921691894531e-01 -1.066034808754920959e-01 -9.249679446220397949e-01 1.339125186204910278e-01 9.900546073913574219e-01 9.666877985000610352e-01 -9.908435344696044922e-01 5.786957740783691406e-01 -2.332599908113479614e-01 9.994839429855346680e-01 -3.259494006633758545e-01 -9.902996420860290527e-01 9.961470961570739746e-01 -5.513032674789428711e-01 -9.949972629547119141e-01 9.449257254600524902e-01 1.716970056295394897e-01 2.288085073232650757e-01 1.157191544771194458e-01 -9.878269433975219727e-01 -7.838883399963378906e-01 8.323400616645812988e-01 9.936813712120056152e-01 9.969311356544494629e-01 -2.734805941581726074e-01 3.583298027515411377e-01 4.631120562553405762e-01 -9.966354370117187500e-01 -9.996564984321594238e-01 -9.824452400207519531e-01 2.233131676912307739e-01 1.532742474228143692e-02 9.962166547775268555e-01 9.751821756362915039e-01 -9.987785220146179199e-01 1.128488853573799133e-01 7.918344736099243164e-01 1.139290407299995422e-01 9.926080107688903809e-01 9.969674944877624512e-01 -9.995092749595642090e-01 3.091211020946502686e-01 9.943173527717590332e-01 -2.038599550724029541e-01 6.803636252880096436e-02 3.144294023513793945e-01 9.817776083946228027e-01 -4.602404832839965820e-01 1.809236556291580200e-01 -1.890049576759338379e-01 -4.698399305343627930e-01 3.402552902698516846e-01 9.903041720390319824e-01 9.624882936477661133e-01 -5.291411280632019043e-01 2.403927594423294067e-01 -1.388174593448638916e-01 3.518146574497222900e-01 9.939238429069519043e-01 -9.834107756614685059e-02 4.568806588649749756e-01 -7.197730988264083862e-02 -4.325592815876007080e-01 -3.889268934726715088e-01 -4.498567879199981689e-01 -7.290113568305969238e-01 5.891891121864318848e-01 -7.811487913131713867e-01 -3.702201694250106812e-02 9.999476075172424316e-01 -2.102245688438415527e-01 -7.030286639928817749e-02 -5.662705302238464355e-01 9.289929270744323730e-02 3.748457729816436768e-01 4.925893843173980713e-01 -1.012244224548339844e-01 -8.157838582992553711e-01 4.627790749073028564e-01 8.354679942131042480e-01 -4.276653528213500977e-01 9.989825636148452759e-02 9.740839600563049316e-01 -8.735353946685791016e-01 -6.513894200325012207e-01 6.130322813987731934e-01 9.999287724494934082e-01 3.084858655929565430e-01 9.746491312980651855e-01 6.312079429626464844e-01 1.822262406349182129e-01 8.272814750671386719e-01 -5.846732482314109802e-02 6.596000790596008301e-01 3.093032166361808777e-02 -7.889484167098999023e-01 -1.689669936895370483e-01 -3.929057121276855469e-01 2.875092923641204834e-01 -9.977352619171142578e-01 -5.411295294761657715e-01 -1.556286662817001343e-01 -7.998573780059814453e-02 1.926730573177337646e-01 -8.496792912483215332e-01 -6.410464644432067871e-01 7.408695220947265625e-01 -1.418553292751312256e-01 2.506098151206970215e-01 2.236378639936447144e-01 9.131902456283569336e-01 -4.742508530616760254e-01 3.977547883987426758e-01 7.559407949447631836e-01 -9.983902573585510254e-01 1.571491807699203491e-01 1.201837807893753052e-01 -7.935295999050140381e-02 1.083803325891494751e-01 1.655935496091842651e-01 4.121892452239990234e-01 -7.311733365058898926e-01 1.398418843746185303e-01 9.910931587219238281e-01 4.951711893081665039e-01 2.693334519863128662e-01 1.551139503717422485e-01 7.315925359725952148e-01 -1.188188716769218445e-01 -3.242536187171936035e-01 9.475708603858947754e-01 -9.995388984680175781e-01 -1.938813179731369019e-01 6.401411443948745728e-02 -2.457250803709030151e-01 2.592700421810150146e-01 -6.381456255912780762e-01 9.744652509689331055e-01 -1.372178457677364349e-02 -2.242600470781326294e-01 -4.188850522041320801e-01 4.857100844383239746e-01 -5.308678746223449707e-01 9.932012557983398438e-01 -9.712132811546325684e-01 -4.855640232563018799e-01 -5.418600887060165405e-02 2.412763833999633789e-01 -9.363418221473693848e-01 -1.060004755854606628e-01 -2.092594653367996216e-01 -9.991158246994018555e-01 -4.013329744338989258e-01 -8.491362929344177246e-01 1.742824018001556396e-01 3.803197741508483887e-01 -7.519978880882263184e-01 -5.569041371345520020e-01 -5.380063056945800781e-01 3.739066794514656067e-02 4.833887517452239990e-01 -1.516309380531311035e-01 9.756812453269958496e-01 2.693299762904644012e-02 -9.899953007698059082e-01 -2.881038784980773926e-01 3.903293907642364502e-01 1.799274235963821411e-01 -1.303513944149017334e-01 -8.646885305643081665e-02 -9.996150732040405273e-01 6.971548199653625488e-01 -9.985000491142272949e-01 -9.987746477127075195e-01 -1.224425993859767914e-02 -8.218615055084228516e-01 -1.002919822931289673e-01 -1.227839812636375427e-01 -1.614541560411453247e-01 6.101364642381668091e-02 -7.922880649566650391e-01 -4.354502856731414795e-01 2.131545394659042358e-01 -9.702721238136291504e-01 -9.533741474151611328e-01 -9.988252520561218262e-01 -2.232919633388519287e-01 -6.057519316673278809e-01 -2.490249425172805786e-01 4.089788198471069336e-01 1.424762904644012451e-01 2.834128439426422119e-01 9.983590841293334961e-01 4.660418331623077393e-01 9.834426641464233398e-01 2.034382224082946777e-01 7.202462106943130493e-02 -4.198811948299407959e-01 9.986173510551452637e-01 -8.874160647392272949e-01 6.078400611877441406e-01 -9.988688826560974121e-01 4.023891985416412354e-01 7.926408052444458008e-01 9.615875482559204102e-01 9.271363615989685059e-01 9.952519536018371582e-01 -9.968968033790588379e-01 -4.828645586967468262e-01 4.180334210395812988e-01 3.122046291828155518e-01 5.580474138259887695e-01 8.563493192195892334e-02 3.169831037521362305e-01 -9.943033456802368164e-01 -9.108296632766723633e-01 -2.595205008983612061e-01 -9.975982904434204102e-01 9.677454829216003418e-01 1.372922658920288086e-01 -2.296927124261856079e-01 3.315753042697906494e-01 7.631886750459671021e-02 8.815014362335205078e-02 -9.302439689636230469e-01 -8.532306551933288574e-01 -4.479837417602539062e-01 -6.807215213775634766e-01 -6.693226099014282227e-02 -2.397010922431945801e-01 -9.999582171440124512e-01 -4.943278431892395020e-01 -1.700192689895629883e-01 3.196150362491607666e-01 -3.345037698745727539e-01 -3.314578533172607422e-01 4.096913039684295654e-01 9.130061268806457520e-01 9.998406171798706055e-01 -9.393852949142456055e-01 1.282188575714826584e-02 -5.483423471450805664e-01 -1.225669234991073608e-01 -1.191283166408538818e-01 -9.883119463920593262e-01 8.710120916366577148e-01 -4.036687314510345459e-01 4.713847637176513672e-01 1.016592681407928467e-01 -3.447864651679992676e-01 -6.573125720024108887e-01
1.389591246843338013e-01 1.947272866964340210e-01 4.489688277244567871e-01 1.385912001132965088e-01 -1.951831877231597900e-01 4.862879514694213867e-01 9.992690086364746094e-01 -9.997083544731140137e-01 -1.546462774276733398e-01 -9.876635074615478516e-01 3.126528263092041016e-01 -9.558836221694946289e-01 8.785970211029052734e-01 -9.928802847862243652e-01 -9.537052512168884277e-01 3.737385272979736328e-01 1.039359346032142639e-01 -9.341098368167877197e-02 -5.053220987319946289e-01 -3.456678986549377441e-01 3.799784779548645020e-01 2.033001929521560669e-01 -7.108739018440246582e-01 1.807242482900619507e-01 9.930902719497680664e-01 7.974716424942016602e-01 8.152670226991176605e-03 -4.084702432155609131e-01 1.800713390111923218e-01 4.268309772014617920e-01 9.433620572090148926e-01 8.799291099421679974e-04 6.529099345207214355e-01 1.270124912261962891e-01 -9.809632897377014160e-01 1.646395772695541382e-01 -4.670378565788269043e-01 -2.071554772555828094e-02 9.401272535324096680e-01 -2.040295600891113281e-01 -7.512295991182327271e-02 -3.338383138179779053e-01 -1.410896517336368561e-02 -9.896782040596008301e-01 1.571428179740905762e-01 9.192672967910766602e-01 -9.909363389015197754e-01 1.482007950544357300e-01 7.712684869766235352e-01 -8.300326019525527954e-02 9.804272651672363281e-01 4.211087524890899658e-01 9.902510046958923340e-01 1.460070759057998657e-01 -7.049614787101745605e-01 4.805646240711212158e-01 -2.657996416091918945e-01 -2.512758076190948486e-01 -9.805129170417785645e-01 -8.480872511863708496e-01 -1.896333098411560059e-01 -2.476408034563064575e-01 9.835821986198425293e-01 2.224724590778350830e-01 1.045125722885131836e-01 -9.891125559806823730e-01 9.451043009757995605e-01 3.855927288532257080e-01 8.166918531060218811e-03 6.288568973541259766e-01 9.590018391609191895e-01 9.991295933723449707e-01 -9.318234920501708984e-01 -8.402581810951232910e-01 -9.398010373115539551e-01 -4.581309556961059570e-01 -3.282750546932220459e-01 7.957978844642639160e-01 7.732704281806945801e-02 3.884935751557350159e-02 -9.918258190155029297e-01 2.561892271041870117e-01 9.736546874046325684e-01 1.369842141866683960e-01 4.759166240692138672e-01 -4.606084823608398438e-01 7.222241908311843872e-02 3.324110209941864014e-01 -4.662226140499114990e-01 9.474913589656352997e-03 -7.505156993865966797e-01 9.809493273496627808e-02 4.518470466136932373e-01 -9.974299073219299316e-01 -9.768443703651428223e-01 -8.768998980522155762e-01 7.489930987358093262e-01 -2.662149667739868164e-01 -9.922031760215759277e-01 -3.897704780101776123e-01 -7.424920797348022461e-01 -9.811769723892211914e-01 -6.499663591384887695e-01 -1.331610232591629028e-01 -2.149259150028228760e-01 1.653886400163173676e-02 7.584398984909057617e-01 2.799225598573684692e-02 -2.582691907882690430e-01 -3.161047399044036865e-01 -3.166745230555534363e-02 -1.949662119150161743e-01 1.999399065971374512e-01 -8.252581954002380371e-01 -3.956409990787506104e-01 6.509695202112197876e-02 -9.219469428062438965e-01 1.781494468450546265e-01 2.723333537578582764e-01 9.865000247955322266e-01 -7.175624370574951172e-01 -6.731981039047241211e-02 -9.281610846519470215e-01 9.971545338630676270e-01 -3.569842875003814697e-01 2.838039100170135498e-01 -5.792200565338134766e-01 -1.616928875446319580e-01 -6.383048295974731445e-01 2.861415445804595947e-01 9.836091399192810059e-01 9.600551128387451172e-01 -6.811790466308593750e-01 -1.848384588956832886e-01 4.424065351486206055e-01 -8.545842170715332031e-01 9.903300404548645020e-01 -9.784865379333496094e-01 2.267520278692245483e-01 -1.700280904769897461e-01 9.996505975723266602e-01 3.223405778408050537e-01 -1.994728893041610718e-01 7.039313912391662598e-01 -2.491687387228012085e-01 6.205855011940002441e-01 -7.217802405357360840e-01 9.879401326179504395e-01 -7.219781279563903809e-01 -4.488773047924041748e-01 -4.251135885715484619e-02 -2.011584639549255371e-01 -4.943728744983673096e-01 -4.981857910752296448e-02 3.124332427978515625e-01 -4.442267119884490967e-02 -3.417971730232238770e-01 8.672392964363098145e-01 5.946041271090507507e-02 -4.416761547327041626e-02 -2.203411161899566650e-01 5.367637872695922852e-01 -4.832770228385925293e-01 -5.378585457801818848e-01 9.999817609786987305e-01 -1.952210515737533569e-01 -2.673581540584564209e-01 -4.005011618137359619e-01 9.921241402626037598e-01 7.395551204681396484e-01 -1.397972106933593750e-01 -2.361140102148056030e-01 -7.060155272483825684e-01 -4.229314029216766357e-01 -5.359864234924316406e-02 3.231188654899597168e-01 8.054986000061035156e-01 1.023994684219360352e-01 9.932340383529663086e-01 6.735147237777709961e-01 9.816600084304809570e-01 1.912993611767888069e-03 9.921768307685852051e-01 -7.019077986478805542e-02 9.970154762268066406e-01 -9.967829585075378418e-01 -5.009216815233230591e-02 -2.970202267169952393e-01 3.031284809112548828e-01 1.494584381580352783e-01 7.949416041374206543e-01 -9.053363204002380371e-01 -9.513637423515319824e-01 -3.275963710620999336e-03 5.999175310134887695e-01 -9.859319031238555908e-02 -9.801406860351562500e-01 -7.451053857803344727e-01 -8.315307497978210449e-01 -4.472754299640655518e-01 -3.994134068489074707e-01 -4.011361896991729736e-01 -8.545287847518920898e-01 1.181401535868644714e-01 1.787351965904235840e-01 6.744444370269775391e-01 -1.962717175483703613e-01 9.448617100715637207e-01 8.500179052352905273e-01 4.094240441918373108e-02 -9.644756317138671875e-01 -4.336550533771514893e-01 -2.447250634431838989e-01 3.029802739620208740e-01 8.736441135406494141e-01 -9.873476028442382812e-01 7.374268174171447754e-01 9.919177889823913574e-01 4.121241271495819092e-01 -2.483558058738708496e-01 -1.899649389088153839e-02 -4.762202501296997070e-02 -9.898881316184997559e-01 1.088527143001556396e-01 -1.826327443122863770e-01 -4.289342761039733887e-01 -9.072046279907226562e-01 1.326624900102615356e-01 -7.202365994453430176e-01 9.858518242835998535e-01 -1.056625843048095703e-01 2.777587771415710449e-01 -2.798850238323211670e-01 3.055881261825561523e-01 6.725471019744873047e-01 3.224479854106903076e-01 -9.669998884201049805e-01 -4.111488163471221924e-01 5.787583813071250916e-02 1.469901502132415771e-01 9.238362312316894531e-01 9.999566078186035156e-01 6.012009978294372559e-01 9.804488420486450195e-01 5.595215559005737305e-01 1.216235160827636719e-01 7.451419830322265625e-01 1.631391644477844238e-01 -2.033248730003833771e-02 -2.847716808319091797e-01 2.424250543117523193e-01 -1.840842664241790771e-01 -3.553995490074157715e-01 -5.090228468179702759e-02 9.990805387496948242e-01 -9.908644855022430420e-02 -4.271816909313201904e-01 -9.833809137344360352e-01 -5.286196470260620117e-01 6.579675078392028809e-01 -1.599893569946289062e-01 -9.513320922851562500e-01 -4.866188466548919678e-01 -8.747146129608154297e-01 -9.773093461990356445e-02 8.457915782928466797e-01 9.639984965324401855e-01 -7.901742458343505859e-01 1.412692386656999588e-02 -2.085506357252597809e-02 9.990357160568237305e-01 -1.060091257095336914e-01 -8.191035389900207520e-01 9.998025894165039062e-01 -6.494821310043334961e-01 -9.509953260421752930e-01 9.684305191040039062e-01 -1.708481609821319580e-01 9.928569197654724121e-01 -1.701717823743820190e-01 -9.946668148040771484e-01 -9.880579113960266113e-01 7.039605975151062012e-01 9.940506815910339355e-01 9.854567050933837891e-01 1.084326878190040588e-01 6.305825710296630859e-02 3.430691659450531006e-01 -9.968568682670593262e-01 -9.979721307754516602e-01 -9.676100015640258789e-01 5.026346445083618164e-02 2.263974249362945557e-01 7.354217767715454102e-01 9.809885025024414062e-01 -9.827291965484619141e-01 3.689771592617034912e-01 8.280016779899597168e-01 -3.050445914268493652e-01 9.929786920547485352e-01 9.982128143310546875e-01 -8.862569332122802734e-01 3.342489600181579590e-01 9.723925590515136719e-01 -2.009896188974380493e-01 -1.607509702444076538e-01 6.850054115056991577e-02 9.862182140350341797e-01 -4.908271729946136475e-01 1.685365885496139526e-01 -1.125992834568023682e-02 -9.677403569221496582e-01 2.399998754262924194e-01 9.712516665458679199e-01 6.729817986488342285e-01 -2.736551761627197266e-01 3.398562967777252197e-01 3.113301098346710205e-01 -1.907114684581756592e-01 9.994668960571289062e-01 1.890589445829391479e-01 9.263982772827148438e-01 1.089216470718383789e-01 -8.611994981765747070e-01 -4.356982409954071045e-01 -5.602006912231445312e-01 -7.514516115188598633e-01 -5.068199038505554199e-01 -4.278689026832580566e-01 6.577055156230926514e-02 9.993286728858947754e-01 -3.153376281261444092e-01 -2.123117446899414062e-01 -6.531480550765991211e-01 2.463381439447402954e-01 2.762061357498168945e-01 3.847484886646270752e-01 -7.990245223045349121e-01 -7.801949381828308105e-01 5.929054617881774902e-01 9.982528090476989746e-01 -2.009215056896209717e-01 -3.500354588031768799e-01 8.461582064628601074e-01 -9.782024621963500977e-01 -9.908488988876342773e-01 3.411142528057098389e-01 9.997627735137939453e-01 -2.183500975370407104e-01 7.735930681228637695e-01 2.409375011920928955e-01 1.996860355138778687e-01 8.661428689956665039e-01 1.847925186157226562e-01 4.326128959655761719e-01 -3.930991142988204956e-02 -1.213239207863807678e-01 1.549462508410215378e-02 -2.409648150205612183e-01 8.425177633762359619e-02 -9.995270967483520508e-01 -3.358124494552612305e-01 -2.601508796215057373e-01 -2.150047868490219116e-01 1.985855400562286377e-01 -9.030607938766479492e-01 -4.184838533401489258e-01 7.943817377090454102e-01 3.272065818309783936e-01 5.288602709770202637e-01 -1.069682836532592773e-01 9.532480835914611816e-01 -2.929992973804473877e-01 7.200055718421936035e-01 4.570937454700469971e-01 -9.916159510612487793e-01 -6.127677112817764282e-02 2.393096983432769775e-01 -4.604273438453674316e-01 -8.577319234609603882e-02 1.221052259206771851e-01 -7.962305098772048950e-02 -5.282487273216247559e-01 2.399085611104965210e-01 9.973266720771789551e-01 9.505110979080200195e-02 6.996580362319946289e-01 -1.008439511060714722e-01 8.617532253265380859e-01 -2.839907109737396240e-01 -1.107060760259628296e-01 9.509544372558593750e-01 -9.966260194778442383e-01 -1.942542493343353271e-01 -2.406346201896667480e-01 2.761822640895843506e-01 -9.798085689544677734e-02 -4.830396771430969238e-01 9.334721565246582031e-01 2.098486423492431641e-01 4.668281376361846924e-01 -7.482948303222656250e-01 2.946965396404266357e-01 -3.303212523460388184e-01 9.856836199760437012e-01 -9.703853726387023926e-01 -3.013867437839508057e-01 3.070615530014038086e-01 6.259310245513916016e-02 -9.997019767761230469e-01 -7.077086567878723145e-01 9.399498105049133301e-01 -9.471117854118347168e-01 2.471439689397811890e-01 -6.520564854145050049e-02 3.002429604530334473e-01 4.388618469238281250e-01 -6.584963202476501465e-01 -4.232146143913269043e-01 -9.759923815727233887e-01 2.045811861753463745e-01 9.851720333099365234e-01 2.956022322177886963e-01 9.586058259010314941e-01 1.162554174661636353e-01 -9.214028716087341309e-01 4.816612303256988525e-01 3.997524380683898926e-01 -5.814045667648315430e-02 -8.312556892633438110e-02 2.648410387337207794e-02 -9.952124953269958496e-01 3.183204233646392822e-01 -9.995799660682678223e-01 -9.736115932464599609e-01 2.572088241577148438e-01 -4.558651447296142578e-01 4.520172774791717529e-01 -8.286979794502258301e-02 -5.762842297554016113e-02 -2.250933647155761719e-01 -9.824849367141723633e-01 -8.201110959053039551e-01 -4.489701241254806519e-02 -9.612494111061096191e-01 -4.877441227436065674e-01 -9.904600381851196289e-01 2.052217721939086914e-01 -6.127968430519104004e-01 -1.405075788497924805e-01 5.056293010711669922e-01 1.590449362993240356e-02 3.015526831150054932e-01 9.957543015480041504e-01 5.082854628562927246e-01 9.741905331611633301e-01 1.427660286426544189e-01 1.902783066034317017e-01 -1.493642777204513550e-01 9.959841966629028320e-01 3.215545713901519775e-01 -1.147170141339302063e-01 -9.686003327369689941e-01 4.756729602813720703e-01 5.059113502502441406e-01 9.995711445808410645e-01 9.054918885231018066e-01 9.731658697128295898e-01 -9.855440258979797363e-01 -3.484044969081878662e-01 2.901176512241363525e-01 -2.118723392486572266e-01 5.378137230873107910e-01 2.386057674884796143e-01 2.272574156522750854e-01 -9.979363679885864258e-01 -9.287323355674743652e-01 2.002135217189788818e-01 -9.869468212127685547e-01 9.632284045219421387e-01 1.294857859611511230e-01 -5.048421770334243774e-02 2.170729637145996094e-01 1.098524779081344604e-01 2.304264605045318604e-01 -8.907387256622314453e-01 -9.663744568824768066e-01 -4.947081804275512695e-01 -3.691965043544769287e-01 -2.119867503643035889e-01 -5.467937588691711426e-01 -9.999933838844299316e-01 7.338128983974456787e-02 -7.643625140190124512e-01 -8.503967523574829102e-02 2.517446577548980713e-01 3.857346996665000916e-02 3.157452642917633057e-01 4.554124474525451660e-01 9.922293424606323242e-01 -7.913069128990173340e-01 3.824983164668083191e-02 1.935593187808990479e-01 1.097583472728729248e-01 -3.734711408615112305e-01 -5.075854063034057617e-01 9.273151755332946777e-01 -8.626030683517456055e-01 4.253846779465675354e-02 2.046645246446132660e-02 4.523926973342895508e-02 -8.851194381713867188e-01
8.490912914276123047e-01 3.958238065242767334e-01 1.195890083909034729e-01 2.665591835975646973e-01 1.118203625082969666e-01 7.834401726722717285e-01 9.954193234443664551e-01 -9.934111237525939941e-01 -8.475033193826675415e-02 -9.995214343070983887e-01 5.323919653892517090e-01 -5.794340372085571289e-01 7.946951985359191895e-01 -9.988019466400146484e-01 -8.296263813972473145e-01 3.288345038890838623e-01 1.063983291387557983e-01 -3.244712650775909424e-01 -2.874536812305450439e-01 -1.231109350919723511e-01 3.362586498260498047e-01 1.234568059444427490e-01 -7.027724981307983398e-01 5.820772051811218262e-01 9.991793036460876465e-01 9.746398329734802246e-01 -1.891233772039413452e-01 -5.326473712921142578e-01 1.593163586221635342e-03 7.189149856567382812e-01 6.819812655448913574e-01 -3.512571454048156738e-01 4.768299162387847900e-01 2.399306297302246094e-01 -9.674810171127319336e-01 -8.020875602960586548e-02 -4.289188086986541748e-01 -2.149603068828582764e-01 8.711149096488952637e-01 -1.745551228523254395e-01 2.165014594793319702e-01 -3.255410194396972656e-01 3.367197811603546143e-01 -9.981284737586975098e-01 7.757695764303207397e-02 2.831716239452362061e-01 -9.028711915016174316e-01 1.174896806478500366e-01 9.670311808586120605e-01 6.338950246572494507e-03 9.757366180419921875e-01 -4.665378481149673462e-02 9.939898848533630371e-01 1.959238052368164062e-01 -9.127376079559326172e-01 1.910073608160018921e-01 -2.964229881763458252e-01 -1.147532910108566284e-01 -9.991618394851684570e-01 -9.975477457046508789e-01 2.162480354309082031e-01 1.087858974933624268e-01 9.934159517288208008e-01 -1.749530881643295288e-01 7.778292149305343628e-02 -9.917414784431457520e-01 8.515148758888244629e-01 5.514321327209472656e-01 7.084934413433074951e-02 -5.487580299377441406e-01 9.766064882278442383e-01 9.905419945716857910e-01 -8.835159540176391602e-01 -7.230244278907775879e-01 -5.045264363288879395e-01 -5.472911596298217773e-01 -4.217177927494049072e-01 9.306697249412536621e-01 -8.554703742265701294e-02 -1.239442154765129089e-01 -9.245480298995971680e-01 4.981747567653656006e-01 9.795107245445251465e-01 -4.063199460506439209e-01 9.218631982803344727e-01 -9.683451056480407715e-01 3.296958282589912415e-02 1.112200468778610229e-01 -1.604207158088684082e-01 3.447160124778747559e-01 -9.643203020095825195e-01 -3.805049359798431396e-01 4.745642244815826416e-01 -9.995468258857727051e-01 -9.744089841842651367e-01 -9.491140842437744141e-01 8.086352944374084473e-01 3.718947172164916992e-01 -9.918708205223083496e-01 -2.063189893960952759e-01 -5.206275582313537598e-01 -9.411894679069519043e-01 -9.731484651565551758e-01 -2.085830830037593842e-02 -3.377066180109977722e-02 -3.212760761380195618e-02 9.716767072677612305e-01 2.397086620330810547e-01 -2.476245909929275513e-01 -3.018547594547271729e-02 6.440448015928268433e-02 -2.051288783550262451e-01 8.308115005493164062e-01 -9.634864330291748047e-01 -2.137475460767745972e-01 -1.372157633304595947e-01 -6.264441013336181641e-01 5.749402642250061035e-01 -1.923930644989013672e-01 9.982250928878784180e-01 -2.629711627960205078e-01 4.586418569087982178e-01 -8.838498592376708984e-01 9.888491630554199219e-01 -4.030003026127815247e-02 -1.509792171418666840e-02 6.609995961189270020e-01 -5.032601580023765564e-02 -6.266963481903076172e-01 -1.630279049277305603e-02 9.818478226661682129e-01 9.985135197639465332e-01 7.953132502734661102e-03 1.669261753559112549e-01 3.850193023681640625e-01 -6.110495924949645996e-01 9.995712637901306152e-01 -9.854006171226501465e-01 4.894335567951202393e-02 1.724532395601272583e-01 9.999819397926330566e-01 3.654304742813110352e-01 -2.961395680904388428e-01 8.162473440170288086e-01 -6.719797849655151367e-02 8.605398535728454590e-01 -7.174599766731262207e-01 9.844667315483093262e-01 -8.892363309860229492e-01 1.823741756379604340e-02 3.342706561088562012e-01 -3.029822409152984619e-01 9.718765616416931152e-01 2.034226357936859131e-01 1.067837849259376526e-01 1.157199516892433167e-01 -4.495557844638824463e-01 9.929666519165039062e-01 -1.982926763594150543e-02 -4.636106267571449280e-02 -3.852667510509490967e-01 7.998896390199661255e-02 -3.215249776840209961e-01 -5.378509163856506348e-01 9.999904036521911621e-01 5.669790878891944885e-02 -2.077914327383041382e-01 -5.225182175636291504e-01 9.898130297660827637e-01 5.375254154205322266e-01 2.798995077610015869e-01 -8.596745133399963379e-01 -9.719666838645935059e-01 -6.718666553497314453e-01 3.658298254013061523e-01 3.703076541423797607e-01 8.926438093185424805e-01 2.340450882911682129e-01 9.934857487678527832e-01 9.890161156654357910e-01 9.925521016120910645e-01 2.445960417389869690e-02 9.872456789016723633e-01 -7.344431281089782715e-01 5.785918831825256348e-01 -9.979161620140075684e-01 -1.745117306709289551e-01 -9.629174470901489258e-01 9.860575199127197266e-02 9.775149822235107422e-01 -2.578845247626304626e-02 -9.805317521095275879e-01 -9.906874895095825195e-01 1.438236236572265625e-01 9.605740904808044434e-01 1.219647303223609924e-01 -9.957264065742492676e-01 -9.362385869026184082e-01 6.175864338874816895e-01 -1.222871690988540649e-01 4.348316788673400879e-02 -4.396930336952209473e-01 -1.862655729055404663e-01 -1.954957991838455200e-01 1.762057095766067505e-01 9.728657603263854980e-01 -1.314066257327795029e-02 9.958208203315734863e-01 9.939017295837402344e-01 3.935108333826065063e-02 -6.458489298820495605e-01 -1.059459894895553589e-01 1.501620560884475708e-01 1.951618641614913940e-01 9.715287089347839355e-01 -9.969881176948547363e-01 2.209945768117904663e-01 9.668551683425903320e-01 8.083192706108093262e-01 -2.935967743396759033e-01 -9.264686107635498047e-01 -3.579151332378387451e-01 -9.562817811965942383e-01 -1.705853268504142761e-03 -8.728800415992736816e-01 1.743757575750350952e-01 -9.448791146278381348e-01 7.538651674985885620e-02 -8.665114045143127441e-01 9.972236752510070801e-01 2.820923924446105957e-01 -3.690086677670478821e-02 -2.468706518411636353e-01 3.473334014415740967e-01 8.414891958236694336e-01 3.611885905265808105e-01 -2.359574884176254272e-01 -2.909434735774993896e-01 6.996959447860717773e-02 -2.244420498609542847e-01 9.625491499900817871e-01 9.999695420265197754e-01 1.156664192676544189e-01 9.236013889312744141e-01 7.644615173339843750e-01 1.095950603485107422e-01 9.928342700004577637e-01 9.920506179332733154e-02 8.543328642845153809e-01 -1.839953213930130005e-01 3.127573132514953613e-01 2.741911113262176514e-01 -2.211675047874450684e-03 1.271912157535552979e-01 9.969331622123718262e-01 1.488176435232162476e-01 -2.833300828933715820e-01 -9.981692433357238770e-01 -3.213362097740173340e-01 9.832392334938049316e-01 1.487510371953248978e-02 -9.993689656257629395e-01 -3.344877064228057861e-01 -9.276612401008605957e-01 1.060991510748863220e-01 8.919283151626586914e-01 4.548310935497283936e-01 -4.302590489387512207e-01 1.208862885832786560e-01 1.156532391905784607e-01 9.999805092811584473e-01 -2.659760117530822754e-01 -1.930431723594665527e-01 9.999541640281677246e-01 -5.743547677993774414e-01 -9.913033246994018555e-01 9.332178235054016113e-01 -8.454481512308120728e-02 9.568371772766113281e-01 1.590884849429130554e-02 -9.775918722152709961e-01 -9.856840372085571289e-01 9.059355854988098145e-01 9.992892146110534668e-01 4.875719845294952393e-01 -2.031054198741912842e-01 -2.253395915031433105e-01 3.090057969093322754e-01 -9.946331977844238281e-01 -9.957680106163024902e-01 -7.542407512664794922e-01 -2.259890437126159668e-01 4.571697115898132324e-01 9.985439181327819824e-01 9.972057342529296875e-01 -9.983773827552795410e-01 2.648368179798126221e-01 5.773035287857055664e-01 -7.028273306787014008e-03 9.860157370567321777e-01 9.991002082824707031e-01 -9.725478291511535645e-01 -6.985784973949193954e-03 9.527376890182495117e-01 -2.475766539573669434e-01 3.360974788665771484e-01 4.039895907044410706e-02 9.644966721534729004e-01 -2.186509072780609131e-01 2.292566597461700439e-01 4.683539643883705139e-02 -7.426908016204833984e-01 1.247107312083244324e-01 9.949618577957153320e-01 9.316866397857666016e-01 -2.808671593666076660e-01 7.463076151907444000e-03 2.644424736499786377e-01 1.293173134326934814e-01 9.998987913131713867e-01 1.615505814552307129e-01 9.578363895416259766e-01 -1.612715572118759155e-01 -9.162322282791137695e-01 -2.940779030323028564e-01 -6.702209115028381348e-01 -9.824931025505065918e-01 3.888619318604469299e-02 -8.838188052177429199e-01 -4.123991131782531738e-01 9.982759356498718262e-01 2.101552933454513550e-01 -5.490302294492721558e-02 4.059780538082122803e-01 2.294127643108367920e-01 1.928272098302841187e-01 4.455337822437286377e-01 -4.215214848518371582e-01 -8.595817685127258301e-01 4.439506828784942627e-01 9.989890456199645996e-01 1.509645581245422363e-01 -5.377703905105590820e-02 9.947200417518615723e-01 -7.273876667022705078e-01 -9.906122088432312012e-01 7.074832320213317871e-01 9.997097849845886230e-01 -4.461843669414520264e-01 9.471293091773986816e-01 1.295435726642608643e-01 -2.316685207188129425e-02 8.331639170646667480e-01 2.283410727977752686e-02 7.626068592071533203e-01 -6.400777399539947510e-02 -1.696309000253677368e-01 -1.818929910659790039e-01 -7.784079760313034058e-02 -1.094394549727439880e-01 -9.994708299636840820e-01 -6.691376566886901855e-01 -4.804796576499938965e-01 -1.542691886425018311e-01 9.922919422388076782e-02 -9.796349406242370605e-01 -7.779040932655334473e-01 7.281833291053771973e-01 5.047567486763000488e-01 4.798084199428558350e-01 3.265994042158126831e-02 9.944607019424438477e-01 -8.799321204423904419e-02 3.102378845214843750e-01 -1.062233075499534607e-01 -9.995262622833251953e-01 -4.375922027975320816e-03 2.133404910564422607e-01 -2.394891381263732910e-01 -3.277761936187744141e-01 9.235566258430480957e-01 -1.151950210332870483e-01 -7.225714325904846191e-01 -2.454297244548797607e-02 9.990868568420410156e-01 8.971612453460693359e-01 5.935732126235961914e-01 2.376966923475265503e-01 7.479782700538635254e-01 -1.804159954190254211e-02 -4.113753437995910645e-01 9.877586960792541504e-01 -9.834940433502197266e-01 -3.707541525363922119e-01 1.090223938226699829e-01 4.453643262386322021e-01 -3.509271740913391113e-01 -4.157595634460449219e-01 9.989815354347229004e-01 -1.341837346553802490e-01 4.216003119945526123e-01 -9.187328219413757324e-01 1.794188916683197021e-01 -2.120108753442764282e-01 9.918569922447204590e-01 -9.569883942604064941e-01 -4.733121693134307861e-01 1.739478707313537598e-01 1.143877282738685608e-01 -9.867905378341674805e-01 -6.078856587409973145e-01 8.397240638732910156e-01 -9.787338376045227051e-01 1.969018131494522095e-01 -6.931325793266296387e-01 1.576369702816009521e-01 5.002003312110900879e-01 -8.593504428863525391e-01 -6.707617044448852539e-01 -9.982685446739196777e-01 2.691198838874697685e-03 4.320500791072845459e-01 1.554070264101028442e-01 9.987798333168029785e-01 4.990557953715324402e-02 -6.711455583572387695e-01 3.748503625392913818e-01 4.168175458908081055e-01 1.738044619560241699e-01 6.737262010574340820e-02 4.906663205474615097e-03 -9.989278316497802734e-01 3.134753704071044922e-01 -9.998989105224609375e-01 -9.284948706626892090e-01 -6.848010420799255371e-02 -8.522738814353942871e-01 -3.558470606803894043e-01 -9.362087398767471313e-02 -3.926159068942070007e-02 -2.792274579405784607e-02 -8.928025960922241211e-01 -9.804130792617797852e-01 4.177418351173400879e-01 -9.990041851997375488e-01 -9.742954373359680176e-01 -9.127255082130432129e-01 5.129551887512207031e-01 -7.364117503166198730e-01 -2.961874902248382568e-01 2.882338166236877441e-01 7.453441619873046875e-02 -5.318582803010940552e-02 9.975535869598388672e-01 3.751006722450256348e-01 9.915762543678283691e-01 -4.362338483333587646e-01 4.449411353562027216e-04 -2.189857363700866699e-01 9.974175095558166504e-01 -1.420396938920021057e-02 1.767886132001876831e-01 -9.936224222183227539e-01 2.481437325477600098e-01 9.031437635421752930e-01 9.979891180992126465e-01 9.312982559204101562e-01 9.973379373550415039e-01 -9.639250040054321289e-01 -3.653315007686614990e-01 2.349906563758850098e-01 5.779783725738525391e-01 4.259013831615447998e-01 1.715595275163650513e-01 2.972760200500488281e-01 -9.979822039604187012e-01 -9.961233735084533691e-01 1.107980683445930481e-01 -9.958464503288269043e-01 9.988463521003723145e-01 -1.223760470747947693e-01 -1.055018510669469833e-02 -2.497879415750503540e-01 -1.704097986221313477e-01 1.093309894204139709e-01 -8.792942762374877930e-01 -9.950518012046813965e-01 -2.949260175228118896e-01 -4.338105916976928711e-01 -1.003361716866493225e-01 -4.301220178604125977e-01 -9.999837279319763184e-01 -7.007657289505004883e-01 -3.427707776427268982e-02 -1.997925788164138794e-01 1.332474946975708008e-01 5.427485704421997070e-02 4.033112898468971252e-02 9.232535362243652344e-01 9.937334656715393066e-01 -8.763552904129028320e-01 -5.053066089749336243e-02 1.585856080055236816e-01 6.723082624375820160e-03 -3.220201432704925537e-01 -9.196505695581436157e-02 9.455818533897399902e-01 -9.386044740676879883e-01 2.500387728214263916e-01 1.392076611518859863e-01 1.515074819326400757e-01 -8.630017638206481934e-01
9.676539301872253418e-01 4.132412970066070557e-01 -1.643554866313934326e-01 3.149275481700897217e-01 -2.974872887134552002e-01 7.877193093299865723e-01 9.967167377471923828e-01 -9.995598196983337402e-01 2.382085770368576050e-01 -9.921291470527648926e-01 3.979932665824890137e-01 -5.431855916976928711e-01 -1.258891671895980835e-01 -9.973652958869934082e-01 -6.533775329589843750e-01 1.844872236251831055e-01 -2.445196956396102905e-01 6.344462931156158447e-02 -7.327919602394104004e-01 -4.309106171131134033e-01 5.114547014236450195e-01 -3.034147918224334717e-01 1.304293870925903320e-01 9.338141679763793945e-01 9.873306155204772949e-01 1.239999756217002869e-01 -4.524524807929992676e-01 -5.083285570144653320e-01 6.311128139495849609e-01 -6.721534132957458496e-01 9.973350167274475098e-01 2.112420350313186646e-01 4.633224010467529297e-01 8.868570625782012939e-02 -9.918060898780822754e-01 4.572185873985290527e-01 -3.434081971645355225e-01 2.492560297250747681e-01 6.676595807075500488e-01 -1.698593497276306152e-01 1.041519939899444580e-01 2.308331429958343506e-01 3.351128995418548584e-01 -9.792690277099609375e-01 4.145392477512359619e-01 2.038248628377914429e-01 1.932127326726913452e-01 2.365269809961318970e-01 3.905172348022460938e-01 2.220794111490249634e-01 8.155964016914367676e-01 9.666629135608673096e-02 9.988130927085876465e-01 -3.769639506936073303e-02 -9.795514941215515137e-01 1.732673794031143188e-01 -9.236400574445724487e-02 -2.256049811840057373e-01 -9.840274453163146973e-01 -8.967757821083068848e-01 -7.163395732641220093e-02 2.567121386528015137e-01 9.913280606269836426e-01 -1.239559948444366455e-01 2.412183731794357300e-01 -9.978709220886230469e-01 9.877972006797790527e-01 -3.597197234630584717e-01 -1.232199650257825851e-02 -6.253048777580261230e-02 7.861052751541137695e-01 9.866615533828735352e-01 -9.287061095237731934e-01 -9.396632909774780273e-01 -9.029342532157897949e-01 -4.464029967784881592e-01 -1.044318452477455139e-01 9.464840292930603027e-01 2.207204997539520264e-01 2.805570662021636963e-01 -9.936001896858215332e-01 5.218254923820495605e-01 9.504469037055969238e-01 -9.805430471897125244e-02 -5.013608932495117188e-01 -8.143997192382812500e-01 2.596002221107482910e-01 2.798123955726623535e-01 -6.801792979240417480e-02 -2.068144455552101135e-02 -3.683932125568389893e-01 1.923591047525405884e-01 3.942330777645111084e-01 -9.998271465301513672e-01 -9.416711926460266113e-01 -9.328945875167846680e-01 8.593665957450866699e-01 -2.081600278615951538e-01 -9.798673391342163086e-01 -4.257857799530029297e-01 -4.534671902656555176e-01 -9.980586171150207520e-01 -9.822898507118225098e-01 -3.537315428256988525e-01 5.996916294097900391e-01 1.691068261861801147e-01 9.849020242691040039e-01 2.722402811050415039e-01 -2.472877055406570435e-01 -9.553020000457763672e-01 -6.061680912971496582e-01 -6.002343297004699707e-01 9.914976358413696289e-01 -1.230367943644523621e-01 -2.071638703346252441e-01 1.744047552347183228e-01 -9.057145118713378906e-01 6.804445981979370117e-01 -2.690848708152770996e-01 9.973903298377990723e-01 1.541837155818939209e-01 2.494551390409469604e-01 -6.299294829368591309e-01 9.224636554718017578e-01 1.655356138944625854e-01 -3.509865999221801758e-01 8.708466291427612305e-01 1.649497300386428833e-01 -5.335363745689392090e-01 -1.508921198546886444e-02 9.723753333091735840e-01 9.924216270446777344e-01 -1.247875541448593140e-01 -2.810339629650115967e-01 4.323409497737884521e-01 -9.396588206291198730e-01 9.996291995048522949e-01 -9.229553937911987305e-01 -9.672062397003173828e-01 1.170093659311532974e-02 9.996289014816284180e-01 -1.397426123730838299e-03 8.504654467105865479e-02 9.787274003028869629e-01 1.250483244657516479e-01 7.826794981956481934e-01 -9.023408889770507812e-01 9.878464937210083008e-01 -9.878038167953491211e-01 -3.322106897830963135e-01 1.986549235880374908e-03 -1.729730069637298584e-01 9.754163026809692383e-01 3.498799204826354980e-01 4.845246300101280212e-02 1.383921056985855103e-01 7.832044959068298340e-01 9.365202188491821289e-01 1.234788969159126282e-01 -2.491476684808731079e-01 -2.132391333580017090e-01 3.848232924938201904e-01 -1.031229943037033081e-01 -4.898563325405120850e-01 9.999703168869018555e-01 -2.602329254150390625e-01 -2.415474504232406616e-02 -3.206837475299835205e-01 9.994531273841857910e-01 9.108127951622009277e-01 2.886650264263153076e-01 -7.212629318237304688e-01 -9.987905025482177734e-01 6.808556318283081055e-01 6.238934397697448730e-01 3.626187145709991455e-01 7.544999718666076660e-01 -1.018444150686264038e-01 9.789318442344665527e-01 8.466513156890869141e-01 9.438145160675048828e-01 7.504381239414215088e-02 9.959823489189147949e-01 9.982697665691375732e-02 9.966705441474914551e-01 -8.263237476348876953e-01 2.708671689033508301e-01 -9.785611629486083984e-01 4.014416038990020752e-01 7.131673097610473633e-01 9.876040816307067871e-01 -9.691836237907409668e-01 -9.752977490425109863e-01 -2.578707337379455566e-01 9.876046180725097656e-01 3.891705274581909180e-01 -9.992874860763549805e-01 2.704575657844543457e-01 -9.069465398788452148e-01 3.765319585800170898e-01 -2.849043607711791992e-01 -4.374328255653381348e-01 -9.953743219375610352e-01 2.868470251560211182e-01 1.025317236781120300e-01 9.475857615470886230e-01 1.415622681379318237e-01 9.950442314147949219e-01 9.972656965255737305e-01 -2.832398712635040283e-01 -6.408090591430664062e-01 8.689448833465576172e-01 -2.206303924322128296e-01 1.100959330797195435e-01 7.100688815116882324e-01 -9.402981400489807129e-01 -3.702232241630554199e-01 -3.403274714946746826e-02 -6.766206026077270508e-01 -9.716317057609558105e-02 -8.138121366500854492e-01 -2.174402773380279541e-01 -7.960831522941589355e-01 3.145527243614196777e-01 -4.315786063671112061e-01 -3.269017934799194336e-01 -3.588858842849731445e-01 4.380156099796295166e-02 -9.261414408683776855e-01 9.614530205726623535e-01 8.843553066253662109e-02 3.541634976863861084e-01 -1.943285316228866577e-01 1.122955903410911560e-01 -2.938396632671356201e-01 2.280460596084594727e-01 7.484292238950729370e-02 -1.069410666823387146e-01 -1.667074263095855713e-01 1.679659336805343628e-01 3.245970606803894043e-01 9.994553327560424805e-01 9.142591357231140137e-01 7.737600803375244141e-01 2.818396389484405518e-01 4.833705723285675049e-01 9.937556982040405273e-01 2.303347736597061157e-01 6.333743333816528320e-01 -2.519851922988891602e-01 4.377632439136505127e-01 5.330432206392288208e-02 -4.842077568173408508e-02 8.790025115013122559e-02 9.556519985198974609e-01 2.667218148708343506e-01 -1.931727677583694458e-01 -9.977898001670837402e-01 -8.630563616752624512e-01 8.459504842758178711e-01 -1.303757280111312866e-01 -9.963247776031494141e-01 -1.671916991472244263e-01 -3.720118403434753418e-01 1.321736443787813187e-02 9.575875401496887207e-01 -5.735689401626586914e-02 -3.777462542057037354e-01 5.219447016716003418e-01 1.564336568117141724e-02 9.988388419151306152e-01 2.546466588973999023e-01 -8.075177669525146484e-01 9.935052394866943359e-01 -5.754533410072326660e-01 -9.936035275459289551e-01 9.078541994094848633e-01 -4.169398248195648193e-01 9.086085557937622070e-01 4.659950733184814453e-02 -9.515493512153625488e-01 -9.469753503799438477e-01 1.519955992698669434e-01 9.969044923782348633e-01 9.949357509613037109e-01 -6.307172775268554688e-02 8.304851502180099487e-02 2.960279583930969238e-01 -9.575024247169494629e-01 -9.974816441535949707e-01 -9.828781485557556152e-01 -1.900919377803802490e-01 2.122750133275985718e-01 9.928777813911437988e-01 9.866138696670532227e-01 -9.905226826667785645e-01 -2.840792834758758545e-01 -1.375578045845031738e-01 -2.444279938936233521e-01 8.894110918045043945e-01 9.968444705009460449e-01 -9.928299784660339355e-01 8.817574381828308105e-01 9.850816130638122559e-01 -1.866868436336517334e-01 1.749366670846939087e-01 1.104028522968292236e-01 6.463418006896972656e-01 2.424790263175964355e-01 2.416385337710380554e-02 3.488718345761299133e-02 -9.206974506378173828e-01 -8.733879029750823975e-02 9.770061373710632324e-01 9.730864763259887695e-01 -2.494616955518722534e-01 2.293344885110855103e-01 -1.085425317287445068e-01 9.321418404579162598e-02 9.997517466545104980e-01 2.584537565708160400e-01 9.882292747497558594e-01 -3.111363053321838379e-01 -9.869489073753356934e-01 -4.269165098667144775e-01 -4.348096251487731934e-01 1.587632000446319580e-01 7.011704146862030029e-02 6.964265108108520508e-01 4.728599637746810913e-02 9.999323487281799316e-01 -4.275743961334228516e-01 9.644073992967605591e-02 -7.293849587440490723e-01 1.464207004755735397e-02 2.799133956432342529e-01 7.108787894248962402e-01 -6.160797551274299622e-03 2.303510606288909912e-01 4.589676260948181152e-01 9.832274317741394043e-01 1.916238814592361450e-01 -1.770797669887542725e-01 9.996828436851501465e-01 -8.057916760444641113e-01 -9.987237453460693359e-01 -5.362175107002258301e-01 9.996466040611267090e-01 4.397318512201309204e-02 9.227792024612426758e-01 2.444410771131515503e-01 -3.241481184959411621e-01 9.764289855957031250e-01 1.920557767152786255e-01 -6.678305268287658691e-01 2.999087274074554443e-01 -7.664684057235717773e-01 -1.446665264666080475e-02 2.315443158149719238e-01 1.638923436403274536e-01 -9.992970824241638184e-01 7.061281204223632812e-01 2.318669669330120087e-02 -4.768334925174713135e-01 3.075613677501678467e-01 -9.152923822402954102e-01 6.531938314437866211e-01 7.378410696983337402e-01 -2.785078287124633789e-01 1.112708523869514465e-01 -2.868426442146301270e-01 9.847599267959594727e-01 -3.805160820484161377e-01 4.819647371768951416e-01 9.093618392944335938e-01 -9.934365153312683105e-01 -9.169112890958786011e-02 -1.446192860603332520e-01 -1.562748104333877563e-01 -7.133495807647705078e-02 -9.348492324352264404e-02 -7.129499316215515137e-02 2.200065851211547852e-01 -8.778721839189529419e-02 9.969085454940795898e-01 9.926108717918395996e-01 7.375835180282592773e-01 3.518582880496978760e-01 -8.713671565055847168e-02 -2.517709508538246155e-03 -4.154374301433563232e-01 9.819205999374389648e-01 -9.932145476341247559e-01 1.210280358791351318e-01 -7.983838021755218506e-02 3.394227921962738037e-01 7.693898398429155350e-03 -5.773086547851562500e-01 9.972914457321166992e-01 -3.642489314079284668e-01 7.615924626588821411e-02 -7.748733758926391602e-01 -8.840654492378234863e-01 -2.371978312730789185e-01 9.905018210411071777e-01 -9.990518689155578613e-01 7.663529515266418457e-01 7.131706923246383667e-02 4.177643060684204102e-01 -9.915395975112915039e-01 -9.589065909385681152e-01 4.504408836364746094e-01 -9.792212247848510742e-01 -1.428355928510427475e-02 -8.187844157218933105e-01 1.119087189435958862e-01 -5.857539176940917969e-02 -9.904490113258361816e-01 -8.232498764991760254e-01 -9.992637634277343750e-01 -1.445831507444381714e-01 9.803165793418884277e-01 1.074465271085500717e-02 9.988483190536499023e-01 9.964705258607864380e-02 4.873446822166442871e-01 1.713468879461288452e-01 -5.695875361561775208e-02 4.566127359867095947e-01 -5.162441730499267578e-01 -1.352252215147018433e-01 -9.998193383216857910e-01 2.835220396518707275e-01 -9.994712471961975098e-01 -9.806247353553771973e-01 3.684620559215545654e-01 -9.642293453216552734e-01 8.908640742301940918e-01 -9.290986508131027222e-02 5.988600850105285645e-02 -2.448592633008956909e-01 -7.128375172615051270e-01 -7.469763755798339844e-01 3.662350475788116455e-01 -9.967589974403381348e-01 -8.044603466987609863e-01 -9.756434559822082520e-01 -2.029988914728164673e-03 -3.420998454093933105e-01 -1.971081942319869995e-01 4.751298725605010986e-01 3.178050518035888672e-01 4.497094154357910156e-01 9.628686904907226562e-01 3.471968472003936768e-01 9.054601788520812988e-01 -2.256481498479843140e-01 -1.031050980091094971e-01 -2.597693800926208496e-01 9.986311793327331543e-01 -7.317912578582763672e-01 5.088450387120246887e-02 -9.712892174720764160e-01 1.204208806157112122e-01 -5.961989164352416992e-01 9.936348199844360352e-01 8.869524002075195312e-01 9.873532056808471680e-01 -8.117671012878417969e-01 -1.193154379725456238e-01 2.746044695377349854e-01 6.772764921188354492e-01 -5.072910785675048828e-01 3.567003011703491211e-01 3.095984756946563721e-01 -9.831387400627136230e-01 -9.939201474189758301e-01 3.344843909144401550e-02 -9.685733914375305176e-01 9.973585605621337891e-01 -1.312964111566543579e-01 6.472883746027946472e-03 -3.657657206058502197e-01 -6.608618050813674927e-02 -2.394770234823226929e-01 -7.387148737907409668e-01 -9.874751567840576172e-01 -4.603288769721984863e-01 -4.175201952457427979e-01 -3.983656466007232666e-01 -4.980902671813964844e-01 -9.997558593750000000e-01 -9.142094254493713379e-01 -1.254407316446304321e-01 3.081579506397247314e-02 4.149693250656127930e-02 1.064041443169116974e-02 2.311103790998458862e-01 9.756820201873779297e-01 9.905686974525451660e-01 -8.947920203208923340e-01 5.395982265472412109e-01 2.336754351854324341e-01 -4.355272278189659119e-02 -3.702969253063201904e-01 -2.827051281929016113e-02 9.008935093879699707e-01 -9.664421081542968750e-01 1.757256239652633667e-01 4.443562328815460205e-01 4.627742990851402283e-02 -9.357918500900268555e-01
-1.655583232641220093e-01 5.403545498847961426e-01 -2.439437508583068848e-01 3.397633880376815796e-02 -6.282198429107666016e-01 -7.308630347251892090e-01 9.985491037368774414e-01 -9.964168667793273926e-01 6.640739738941192627e-02 -7.985837459564208984e-01 3.280823230743408203e-01 -7.259908318519592285e-01 8.364217877388000488e-01 -9.931414127349853516e-01 -7.790352702140808105e-01 2.842093408107757568e-01 -7.960101217031478882e-02 -3.492372334003448486e-01 -6.105810403823852539e-01 -5.142410397529602051e-01 4.759026169776916504e-01 2.466983199119567871e-01 2.810981869697570801e-01 -5.581792593002319336e-01 9.935618042945861816e-01 9.941176772117614746e-01 -5.497058853507041931e-02 -6.994065046310424805e-01 4.823063313961029053e-01 9.934096932411193848e-01 4.549545347690582275e-01 -3.941008448600769043e-01 2.561788856983184814e-01 8.187691867351531982e-02 -8.922719955444335938e-01 -2.875514626502990723e-01 -3.415046632289886475e-01 6.962618324905633926e-03 4.532397687435150146e-01 -2.296203970909118652e-01 5.679519847035408020e-02 -3.656128942966461182e-01 1.518211066722869873e-01 -9.821243286132812500e-01 6.933296471834182739e-02 -1.848625838756561279e-01 -9.481328725814819336e-01 -3.589542955160140991e-02 8.598090410232543945e-01 -1.450335532426834106e-01 9.874651432037353516e-01 -2.054147273302078247e-01 9.899097084999084473e-01 -3.108275867998600006e-02 -3.566397354006767273e-02 3.053260147571563721e-01 1.429650932550430298e-01 -1.365726590156555176e-01 -9.994934797286987305e-01 -9.207795858383178711e-01 -2.095177322626113892e-01 8.425571024417877197e-02 9.935725331306457520e-01 -1.118237804621458054e-02 3.979415595531463623e-01 -9.984923601150512695e-01 -9.610997140407562256e-02 8.500180244445800781e-01 2.793294787406921387e-01 -6.416074633598327637e-01 9.949991106986999512e-01 9.222742915153503418e-01 8.726141601800918579e-02 -9.967193603515625000e-01 -9.180178642272949219e-01 -3.234165534377098083e-02 -1.688749194145202637e-01 7.773841023445129395e-01 1.465865820646286011e-01 -2.159255146980285645e-01 -9.060860872268676758e-01 4.164922982454299927e-02 9.991858005523681641e-01 -8.022992014884948730e-01 9.938297867774963379e-01 -9.881476163864135742e-01 1.404742151498794556e-02 -2.107250839471817017e-01 1.790547817945480347e-01 4.872533679008483887e-02 -9.917372465133666992e-01 -5.316424369812011719e-02 5.674744248390197754e-01 -9.993095397949218750e-01 -9.952257871627807617e-01 9.692869186401367188e-01 8.825996518135070801e-01 -3.644122183322906494e-01 -9.888197779655456543e-01 -3.321483135223388672e-01 -1.082401499152183533e-01 -4.688792824745178223e-01 -1.193550825119018555e-01 -8.053893595933914185e-02 1.284769177436828613e-01 1.889370940625667572e-02 9.891754984855651855e-01 4.665863215923309326e-01 -2.007701992988586426e-01 3.322802782058715820e-01 -1.338687092065811157e-01 4.219191968441009521e-01 1.507122069597244263e-01 -9.959716200828552246e-01 -2.203821539878845215e-01 -7.944706082344055176e-02 -4.005135595798492432e-02 9.793919324874877930e-01 -2.752761542797088623e-01 9.994314908981323242e-01 -9.146007895469665527e-01 4.619316756725311279e-01 -9.852566719055175781e-01 9.944365024566650391e-01 1.857160031795501709e-01 1.592774838209152222e-01 -9.214124083518981934e-01 1.773620955646038055e-02 -4.147818386554718018e-01 -3.875572979450225830e-01 9.872326850891113281e-01 9.910335540771484375e-01 -7.390784025192260742e-01 1.164939552545547485e-01 4.622118175029754639e-01 -8.777556419372558594e-01 9.975481629371643066e-01 -9.965365529060363770e-01 -3.532114326953887939e-01 -9.499441087245941162e-02 9.998096227645874023e-01 3.524948060512542725e-01 -2.869313061237335205e-01 8.201955556869506836e-01 -1.705030798912048340e-01 4.711374267935752869e-02 -9.218885302543640137e-01 7.290182709693908691e-01 5.067590475082397461e-01 -4.758309423923492432e-01 -1.107460260391235352e-01 -3.603606820106506348e-01 9.816733598709106445e-01 -4.575307667255401611e-02 -1.404512673616409302e-01 9.717465937137603760e-02 -9.550554752349853516e-01 9.145125746726989746e-01 -4.767053723335266113e-01 7.159763574600219727e-02 -5.048028230667114258e-01 1.787339448928833008e-01 -3.333397805690765381e-01 -7.467647790908813477e-01 9.998930692672729492e-01 9.152142703533172607e-02 7.744403183460235596e-02 -4.523717164993286133e-01 8.655707836151123047e-01 -6.983746290206909180e-01 2.301254421472549438e-01 -9.842432141304016113e-01 -9.390152096748352051e-01 -9.901894927024841309e-01 7.019159197807312012e-01 2.954778075218200684e-01 -1.779404282569885254e-01 -4.235332012176513672e-01 9.988827705383300781e-01 9.768656492233276367e-01 9.991804957389831543e-01 -2.179342508316040039e-01 9.973954558372497559e-01 -8.957647085189819336e-01 9.115386009216308594e-01 -8.997202515602111816e-01 -5.256010890007019043e-01 -8.558984398841857910e-01 4.386532008647918701e-01 9.822969436645507812e-01 7.855713963508605957e-01 -9.566198587417602539e-01 -9.843776822090148926e-01 1.846895664930343628e-01 8.906453847885131836e-01 2.345877736806869507e-01 -9.600035548210144043e-01 -9.960107207298278809e-01 2.801742255687713623e-01 -1.238239780068397522e-01 4.836758226156234741e-02 -2.573183774948120117e-01 -7.645617239177227020e-03 2.178653925657272339e-01 -1.271943897008895874e-01 9.086272716522216797e-01 1.025309190154075623e-01 9.950349330902099609e-01 9.658601880073547363e-01 -1.366247683763504028e-01 1.431465446949005127e-01 2.496716678142547607e-01 2.592761628329753876e-02 3.051148056983947754e-01 9.935152530670166016e-01 -9.523947834968566895e-01 4.203939139842987061e-01 -1.987132132053375244e-01 9.932324290275573730e-01 -4.352952912449836731e-02 -9.181410074234008789e-01 -2.629016637802124023e-01 -9.846295714378356934e-01 2.069081664085388184e-01 -6.386007666587829590e-01 9.735867977142333984e-01 -9.887519478797912598e-01 2.526233196258544922e-01 -9.479269385337829590e-01 9.957486391067504883e-01 2.747635245323181152e-01 1.207291185855865479e-01 -3.306806087493896484e-01 3.874640464782714844e-01 9.859088659286499023e-01 6.171758770942687988e-01 7.284570932388305664e-01 -5.381381511688232422e-01 1.768963932991027832e-01 -1.266034990549087524e-01 6.852494478225708008e-01 9.999955892562866211e-01 -6.715226769447326660e-01 6.232233047485351562e-01 9.621698260307312012e-01 3.972448408603668213e-01 9.912089705467224121e-01 1.526049375534057617e-01 7.858374118804931641e-01 9.478356689214706421e-02 2.099494636058807373e-01 -6.089835613965988159e-02 2.445331308990716934e-03 1.998042911291122437e-01 9.924899935722351074e-01 -3.747642934322357178e-01 -2.921576201915740967e-01 -9.992314577102661133e-01 2.943311333656311035e-01 9.622535109519958496e-01 -2.547232806682586670e-02 -9.974685907363891602e-01 -2.794444561004638672e-02 -8.809038400650024414e-01 -1.062572002410888672e-01 9.936273694038391113e-01 9.456017613410949707e-01 -9.907284379005432129e-01 4.317407906055450439e-01 1.921547809615731239e-03 9.998260736465454102e-01 -2.943016290664672852e-01 -8.444113731384277344e-01 9.984179139137268066e-01 -4.787799417972564697e-01 -9.978387355804443359e-01 9.963781833648681641e-01 -2.162944227457046509e-01 4.502480924129486084e-01 1.874790042638778687e-01 -9.935808181762695312e-01 -9.326377511024475098e-01 9.732446074485778809e-01 9.849599599838256836e-01 3.185979723930358887e-01 -2.571564316749572754e-01 1.142427250742912292e-01 -2.832459211349487305e-01 -9.975254535675048828e-01 -9.997830390930175781e-01 -9.853789210319519043e-01 2.302693761885166168e-02 5.186336636543273926e-01 9.748241305351257324e-01 9.802541136741638184e-01 -9.981737732887268066e-01 8.727271109819412231e-02 9.912055730819702148e-01 2.514917254447937012e-01 9.961245656013488770e-01 9.973307251930236816e-01 -9.990237355232238770e-01 -8.123053908348083496e-01 9.748771786689758301e-01 -2.174259349703788757e-02 3.197137117385864258e-01 1.548233926296234131e-01 9.929414391517639160e-01 1.559561640024185181e-01 1.039935350418090820e-01 -3.246268630027770996e-02 8.138036727905273438e-01 1.831804662942886353e-01 9.884545803070068359e-01 8.902437090873718262e-01 -3.977374732494354248e-01 2.396050840616226196e-01 1.072894781827926636e-01 5.344327539205551147e-02 9.995771050453186035e-01 2.415346056222915649e-01 6.184101700782775879e-01 -5.347798466682434082e-01 -9.434282779693603516e-01 -4.036964476108551025e-01 -7.301944494247436523e-01 -9.714189767837524414e-01 7.345386147499084473e-01 -9.944394826889038086e-01 -2.844042703509330750e-02 9.998772740364074707e-01 3.102552890777587891e-01 -4.205990731716156006e-01 3.813877999782562256e-01 2.412132769823074341e-01 4.037972688674926758e-01 2.070611268281936646e-01 -1.261484473943710327e-01 -9.756652116775512695e-01 4.623351395130157471e-01 9.975712895393371582e-01 -4.707204550504684448e-02 2.747688628733158112e-02 9.578344821929931641e-01 -9.509716182947158813e-02 -6.041771173477172852e-01 9.341660141944885254e-01 9.999795556068420410e-01 9.979896992444992065e-02 9.929650425910949707e-01 2.731332480907440186e-01 -1.525545269250869751e-01 1.453172415494918823e-01 1.059055849909782410e-01 9.937443733215332031e-01 1.055990904569625854e-01 2.094580382108688354e-01 -2.329052984714508057e-01 3.250489011406898499e-02 1.159967407584190369e-01 -9.966697096824645996e-01 -9.912350773811340332e-01 -4.416771233081817627e-01 -2.103940248489379883e-01 2.362513691186904907e-01 -7.555923461914062500e-01 -9.941781163215637207e-01 1.806155443191528320e-01 7.614149153232574463e-02 3.392135202884674072e-01 4.620483517646789551e-01 9.909963011741638184e-01 -4.187774956226348877e-01 4.286769032478332520e-01 -5.417298674583435059e-01 -9.998555779457092285e-01 7.762370258569717407e-02 3.123751878738403320e-01 -5.053120106458663940e-02 8.278857171535491943e-02 8.750526309013366699e-01 1.036980748176574707e-01 -9.707062244415283203e-01 -2.355068475008010864e-01 9.909596443176269531e-01 9.699047803878784180e-01 3.698207437992095947e-01 -2.300023883581161499e-01 8.416260480880737305e-01 -1.176980659365653992e-01 -1.540357023477554321e-01 9.942556023597717285e-01 -9.983195662498474121e-01 -2.524386346340179443e-01 2.135063856840133667e-01 1.558057367801666260e-01 7.641755044460296631e-03 -7.358639836311340332e-01 9.964503645896911621e-01 -1.128306612372398376e-01 4.637308418750762939e-01 -8.695778846740722656e-01 9.246960878372192383e-01 -5.645847916603088379e-01 1.952623873949050903e-01 -9.716823101043701172e-01 -9.703767299652099609e-01 -9.879875183105468750e-02 -8.240987546741962433e-03 -9.885494709014892578e-01 -9.678425192832946777e-01 1.221256852149963379e-01 -9.862587451934814453e-01 -1.303608119487762451e-01 -7.980890274047851562e-01 3.196475803852081299e-01 3.411901593208312988e-01 -4.289216697216033936e-01 7.460369262844324112e-03 -9.995979666709899902e-01 -1.539850533008575439e-01 5.558569431304931641e-01 3.522501885890960693e-01 9.981175065040588379e-01 5.040300488471984863e-01 -9.788507223129272461e-01 -3.368828818202018738e-02 2.296560108661651611e-01 -1.477510333061218262e-01 1.346201002597808838e-01 -1.702861785888671875e-01 -9.998195767402648926e-01 7.554852366447448730e-01 -9.997800588607788086e-01 -8.121433854103088379e-01 3.416362404823303223e-01 -9.826760292053222656e-01 -8.840197324752807617e-01 -4.293220341205596924e-01 1.268903911113739014e-01 3.239763900637626648e-04 -9.743874669075012207e-01 -9.977538585662841797e-01 3.750548660755157471e-01 -9.996289610862731934e-01 -9.864122867584228516e-01 -9.751638174057006836e-01 2.931393980979919434e-01 -2.877440154552459717e-01 -3.751559257507324219e-01 4.130357801914215088e-01 2.657122611999511719e-01 1.647170484066009521e-01 9.974908232688903809e-01 2.599180042743682861e-01 9.978007674217224121e-01 1.419218331575393677e-01 -1.265443116426467896e-01 -2.427819073200225830e-01 9.987897872924804688e-01 5.876244902610778809e-01 5.470572784543037415e-02 -9.924953579902648926e-01 3.560779392719268799e-01 9.942421913146972656e-01 9.974364638328552246e-01 9.731444120407104492e-01 9.980039000511169434e-01 -9.868564605712890625e-01 -3.139877617359161377e-01 3.379442095756530762e-01 9.329720735549926758e-01 9.321894049644470215e-01 3.684636950492858887e-01 4.221167862415313721e-01 -9.754621386528015137e-01 -9.501227736473083496e-01 -1.571308635175228119e-02 -9.983364939689636230e-01 9.994481205940246582e-01 -2.210157662630081177e-01 -8.498791605234146118e-02 1.930132955312728882e-01 -2.782213389873504639e-01 1.146257668733596802e-01 -9.226351380348205566e-01 -9.895858168601989746e-01 -6.504690051078796387e-01 -5.228041410446166992e-01 3.069010972976684570e-01 -3.742538690567016602e-01 -9.999873042106628418e-01 -2.556010782718658447e-01 -2.822930216789245605e-01 2.011018693447113037e-01 -2.751680314540863037e-01 1.711974591016769409e-01 4.859139621257781982e-01 7.636877298355102539e-01 9.978820085525512695e-01 -8.586087226867675781e-01 -5.366276577115058899e-02 -1.598180830478668213e-01 1.473916769027709961e-01 2.529166042804718018e-01 -9.858145117759704590e-01 8.807673454284667969e-01 1.254179701209068298e-02 3.425788581371307373e-01 -2.245595455169677734e-01 -3.754435181617736816e-01 -9.499552845954895020e-02
7.733830213546752930e-01 5.570787191390991211e-01 -1.019511744379997253e-01 2.919640205800533295e-02 9.431019425392150879e-02 7.320963144302368164e-01 9.945008158683776855e-01 -9.970393180847167969e-01 1.004818454384803772e-01 -9.404472708702087402e-01 4.244956374168395996e-01 -8.968347907066345215e-01 9.754736423492431641e-01 -9.951885938644409180e-01 -3.221692144870758057e-01 5.787299871444702148e-01 2.403758913278579712e-01 -1.148393005132675171e-02 -7.418605685234069824e-01 1.142923012375831604e-01 5.133455991744995117e-01 2.370747737586498260e-02 9.533977508544921875e-01 6.343905925750732422e-01 9.377692937850952148e-01 9.670399427413940430e-01 -1.706039458513259888e-01 -6.981776356697082520e-01 6.128324270248413086e-01 -5.543467998504638672e-01 9.934417009353637695e-01 -2.160325199365615845e-01 4.557761251926422119e-01 -1.735178828239440918e-01 -9.255988001823425293e-01 -2.344730347394943237e-01 -4.890106916427612305e-01 -4.123936295509338379e-01 8.170858621597290039e-01 -1.952408999204635620e-01 -3.671640753746032715e-01 -3.406728804111480713e-01 -2.004081010818481445e-01 -9.689199924468994141e-01 3.351272344589233398e-01 5.771284699440002441e-01 -8.623638749122619629e-01 -1.768550425767898560e-01 7.003587484359741211e-01 -3.278930187225341797e-01 8.923205733299255371e-01 -1.957921534776687622e-01 9.840505123138427734e-01 -2.228559255599975586e-01 -9.587364792823791504e-01 5.566322207450866699e-01 2.174926251173019409e-01 -5.334056019783020020e-01 -8.219787478446960449e-01 -2.898783683776855469e-01 2.294827811419963837e-02 1.373296231031417847e-01 9.575662612915039062e-01 -2.563969492912292480e-01 5.362657904624938965e-01 -9.939705133438110352e-01 9.789845943450927734e-01 -3.646532297134399414e-01 -2.893818616867065430e-01 -4.773377776145935059e-01 9.891092777252197266e-01 5.964633822441101074e-01 -8.852121829986572266e-01 -9.853157997131347656e-01 -9.687508344650268555e-01 -3.299320936203002930e-01 -1.182053238153457642e-02 5.246978402137756348e-01 2.991417050361633301e-01 -2.512460947036743164e-01 -9.783599376678466797e-01 3.095628023147583008e-01 9.927346706390380859e-01 -1.744903475046157837e-01 -1.125605106353759766e-01 -8.892959952354431152e-01 -4.747339058667421341e-03 5.140750855207443237e-02 -4.896265268325805664e-01 1.989416480064392090e-01 2.247124761343002319e-01 -1.873605251312255859e-01 8.535965681076049805e-01 -9.998634457588195801e-01 -9.191483855247497559e-01 -8.926825970411300659e-02 9.674545526504516602e-01 -3.821428716182708740e-01 -9.936468601226806641e-01 -6.341332942247390747e-02 -8.065797090530395508e-01 -9.619176983833312988e-01 -7.595407962799072266e-01 -2.916617095470428467e-01 -6.746366620063781738e-02 -2.290863245725631714e-01 9.541836977005004883e-01 9.751725941896438599e-02 -1.969343721866607666e-01 -1.465281993150711060e-01 1.322124302387237549e-01 -6.321902871131896973e-01 -2.406493723392486572e-01 -2.003287971019744873e-01 -5.228799581527709961e-01 -1.935983747243881226e-01 -5.309177637100219727e-01 1.261945217847824097e-01 2.555909454822540283e-01 9.975251555442810059e-01 -6.433544158935546875e-01 1.715212911367416382e-01 -3.729689419269561768e-01 9.401318430900573730e-01 -5.781636759638786316e-02 2.754412218928337097e-02 7.585070133209228516e-01 -3.594166636466979980e-01 -8.031514286994934082e-01 -3.696255087852478027e-01 9.988389611244201660e-01 8.746603727340698242e-01 -6.015041470527648926e-01 3.835336267948150635e-01 6.108474731445312500e-01 5.680237412452697754e-01 9.898423552513122559e-01 -7.565109729766845703e-01 -6.744780540466308594e-01 2.704331874847412109e-01 9.999008178710937500e-01 5.489247441291809082e-01 -3.906600475311279297e-01 7.947372198104858398e-01 -1.403877139091491699e-01 -3.149068951606750488e-01 -2.123058289289474487e-01 9.719542860984802246e-01 -8.915071487426757812e-01 -5.933145284652709961e-01 -2.827548086643218994e-01 -3.038930892944335938e-01 9.626591801643371582e-01 -3.907791152596473694e-02 3.315605521202087402e-01 -3.237180709838867188e-01 6.243852972984313965e-01 9.117011427879333496e-01 3.678760528564453125e-01 5.724309012293815613e-02 -6.507839560508728027e-01 2.558961510658264160e-01 -1.190418228507041931e-01 -6.797662973403930664e-01 9.997682571411132812e-01 -4.732795953750610352e-01 -2.784422934055328369e-01 -5.033795237541198730e-01 8.531436920166015625e-01 7.082803249359130859e-01 6.016955375671386719e-01 -4.737626314163208008e-01 -9.994779825210571289e-01 6.006006598472595215e-01 1.625026911497116089e-01 6.598343849182128906e-01 8.746181130409240723e-01 -3.468009531497955322e-01 9.850302338600158691e-01 9.602044224739074707e-01 9.938598275184631348e-01 -5.051057338714599609e-01 9.986211061477661133e-01 -9.352964907884597778e-02 9.831982254981994629e-01 -8.537237048149108887e-01 7.973310351371765137e-01 -9.747467637062072754e-01 7.340769767761230469e-01 9.540424942970275879e-01 9.843111038208007812e-01 -8.007962703704833984e-01 -9.830490946769714355e-01 -1.158131882548332214e-01 9.308632612228393555e-01 -8.701152168214321136e-03 -9.937766790390014648e-01 5.602455139160156250e-02 -9.876857399940490723e-01 -4.508624374866485596e-01 1.539963781833648682e-01 -3.078647851943969727e-01 -8.492952585220336914e-01 3.450108468532562256e-01 -6.089759469032287598e-01 -7.463332414627075195e-01 -4.339201748371124268e-01 9.929656386375427246e-01 9.251104593276977539e-01 -4.753116965293884277e-01 -8.836603164672851562e-01 5.810912847518920898e-01 1.966059058904647827e-01 6.473277807235717773e-01 6.592479348182678223e-02 -9.795724749565124512e-01 -1.584168672561645508e-01 -2.557774260640144348e-02 -4.160078167915344238e-01 2.580194175243377686e-01 -1.570605486631393433e-01 -5.826650857925415039e-01 -4.512822329998016357e-01 2.984822392463684082e-01 -9.303568005561828613e-01 4.475437998771667480e-01 -3.194967284798622131e-02 -2.226167619228363037e-01 -5.231539011001586914e-01 9.759299755096435547e-01 -9.633390605449676514e-02 -3.704881295561790466e-02 -4.979307949542999268e-01 7.160959839820861816e-01 6.826999783515930176e-02 7.009797096252441406e-01 7.487270236015319824e-01 -3.327011466026306152e-01 6.747458577156066895e-01 4.434113390743732452e-03 9.090257287025451660e-01 9.994653463363647461e-01 9.151141047477722168e-01 6.333875060081481934e-01 5.884041786193847656e-01 6.104562282562255859e-01 9.744002819061279297e-01 2.394042611122131348e-01 2.099685817956924438e-01 3.753295913338661194e-02 6.842741966247558594e-01 -4.102205336093902588e-01 1.112012043595314026e-01 2.614364027976989746e-01 7.301175594329833984e-01 -3.637059628963470459e-01 -3.602612912654876709e-01 -9.977752566337585449e-01 -7.783768177032470703e-01 9.258789420127868652e-01 -3.470773398876190186e-01 -9.946341514587402344e-01 -7.278941869735717773e-01 -8.952696323394775391e-01 3.953145146369934082e-01 9.846035242080688477e-01 -2.639977633953094482e-01 -9.748417735099792480e-01 1.492826342582702637e-01 7.381372898817062378e-02 9.981134533882141113e-01 -2.374205440282821655e-01 -3.475300371646881104e-01 9.988251328468322754e-01 -7.528635859489440918e-01 -9.789482951164245605e-01 9.847978353500366211e-01 1.767899394035339355e-01 8.932183980941772461e-01 5.219008922576904297e-01 -9.915201663970947266e-01 -7.234597206115722656e-01 8.821462988853454590e-01 9.876101016998291016e-01 9.878100752830505371e-01 -3.646018207073211670e-01 2.591739892959594727e-01 5.506612658500671387e-01 -9.733124375343322754e-01 -9.984852075576782227e-01 -9.987787008285522461e-01 -4.462192207574844360e-02 6.272767782211303711e-01 9.667541980743408203e-01 5.163868069648742676e-01 -9.992970824241638184e-01 -4.838526248931884766e-02 5.982854962348937988e-01 -2.920552492141723633e-01 9.941317439079284668e-01 9.981921315193176270e-01 -9.959644079208374023e-01 8.511192202568054199e-01 -5.739182233810424805e-02 -3.415320515632629395e-01 1.685398258268833160e-02 7.623989135026931763e-02 9.851520657539367676e-01 2.282999455928802490e-01 -2.093234211206436157e-01 -3.370138108730316162e-01 -7.923063039779663086e-01 3.630601763725280762e-01 9.971129298210144043e-01 9.277705550193786621e-01 -3.533210754394531250e-01 3.276299238204956055e-01 6.537894606590270996e-01 5.535784959793090820e-01 9.981253147125244141e-01 -2.464255988597869873e-01 9.413443207740783691e-01 -1.310496330261230469e-01 -9.890505075454711914e-01 -4.435974955558776855e-01 -6.431912779808044434e-01 -7.427644133567810059e-01 -4.904187917709350586e-01 3.575025498867034912e-01 -1.635047793388366699e-01 9.998383522033691406e-01 -3.173172771930694580e-01 -3.377908468246459961e-01 -5.845215320587158203e-01 4.230097234249114990e-01 4.182675182819366455e-01 3.496740162372589111e-01 -8.187620639801025391e-01 -3.674014806747436523e-01 3.548841476440429688e-01 9.888862967491149902e-01 -3.442799746990203857e-01 -3.485662937164306641e-01 9.940885305404663086e-01 6.238847970962524414e-01 -9.976159334182739258e-01 -8.031876683235168457e-01 9.998066425323486328e-01 9.519728273153305054e-02 8.754702806472778320e-01 6.816643476486206055e-01 3.198666870594024658e-01 9.902029037475585938e-01 -2.229791581630706787e-01 -4.342508316040039062e-01 -6.212690472602844238e-02 -3.603574037551879883e-01 -2.308560460805892944e-01 -3.428381383419036865e-01 -1.028344407677650452e-01 -9.995205998420715332e-01 5.942505002021789551e-01 -3.604378700256347656e-01 -1.509151756763458252e-01 -8.273122459650039673e-02 -7.808004021644592285e-01 5.371016263961791992e-01 8.285765647888183594e-01 6.003532409667968750e-01 5.086902976036071777e-01 -3.245342373847961426e-01 9.751753807067871094e-01 -7.400162816047668457e-01 1.232968494296073914e-01 7.776457667350769043e-01 -9.979685544967651367e-01 7.479184865951538086e-02 3.304778635501861572e-01 -1.846579611301422119e-01 -3.536383509635925293e-01 3.470313549041748047e-01 -1.581078320741653442e-01 -6.098485589027404785e-01 1.072617322206497192e-01 9.737808704376220703e-01 9.975925683975219727e-01 7.598162889480590820e-01 6.026808544993400574e-02 -2.947239279747009277e-01 -3.781049847602844238e-01 9.926312416791915894e-02 9.977084398269653320e-01 -9.106900691986083984e-01 1.634226888418197632e-01 3.896870911121368408e-01 2.143052965402603149e-01 -3.495193719863891602e-01 -7.686985731124877930e-01 9.906588196754455566e-01 1.197764649987220764e-01 6.424593329429626465e-01 -7.818842530250549316e-01 -5.572239160537719727e-01 -6.569417119026184082e-01 8.493842482566833496e-01 -9.915104508399963379e-01 6.079826951026916504e-01 1.312282085418701172e-01 3.143538832664489746e-01 -9.905150532722473145e-01 -9.888210892677307129e-01 7.735447883605957031e-01 -9.683023095130920410e-01 1.585532724857330322e-01 -6.822145581245422363e-01 2.130709141492843628e-01 3.469824194908142090e-01 -8.248806595802307129e-01 -8.389249444007873535e-01 -9.998503327369689941e-01 -4.004069864749908447e-01 9.133399128913879395e-01 5.858658552169799805e-01 9.976952672004699707e-01 2.987084090709686279e-01 -9.714264869689941406e-01 1.168699711561203003e-01 2.307777702808380127e-01 3.276278674602508545e-01 4.778644535690546036e-03 3.316784501075744629e-01 -9.997712969779968262e-01 1.771939396858215332e-01 -9.985122084617614746e-01 6.502371430397033691e-01 3.896748423576354980e-01 -8.917523622512817383e-01 9.329425096511840820e-01 -4.624087512493133545e-01 -1.333439201116561890e-01 1.082591786980628967e-01 -3.160468935966491699e-01 -9.839062690734863281e-01 4.396966397762298584e-01 -9.948131442070007324e-01 -9.799071550369262695e-01 -9.450291991233825684e-01 4.726985991001129150e-01 -3.765842914581298828e-01 2.148865014314651489e-01 6.135398745536804199e-01 4.122349992394447327e-02 3.884607255458831787e-01 9.882309436798095703e-01 6.592929959297180176e-01 9.585264325141906738e-01 1.355031728744506836e-01 -4.208868145942687988e-01 -2.420683763921260834e-02 8.650344014167785645e-01 -5.208980441093444824e-01 5.836081132292747498e-02 -9.909849762916564941e-01 6.170777678489685059e-01 -3.346984386444091797e-01 9.543168544769287109e-01 9.754900932312011719e-01 9.873569607734680176e-01 -9.622836112976074219e-01 -3.649342954158782959e-01 4.507477581501007080e-01 9.003117084503173828e-01 -5.443511605262756348e-01 4.152231514453887939e-01 9.124875813722610474e-02 -9.922575354576110840e-01 -9.363884329795837402e-01 2.438352406024932861e-01 -9.552881717681884766e-01 9.925599098205566406e-01 3.253449797630310059e-01 4.368483126163482666e-01 7.335491478443145752e-02 5.794229507446289062e-01 2.505562901496887207e-01 -7.596193552017211914e-01 -6.799458861351013184e-01 -6.896264553070068359e-01 -4.104575514793395996e-01 -2.079517394304275513e-02 -4.576258063316345215e-01 -9.997388124465942383e-01 2.332295626401901245e-01 -9.248567819595336914e-01 2.465168833732604980e-01 -3.420552909374237061e-01 1.419582962989807129e-01 4.317437484860420227e-02 9.754713177680969238e-01 9.923009872436523438e-01 -9.656237363815307617e-01 1.562184244394302368e-01 -3.482143580913543701e-02 1.127073541283607483e-01 5.325493812561035156e-01 -6.238268613815307617e-01 6.028688549995422363e-01 -2.581345140933990479e-01 3.553122580051422119e-01 8.914022147655487061e-02 -8.004842698574066162e-02 -9.494789242744445801e-01
-9.375222921371459961e-01 2.737524509429931641e-01 3.225391209125518799e-01 1.482561230659484863e-01 -3.924063444137573242e-01 9.702278971672058105e-01 9.984708428382873535e-01 -9.870540499687194824e-01 1.058402583003044128e-01 -8.899389505386352539e-01 4.388674497604370117e-01 -9.618553519248962402e-01 8.932845592498779297e-01 -9.878301024436950684e-01 -9.275234937667846680e-01 1.999401003122329712e-01 2.652024924755096436e-01 1.715618968009948730e-01 -4.527708888053894043e-01 -6.532893776893615723e-01 3.833947181701660156e-01 2.658831775188446045e-01 8.138523101806640625e-01 -4.114179909229278564e-01 9.973258972167968750e-01 7.721548676490783691e-01 4.070639237761497498e-02 -7.601537108421325684e-01 7.439348846673965454e-02 9.736881256103515625e-01 9.974796772003173828e-01 -4.167406857013702393e-01 3.235227763652801514e-01 -4.239087402820587158e-01 -9.367380738258361816e-01 -2.738775126636028290e-02 -5.600469708442687988e-01 1.707492619752883911e-01 8.129001259803771973e-01 -3.786463737487792969e-01 -1.326220631599426270e-01 1.314772814512252808e-01 3.257634043693542480e-01 -9.694431424140930176e-01 2.016476392745971680e-01 7.126446962356567383e-01 -9.672985076904296875e-01 1.440714150667190552e-01 4.502640664577484131e-01 1.459408700466156006e-01 9.858618974685668945e-01 -3.515141010284423828e-01 9.948287010192871094e-01 -1.892346143722534180e-01 7.202000170946121216e-02 7.948939502239227295e-02 -1.529301255941390991e-01 5.510066822171211243e-02 -9.798894524574279785e-01 -1.646368056535720825e-01 -3.562105894088745117e-01 -1.220071539282798767e-01 8.767383098602294922e-01 1.950194388628005981e-01 2.564395666122436523e-01 -9.990313053131103516e-01 8.323560357093811035e-01 7.247030735015869141e-01 -2.821876108646392822e-02 -8.154103159904479980e-01 9.746811389923095703e-01 8.704028725624084473e-01 -2.128163576126098633e-01 -4.857113957405090332e-01 -9.283948540687561035e-01 -7.861617207527160645e-02 -4.137916564941406250e-01 8.382494449615478516e-01 -1.893360167741775513e-01 8.747114241123199463e-02 -9.690907001495361328e-01 3.352436721324920654e-01 9.970601797103881836e-01 -6.594178080558776855e-01 9.736829996109008789e-01 -9.123516082763671875e-01 3.277337849140167236e-01 1.109144166111946106e-01 -3.520000278949737549e-01 -2.365395426750183105e-02 -9.707687497138977051e-01 -4.004925787448883057e-01 2.167651653289794922e-01 -9.901448488235473633e-01 -9.497929811477661133e-01 -9.003838300704956055e-01 9.342210292816162109e-01 -6.203897669911384583e-02 -9.677054286003112793e-01 -5.349037051200866699e-01 8.565497994422912598e-01 -9.946165680885314941e-01 -9.617871046066284180e-01 -1.686231791973114014e-01 -8.974623680114746094e-02 1.673776060342788696e-01 9.694138169288635254e-01 1.671186387538909912e-01 1.339522451162338257e-01 -4.669059514999389648e-01 -1.826700121164321899e-01 3.732127547264099121e-01 7.596299648284912109e-01 -9.844461679458618164e-01 -2.014692127704620361e-01 -4.268739372491836548e-02 -7.024846673011779785e-01 9.742690920829772949e-01 1.091379746794700623e-01 9.985517263412475586e-01 -7.480631470680236816e-01 4.514017328619956970e-02 -8.889184594154357910e-01 9.951593875885009766e-01 -1.424523890018463135e-01 -1.464718282222747803e-01 -4.303016066551208496e-01 1.660822629928588867e-01 -4.024319052696228027e-01 -5.285673141479492188e-01 9.877692461013793945e-01 9.992500543594360352e-01 8.296911716461181641e-01 2.085123807191848755e-01 6.116620302200317383e-01 -9.988071322441101074e-01 9.893679022789001465e-01 -9.943044185638427734e-01 9.700343608856201172e-01 4.989992082118988037e-02 9.998683929443359375e-01 2.733718156814575195e-01 -2.390032857656478882e-01 3.175017237663269043e-02 -6.005637347698211670e-02 6.942648887634277344e-01 -8.164219260215759277e-01 9.771780967712402344e-01 -4.305909574031829834e-01 -1.125516891479492188e-01 -6.937462091445922852e-02 -2.464196234941482544e-01 9.114107489585876465e-01 -1.143928244709968567e-01 1.818546205759048462e-01 -2.826165854930877686e-01 -9.352216720581054688e-01 -6.151839718222618103e-02 -1.150671690702438354e-01 -6.378819048404693604e-02 -5.666025355458259583e-02 2.052699625492095947e-01 -1.783653646707534790e-01 -3.120157420635223389e-01 9.999663233757019043e-01 -3.076226450502872467e-02 -6.449598073959350586e-02 -3.674582242965698242e-01 9.875875115394592285e-01 8.600318431854248047e-01 2.735465168952941895e-01 -7.066969275474548340e-01 -9.971942901611328125e-01 -9.675465226173400879e-01 6.271290183067321777e-01 2.023068517446517944e-01 8.288903236389160156e-01 2.106266329064965248e-03 9.968795180320739746e-01 9.951716661453247070e-01 9.861788153648376465e-01 -4.467138350009918213e-01 9.990413784980773926e-01 -8.539950251579284668e-01 9.155635833740234375e-01 -8.582934141159057617e-01 -1.843827217817306519e-02 -3.245242238044738770e-01 1.646316796541213989e-01 3.660098016262054443e-01 -5.970316529273986816e-01 -9.974975585937500000e-01 -8.667353987693786621e-01 3.854542076587677002e-01 9.357076883316040039e-01 5.092468578368425369e-03 -9.497337341308593750e-01 -9.858741164207458496e-01 -9.827869534492492676e-01 -1.377349495887756348e-01 -4.781847447156906128e-02 9.904186241328716278e-03 -2.058086693286895752e-01 4.640631377696990967e-01 -3.760513365268707275e-01 1.304395198822021484e-01 5.144478753209114075e-02 9.971321821212768555e-01 9.709470868110656738e-01 -9.948492795228958130e-02 3.842415511608123779e-01 3.273623585700988770e-01 1.532398462295532227e-01 4.300847053527832031e-01 9.863417744636535645e-01 -9.975128769874572754e-01 7.423557639122009277e-01 6.446571946144104004e-01 9.661626219749450684e-01 -2.510734200477600098e-01 -7.056520581245422363e-01 -2.800555527210235596e-01 -6.559653878211975098e-01 1.474212706089019775e-01 8.927962183952331543e-01 6.079108715057373047e-01 -9.783245325088500977e-01 6.016189604997634888e-02 -2.874078750610351562e-01 9.867771267890930176e-01 1.651904135942459106e-01 -2.160538546741008759e-02 -3.474975526332855225e-01 4.455811977386474609e-01 9.049334526062011719e-01 4.913603961467742920e-01 2.984418906271457672e-02 -5.285939574241638184e-01 9.055085480213165283e-02 -1.807512640953063965e-01 7.899397015571594238e-01 9.998926520347595215e-01 -6.993581652641296387e-01 8.160837292671203613e-01 9.810776114463806152e-01 -1.091775149106979370e-01 9.462562203407287598e-01 1.226266250014305115e-01 -4.350749850273132324e-01 3.179788291454315186e-01 1.935306042432785034e-01 -7.398476451635360718e-02 -4.663080573081970215e-01 2.312931716442108154e-01 9.926747679710388184e-01 -5.349013209342956543e-02 -3.064539730548858643e-01 -9.977065324783325195e-01 3.122470676898956299e-01 7.994109988212585449e-01 9.089887887239456177e-02 -9.934265017509460449e-01 -2.172574549913406372e-01 -6.758168339729309082e-01 -2.157288044691085815e-01 9.926073551177978516e-01 9.056023955345153809e-01 -9.926022291183471680e-01 9.736768901348114014e-02 -1.854149848222732544e-01 9.947372078895568848e-01 1.097999606281518936e-02 -7.808247208595275879e-01 9.978199601173400879e-01 -4.695202112197875977e-01 -9.980297088623046875e-01 9.988441467285156250e-01 2.175113707780838013e-01 8.615537881851196289e-01 4.512623250484466553e-01 -9.993861913681030273e-01 -8.340454697608947754e-01 8.293862938880920410e-01 9.884423017501831055e-01 9.847849011421203613e-01 -1.765687018632888794e-02 -2.087383158504962921e-02 1.478967368602752686e-01 -9.983820915222167969e-01 -9.997901916503906250e-01 -9.868689775466918945e-01 1.429380774497985840e-01 1.089487820863723755e-01 9.704409241676330566e-01 9.928849339485168457e-01 -9.978938102722167969e-01 -1.272130608558654785e-01 9.555807709693908691e-01 1.420266032218933105e-01 9.805171489715576172e-01 9.946365356445312500e-01 -8.163567185401916504e-01 -5.350102782249450684e-01 9.643669128417968750e-01 -1.662831604480743408e-01 -6.165506839752197266e-01 3.135468959808349609e-01 9.993570446968078613e-01 -5.817399024963378906e-01 2.969293892383575439e-01 -3.003518879413604736e-01 -4.729880988597869873e-01 3.899392187595367432e-01 9.907671809196472168e-01 9.908788800239562988e-01 -2.043115645647048950e-01 8.532281033694744110e-03 1.422270238399505615e-01 -8.543020486831665039e-02 9.915617704391479492e-01 -1.138408631086349487e-01 9.557525515556335449e-01 -2.533602714538574219e-01 -9.530174732208251953e-01 -4.009858369827270508e-01 -5.055556297302246094e-01 1.856765598058700562e-01 7.162443399429321289e-01 -9.702506065368652344e-01 7.232290506362915039e-01 9.994552135467529297e-01 -1.203814372420310974e-01 3.208710551261901855e-01 -7.875604629516601562e-01 -1.698849201202392578e-01 3.950117230415344238e-01 4.425621330738067627e-01 -4.375313222408294678e-01 -9.604266881942749023e-01 4.567864835262298584e-01 9.917494058609008789e-01 -1.781020164489746094e-01 1.795472763478755951e-02 9.970890879631042480e-01 5.485842227935791016e-01 -9.970173835754394531e-01 9.042459130287170410e-01 9.998093843460083008e-01 7.466360926628112793e-03 9.675624370574951172e-01 5.325011014938354492e-01 1.040987204760313034e-03 3.206028938293457031e-01 -2.411575317382812500e-01 9.701040387153625488e-01 -1.013642270117998123e-02 5.130050182342529297e-01 8.349253982305526733e-02 -6.593778729438781738e-01 4.438388645648956299e-01 -9.991672039031982422e-01 -9.653470516204833984e-01 -1.868957839906215668e-02 -9.932659566402435303e-02 4.041945338249206543e-01 -6.982164978981018066e-01 -9.730835556983947754e-01 -8.398909866809844971e-02 1.601249873638153076e-01 2.310906052589416504e-01 -1.720759123563766479e-01 9.874211549758911133e-01 -3.574555218219757080e-01 5.383242368698120117e-01 5.273442268371582031e-01 -9.970650672912597656e-01 -1.146591380238533020e-01 2.618810534477233887e-01 -3.333955109119415283e-01 -1.051309630274772644e-01 4.461083412170410156e-01 -1.891130357980728149e-01 -1.122978851199150085e-01 -3.946499824523925781e-01 9.981290698051452637e-01 8.966681361198425293e-01 3.647146821022033691e-01 -1.850763335824012756e-02 8.827368617057800293e-01 -2.377506941556930542e-01 -1.489105224609375000e-01 9.810915589332580566e-01 -9.967125654220581055e-01 -3.582179844379425049e-01 5.826275050640106201e-02 -1.029102504253387451e-01 -1.242831125855445862e-01 -6.510167121887207031e-01 9.878912568092346191e-01 -2.276303470134735107e-01 -2.752317488193511963e-01 -7.971447706222534180e-01 8.851196169853210449e-01 -3.757613003253936768e-01 9.890011548995971680e-01 -9.684773087501525879e-01 -9.326301217079162598e-01 -1.249119564890861511e-01 1.847501993179321289e-01 -9.912664890289306641e-01 -9.676119685173034668e-01 8.943223357200622559e-01 -9.762001633644104004e-01 3.035981953144073486e-01 -8.277049660682678223e-01 3.321439325809478760e-01 1.508214771747589111e-01 2.635017633438110352e-01 3.171943360939621925e-03 -9.645334482192993164e-01 -2.081614881753921509e-01 8.938278555870056152e-01 1.336310058832168579e-01 9.974410533905029297e-01 7.334595918655395508e-02 -8.999118208885192871e-01 3.320525586605072021e-01 1.782581396400928497e-02 4.356853067874908447e-01 2.582224905490875244e-01 2.908223569393157959e-01 -9.971395730972290039e-01 6.285329461097717285e-01 -9.986832737922668457e-01 -9.970345497131347656e-01 -7.251179963350296021e-02 -9.224180579185485840e-01 -7.622817158699035645e-01 -3.923771679401397705e-01 -2.182682007551193237e-01 4.093296080827713013e-02 -9.635974168777465820e-01 -9.140907526016235352e-01 -2.106100916862487793e-01 -9.753514528274536133e-01 -9.662595987319946289e-01 -9.963080286979675293e-01 1.401670873165130615e-01 -4.261341691017150879e-02 -1.489282548427581787e-01 4.884478747844696045e-01 -6.366051733493804932e-02 -3.282046914100646973e-01 9.913425445556640625e-01 3.986894786357879639e-01 9.922061562538146973e-01 1.789682060480117798e-01 1.551159620285034180e-01 -4.084548056125640869e-01 9.965085983276367188e-01 -9.322832226753234863e-01 5.788750052452087402e-01 -9.896156191825866699e-01 3.081481158733367920e-01 9.681916832923889160e-01 9.982930421829223633e-01 9.765185117721557617e-01 9.961043596267700195e-01 -9.963904619216918945e-01 -2.275671660900115967e-01 5.108736157417297363e-01 9.586290270090103149e-02 9.082114696502685547e-01 2.816182374954223633e-01 6.648792326450347900e-02 -9.978678226470947266e-01 -8.458201885223388672e-01 1.554987430572509766e-01 -9.992035031318664551e-01 9.969009160995483398e-01 -9.707611054182052612e-02 1.581967175006866455e-01 4.799087345600128174e-02 -8.746594190597534180e-03 -3.051866292953491211e-01 -7.499958872795104980e-01 -9.844354391098022461e-01 -3.070425093173980713e-01 -2.030041813850402832e-01 7.137567549943923950e-02 -1.994654685258865356e-01 -9.999513626098632812e-01 -9.812424182891845703e-01 -3.982014358043670654e-01 1.408253759145736694e-01 -3.597347736358642578e-01 -1.881032288074493408e-01 4.498374089598655701e-02 4.885166287422180176e-01 9.989616870880126953e-01 -9.974971413612365723e-01 3.978371992707252502e-02 -1.450963467359542847e-01 6.327681988477706909e-02 -2.250372320413589478e-01 -8.904179930686950684e-01 9.009255766868591309e-01 6.732352972030639648e-01 5.436818599700927734e-01 -3.767544031143188477e-02 -2.167595922946929932e-01 3.234618157148361206e-02
-7.164404988288879395e-01 7.301323413848876953e-01 4.862334206700325012e-02 -2.015285566449165344e-02 -1.578484922647476196e-01 8.626036643981933594e-01 9.791705608367919922e-01 -9.887453913688659668e-01 7.687749713659286499e-02 -9.970502257347106934e-01 6.014366745948791504e-01 -9.972429275512695312e-01 5.522336363792419434e-01 -9.672251939773559570e-01 -7.908401489257812500e-01 4.870990812778472900e-01 2.018917649984359741e-01 -1.321557313203811646e-01 -7.447159290313720703e-01 -4.155483543872833252e-01 7.333379387855529785e-01 1.998376697301864624e-01 -3.879894614219665527e-01 -7.939108014106750488e-01 9.994424581527709961e-01 9.719953536987304688e-01 -2.025266140699386597e-01 -5.593700408935546875e-01 1.174561232328414917e-01 9.858049750328063965e-01 9.731212854385375977e-01 -4.267687797546386719e-01 2.218900918960571289e-01 3.548956513404846191e-01 -9.428997635841369629e-01 -1.576930098235607147e-02 -4.387873709201812744e-01 -3.180195111781358719e-03 9.827298521995544434e-01 -2.147671133279800415e-01 1.592523008584976196e-01 7.444242388010025024e-02 4.723182618618011475e-01 -9.992374777793884277e-01 -1.497552543878555298e-01 5.830677747726440430e-01 -9.697934389114379883e-01 1.742936670780181885e-01 9.351355433464050293e-01 9.577874839305877686e-02 9.976797103881835938e-01 -1.695277243852615356e-01 9.484702944755554199e-01 -2.338055819272994995e-01 3.103388845920562744e-01 1.003388687968254089e-01 3.481404483318328857e-02 -9.583392180502414703e-03 -9.993686676025390625e-01 -6.230357885360717773e-01 -3.656766414642333984e-01 -3.594098612666130066e-02 9.892467856407165527e-01 2.396113723516464233e-01 2.381177991628646851e-01 -9.950907826423645020e-01 9.375001192092895508e-01 9.079451560974121094e-01 -8.737155050039291382e-02 -3.741761669516563416e-02 9.916898608207702637e-01 9.554971456527709961e-01 -4.365065991878509521e-01 -9.561402797698974609e-01 -9.012168645858764648e-01 -5.884873270988464355e-01 -2.488701194524765015e-01 9.885648488998413086e-01 2.004800289869308472e-01 3.326731324195861816e-01 -7.822530269622802734e-01 3.861353993415832520e-01 9.994578361511230469e-01 -9.149696826934814453e-01 9.976039528846740723e-01 -9.964704513549804688e-01 2.242821902036666870e-01 2.667279839515686035e-01 9.735932946205139160e-02 -6.284992210566997528e-03 -9.970543980598449707e-01 3.115366213023662567e-03 5.739889740943908691e-01 -9.926121830940246582e-01 -9.888725876808166504e-01 -7.294684052467346191e-01 9.650557637214660645e-01 -6.129088252782821655e-02 -9.453760385513305664e-01 -3.715745210647583008e-01 8.127449154853820801e-01 -8.335642218589782715e-01 -1.608116477727890015e-01 -1.259401589632034302e-01 -2.201138809323310852e-02 2.126365005970001221e-01 9.772657155990600586e-01 1.989321410655975342e-01 6.538570672273635864e-02 -8.888090848922729492e-01 1.978455111384391785e-04 6.365315318107604980e-01 5.894453525543212891e-01 -9.984128475189208984e-01 1.784861236810684204e-01 1.472695767879486084e-01 -5.859399437904357910e-01 6.697955727577209473e-01 -6.536091864109039307e-02 9.897165298461914062e-01 -7.665888071060180664e-01 6.426659822463989258e-01 -9.929656386375427246e-01 9.892905354499816895e-01 -3.446279838681221008e-02 4.156327992677688599e-02 -9.074793457984924316e-01 1.705725342035293579e-01 -6.836413145065307617e-01 -4.177889227867126465e-02 9.290710091590881348e-01 9.927825927734375000e-01 4.272736907005310059e-01 -1.610697060823440552e-01 4.384594857692718506e-01 -7.549602389335632324e-01 9.881551861763000488e-01 -9.984936714172363281e-01 8.462275266647338867e-01 -1.107847914099693298e-01 9.999921917915344238e-01 4.813263416290283203e-01 -1.823089271783828735e-01 4.913670718669891357e-01 -2.729071080684661865e-01 9.642398357391357422e-01 -9.096953868865966797e-01 9.781998395919799805e-01 -2.973600327968597412e-01 -6.190983057022094727e-01 -3.752422705292701721e-02 -1.314074397087097168e-01 9.406716227531433105e-01 -2.292235642671585083e-01 1.471306569874286652e-02 1.505678743124008179e-01 -9.721010923385620117e-01 5.491392016410827637e-01 1.105530261993408203e-01 -1.912975683808326721e-02 -2.040908783674240112e-01 9.278577566146850586e-02 -1.129941344261169434e-01 -3.812488615512847900e-01 9.999501705169677734e-01 6.090385317802429199e-01 1.864963173866271973e-01 -5.886971950531005859e-01 9.277929663658142090e-01 -1.307571120560169220e-02 1.284596472978591919e-01 -9.743189811706542969e-01 -9.725414514541625977e-01 -9.835348725318908691e-01 7.724950909614562988e-01 2.024946510791778564e-01 -5.463998317718505859e-01 -1.250406075268983841e-02 9.994834065437316895e-01 9.983683228492736816e-01 9.731660485267639160e-01 -1.433802843093872070e-01 9.995301961898803711e-01 -8.636364340782165527e-01 1.990571320056915283e-01 -7.745066285133361816e-01 -9.390413761138916016e-01 -9.225960969924926758e-01 2.544057369232177734e-01 7.965736389160156250e-01 -3.348921835422515869e-01 -9.935976862907409668e-01 -9.651001691818237305e-01 8.099569380283355713e-02 9.301783442497253418e-01 2.761090993881225586e-01 -9.941845536231994629e-01 -9.985728263854980469e-01 -4.521195963025093079e-02 1.373467445373535156e-01 5.771805644035339355e-01 -4.769646823406219482e-01 9.800028800964355469e-02 1.699238270521163940e-01 -3.654969111084938049e-02 7.970591187477111816e-01 1.815844774246215820e-01 9.976377487182617188e-01 9.622547030448913574e-01 -9.714236110448837280e-02 -5.854914188385009766e-01 2.012987434864044189e-01 -1.614699661731719971e-01 7.250407934188842773e-01 9.973834156990051270e-01 -5.158295035362243652e-01 9.305838942527770996e-01 7.561514377593994141e-01 9.902713298797607422e-01 1.166441589593887329e-01 -8.802291750907897949e-01 -1.085917800664901733e-01 -9.378321170806884766e-01 -3.222139775753021240e-01 7.232708334922790527e-01 6.049616336822509766e-01 -9.968594908714294434e-01 2.691228389739990234e-01 3.549944162368774414e-01 9.916959404945373535e-01 2.146343290805816650e-01 2.261835932731628418e-01 -3.690114021301269531e-01 -2.209554165601730347e-01 9.308146238327026367e-01 5.292335748672485352e-01 -9.582474231719970703e-01 -4.524255096912384033e-01 8.601242303848266602e-02 9.965976327657699585e-02 8.255226016044616699e-01 9.999889135360717773e-01 -8.575357794761657715e-01 9.929544329643249512e-01 9.786531329154968262e-01 4.031473994255065918e-01 9.081799983978271484e-01 6.471015512943267822e-02 2.787371277809143066e-01 -4.271169006824493408e-01 2.625952064990997314e-01 4.546139240264892578e-01 -4.137943387031555176e-01 -1.280224025249481201e-01 9.991046786308288574e-01 -5.808326601982116699e-02 -2.632677853107452393e-01 -9.710384011268615723e-01 5.705894231796264648e-01 2.345703989267349243e-01 -3.148663938045501709e-01 -9.997825026512145996e-01 1.326246839016675949e-02 -9.442268610000610352e-01 3.048327751457691193e-02 9.957087635993957520e-01 9.831280708312988281e-01 -9.210351705551147461e-01 4.425600171089172363e-01 4.431151598691940308e-02 9.999111890792846680e-01 -2.992598116397857666e-01 -9.732356667518615723e-01 9.999772310256958008e-01 -4.591237902641296387e-01 -9.995802640914916992e-01 9.976013898849487305e-01 -2.327799350023269653e-01 7.894222140312194824e-01 4.494533240795135498e-01 -9.996790289878845215e-01 -9.297485351562500000e-01 9.624583721160888672e-01 9.992409348487854004e-01 7.870281934738159180e-01 -1.630983799695968628e-01 -1.174880117177963257e-01 -1.478043347597122192e-01 -9.992759227752685547e-01 -9.994712471961975098e-01 -6.861665844917297363e-01 -1.669863238930702209e-02 6.815189719200134277e-01 9.879242777824401855e-01 9.981935024261474609e-01 -9.998567104339599609e-01 1.300658732652664185e-01 8.884592652320861816e-01 7.790083438158035278e-02 9.934235215187072754e-01 9.949026703834533691e-01 -9.978597760200500488e-01 -7.687215209007263184e-01 9.837986230850219727e-01 -1.243638768792152405e-01 -3.225700259208679199e-01 -2.861986458301544189e-01 9.939907193183898926e-01 5.642545223236083984e-01 3.068851530551910400e-01 4.371202886104583740e-01 7.326597571372985840e-01 1.209569051861763000e-01 9.961216449737548828e-01 9.771274924278259277e-01 -2.970903739333152771e-02 1.011809036135673523e-01 1.671936176717281342e-02 -5.511415749788284302e-02 9.994882941246032715e-01 1.457619965076446533e-01 7.493571043014526367e-01 -2.000250518321990967e-01 8.328533172607421875e-02 -4.191922545433044434e-01 -5.499336719512939453e-01 -7.481756806373596191e-01 6.697705984115600586e-01 -9.971646070480346680e-01 7.323861718177795410e-01 9.998980760574340820e-01 1.359328478574752808e-01 2.223050892353057861e-01 3.187164068222045898e-01 1.596711426973342896e-01 1.368912681937217712e-02 3.859550356864929199e-01 1.608292013406753540e-01 -9.842878580093383789e-01 5.877025723457336426e-01 9.848422408103942871e-01 2.929123304784297943e-02 -1.788399070501327515e-01 9.665955901145935059e-01 1.118630915880203247e-01 -7.452145814895629883e-01 9.572626948356628418e-01 9.999355077743530273e-01 -2.686569653451442719e-02 9.873987436294555664e-01 4.820778071880340576e-01 -5.465376377105712891e-01 5.328375697135925293e-01 -6.475842744112014771e-02 9.892538189888000488e-01 3.112098760902881622e-02 -6.700319051742553711e-01 1.059040799736976624e-01 -2.195470631122589111e-01 1.593161188066005707e-02 -9.962143898010253906e-01 -9.823203086853027344e-01 -3.147369921207427979e-01 -2.297805547714233398e-01 1.303994804620742798e-01 -9.820444583892822266e-01 -9.880860447883605957e-01 3.703980147838592529e-01 -1.810913532972335815e-01 1.831132918596267700e-01 3.818591237068176270e-01 9.266173243522644043e-01 2.236256748437881470e-01 4.342920780181884766e-01 -6.607388257980346680e-01 -9.999274015426635742e-01 1.634180545806884766e-01 2.108708173036575317e-01 2.358027547597885132e-01 1.133157238364219666e-01 9.881488084793090820e-01 -3.325149416923522949e-01 -9.791539311408996582e-01 1.967605650424957275e-01 9.992876648902893066e-01 3.790681958198547363e-01 3.220444321632385254e-01 -8.034957200288772583e-02 9.823711514472961426e-01 8.327951282262802124e-02 -3.900576531887054443e-01 9.968472123146057129e-01 -9.992622137069702148e-01 -4.792301952838897705e-01 -3.138654828071594238e-01 1.949036866426467896e-01 -2.036237865686416626e-01 -6.506889462471008301e-01 9.905731081962585449e-01 -5.559217557311058044e-02 -8.639488369226455688e-03 -2.880366444587707520e-01 9.424789547920227051e-01 -6.182238459587097168e-01 9.903919100761413574e-01 -9.242877364158630371e-01 -9.673143029212951660e-01 -3.410137891769409180e-01 2.387322187423706055e-01 -9.971774220466613770e-01 -8.646423220634460449e-01 -7.174736261367797852e-01 -9.875788688659667969e-01 2.536656260490417480e-01 -6.275863200426101685e-02 3.892291486263275146e-01 3.080687485635280609e-02 -3.279338777065277100e-01 -4.261099994182586670e-01 -9.962712526321411133e-01 -2.995640933513641357e-01 2.998309135437011719e-01 1.597720943391323090e-02 9.810262322425842285e-01 1.043146401643753052e-01 -9.880787134170532227e-01 3.981030285358428955e-01 1.051947125233709812e-03 1.381592825055122375e-02 8.117019385099411011e-02 -4.203377068042755127e-01 -9.989597797393798828e-01 7.698881626129150391e-01 -9.996570348739624023e-01 -9.977836012840270996e-01 3.862439990043640137e-01 -9.789760708808898926e-01 -9.432859420776367188e-01 -4.300220608711242676e-01 -3.820049762725830078e-02 2.292134016752243042e-01 -9.977367520332336426e-01 -9.526695609092712402e-01 7.057933211326599121e-01 -9.971672892570495605e-01 -9.948674440383911133e-01 -9.871983528137207031e-01 6.781728267669677734e-01 -4.797076582908630371e-01 6.209743767976760864e-02 6.134989485144615173e-02 -1.490200757980346680e-01 1.537643373012542725e-01 9.998277425765991211e-01 4.545070528984069824e-01 9.898418188095092773e-01 -2.785587608814239502e-01 -4.198960959911346436e-01 -4.638812839984893799e-01 9.875748753547668457e-01 -4.871751666069030762e-01 2.512865141034126282e-02 -9.992968440055847168e-01 4.413942992687225342e-01 9.973295927047729492e-01 9.978365898132324219e-01 9.571197628974914551e-01 9.730166196823120117e-01 -9.886558055877685547e-01 -2.948978841304779053e-01 2.425569891929626465e-01 6.006412506103515625e-01 9.461741447448730469e-01 3.215080201625823975e-01 2.027511149644851685e-01 -9.971221685409545898e-01 -9.948733448982238770e-01 4.410292208194732666e-01 -9.858985543251037598e-01 9.936529397964477539e-01 -3.508555889129638672e-01 3.234104216098785400e-01 -1.754554063081741333e-01 -1.493039540946483612e-02 5.004116892814636230e-01 -9.666515588760375977e-01 -9.968834519386291504e-01 -6.737378835678100586e-01 -4.251417815685272217e-01 -2.962465286254882812e-01 2.239437401294708252e-01 -9.999950528144836426e-01 -8.622813820838928223e-01 -8.620132207870483398e-01 3.229849338531494141e-01 -9.265083074569702148e-02 3.119150735437870026e-02 5.716275572776794434e-01 -4.922604858875274658e-01 9.990893006324768066e-01 -8.872245550155639648e-01 -9.376710653305053711e-02 -3.568337261676788330e-01 -3.963808119297027588e-01 -1.463799327611923218e-01 -9.519941806793212891e-01 9.341683983802795410e-02 -9.962207078933715820e-02 2.289090752601623535e-01 -1.992838978767395020e-01 7.280392572283744812e-03 -2.057993412017822266e-01
7.388652563095092773e-01 -7.969338297843933105e-01 2.163973897695541382e-01 4.417310655117034912e-01 -5.128223896026611328e-01 9.247751832008361816e-01 9.595793485641479492e-01 -9.515061378479003906e-01 2.623846381902694702e-02 -9.897089004516601562e-01 2.977015683427453041e-03 -9.755813479423522949e-01 -6.833980232477188110e-02 -7.934272289276123047e-01 -7.502313852310180664e-01 3.708753585815429688e-01 -1.370218992233276367e-01 3.471697568893432617e-01 -6.340406537055969238e-01 -2.797759473323822021e-01 3.219227492809295654e-01 3.480437770485877991e-02 7.559835314750671387e-01 -2.844352088868618011e-02 9.848840236663818359e-01 7.303274869918823242e-01 -2.270713001489639282e-01 -3.832683563232421875e-01 -2.145626209676265717e-02 9.075101017951965332e-01 9.962190389633178711e-01 -5.420893430709838867e-01 4.918201640248298645e-02 -2.156001925468444824e-01 -9.609672427177429199e-01 -2.173233330249786377e-01 -4.644853472709655762e-01 -1.162683367729187012e-01 9.894131422042846680e-01 -1.217964366078376770e-01 2.264590859413146973e-01 1.433310508728027344e-01 4.798625409603118896e-01 -9.990821480751037598e-01 1.890793293714523315e-01 5.950328111648559570e-01 -9.943926334381103516e-01 -2.640102431178092957e-02 -5.495589375495910645e-01 2.470099627971649170e-01 3.656000494956970215e-01 1.580969840288162231e-01 9.937372803688049316e-01 -3.690058887004852295e-01 2.258061021566390991e-01 3.274943530559539795e-01 -1.244623363018035889e-01 3.423734605312347412e-01 -9.977013468742370605e-01 6.999977231025695801e-01 -1.865072548389434814e-01 1.471782326698303223e-01 9.937941431999206543e-01 -1.238374561071395874e-01 1.708273142576217651e-01 -9.942279458045959473e-01 7.849982380867004395e-01 5.867658257484436035e-01 2.449500188231468201e-02 8.221632242202758789e-01 9.194532036781311035e-01 8.699988126754760742e-01 -6.848413348197937012e-01 -9.009420275688171387e-01 -9.445123076438903809e-01 -3.066589832305908203e-01 -2.973107397556304932e-01 -9.690389037132263184e-02 1.906228512525558472e-01 1.703876070678234100e-02 -9.567994475364685059e-01 1.727247238159179688e-02 9.966182112693786621e-01 -8.741843104362487793e-01 9.202288985252380371e-01 -9.991817474365234375e-01 3.757852911949157715e-01 4.294127821922302246e-01 -1.913306117057800293e-01 -1.482426524162292480e-01 -9.334204792976379395e-01 -2.824983298778533936e-01 5.570372343063354492e-01 -3.429152369499206543e-01 -8.227448463439941406e-01 1.148042157292366028e-01 9.623743891716003418e-01 -1.865954548120498657e-01 -9.532535076141357422e-01 -3.828873336315155029e-01 9.046257734298706055e-01 1.610081046819686890e-01 -7.617674469947814941e-01 -3.888071775436401367e-01 -2.300500422716140747e-01 -4.099018499255180359e-02 9.819359779357910156e-01 3.805209696292877197e-01 -3.637388050556182861e-01 -9.429305791854858398e-01 -2.618739008903503418e-01 5.534895062446594238e-01 1.079045757651329041e-01 -9.667233824729919434e-01 -2.279508709907531738e-01 1.731305569410324097e-01 -9.800321459770202637e-01 9.412015676498413086e-01 1.470586210489273071e-01 8.794481754302978516e-01 -7.037422060966491699e-01 -3.401232957839965820e-01 -9.517916440963745117e-01 9.885906577110290527e-01 5.929974466562271118e-02 -1.647600084543228149e-01 -9.984977245330810547e-01 -7.794024795293807983e-02 -3.978624939918518066e-01 -4.211636781692504883e-01 2.805673778057098389e-01 8.256044387817382812e-01 9.949217438697814941e-01 1.863450855016708374e-01 2.526853382587432861e-01 -9.968079924583435059e-01 9.890856146812438965e-01 -9.877389669418334961e-01 -3.645386993885040283e-01 -2.306577190756797791e-02 9.998433589935302734e-01 2.358748614788055420e-01 -3.997215926647186279e-01 1.751331686973571777e-01 -1.584203094244003296e-01 6.024775505065917969e-01 -9.710042476654052734e-01 9.979920983314514160e-01 2.081706672906875610e-01 -1.954343318939208984e-01 8.807718753814697266e-02 -2.390311807394027710e-01 9.450440406799316406e-01 -1.320352405309677124e-01 1.864411830902099609e-01 -2.509245872497558594e-01 -8.394014835357666016e-01 -6.739520430564880371e-01 -2.621632814407348633e-01 1.295539587736129761e-01 2.364213019609451294e-01 8.042266219854354858e-02 1.217677891254425049e-01 -2.796868383884429932e-01 9.999485015869140625e-01 -7.669062912464141846e-02 1.729463189840316772e-01 -5.218295454978942871e-01 9.926902055740356445e-01 -3.139813542366027832e-01 1.161192357540130615e-01 -6.359009146690368652e-01 -9.480007886886596680e-01 -9.111224412918090820e-01 7.382762432098388672e-01 8.607206493616104126e-02 -7.458675503730773926e-01 -7.988096773624420166e-02 9.873088002204895020e-01 9.999011754989624023e-01 9.889659881591796875e-01 -2.962811887264251709e-01 8.171749114990234375e-01 -8.834358453750610352e-01 -1.597066670656204224e-01 3.974508345127105713e-01 -6.617090106010437012e-01 -4.133637845516204834e-01 3.070583045482635498e-01 9.868531823158264160e-01 -6.742484569549560547e-01 -9.879731535911560059e-01 1.077624559402465820e-01 2.000358253717422485e-01 9.838932752609252930e-01 -7.220674306154251099e-02 -9.969844222068786621e-01 -9.630925059318542480e-01 -8.583853840827941895e-01 -3.327537328004837036e-02 -1.910402774810791016e-01 -1.047368124127388000e-01 -8.448837399482727051e-01 2.726363241672515869e-01 -1.849027276039123535e-01 -5.927952378988265991e-02 -1.122102066874504089e-01 9.990082383155822754e-01 9.682306647300720215e-01 -8.619969710707664490e-03 -7.148094177246093750e-01 -5.440349578857421875e-01 1.548394411802291870e-01 7.080495953559875488e-01 9.653511047363281250e-01 4.770261943340301514e-01 9.161069393157958984e-01 3.752322494983673096e-01 8.871974349021911621e-01 -2.493935227394104004e-01 -8.923122882843017578e-01 -2.543833851814270020e-01 4.360642433166503906e-01 2.566812336444854736e-01 -9.358887672424316406e-01 -8.463727831840515137e-01 -9.869018793106079102e-01 1.035418808460235596e-01 7.815374732017517090e-01 9.529981613159179688e-01 1.652382165193557739e-01 1.597608625888824463e-01 -1.717717647552490234e-01 2.993483543395996094e-01 9.441336393356323242e-01 4.152410477399826050e-02 5.519490242004394531e-01 -2.097892612218856812e-01 9.461390227079391479e-02 -2.094455063343048096e-02 5.921859145164489746e-01 9.999062418937683105e-01 -7.675904035568237305e-01 7.971737980842590332e-01 9.877302646636962891e-01 5.662323161959648132e-02 9.466372728347778320e-01 -2.573713660240173340e-01 2.376840859651565552e-01 1.576444506645202637e-01 3.028072416782379150e-01 -2.467177994549274445e-02 -4.000340402126312256e-01 -9.312689304351806641e-02 9.923286437988281250e-01 -1.697421818971633911e-01 -2.902161478996276855e-01 -9.896240234375000000e-01 4.192300885915756226e-02 4.446498751640319824e-01 -3.547041118144989014e-01 -9.360210299491882324e-01 -1.894050985574722290e-01 -7.618020772933959961e-01 -2.649139463901519775e-01 9.959651231765747070e-01 9.868375062942504883e-01 -9.492856264114379883e-01 -6.183508783578872681e-02 -1.762341707944869995e-01 9.999495744705200195e-01 1.066602617502212524e-01 -9.808402061462402344e-01 9.994252324104309082e-01 -6.610216498374938965e-01 -9.934306144714355469e-01 5.199026465415954590e-01 1.710033044219017029e-03 9.452490806579589844e-01 4.466531872749328613e-01 1.671496331691741943e-01 -7.613353133201599121e-01 8.848782777786254883e-01 9.929040670394897461e-01 4.721180498600006104e-01 -1.429266184568405151e-01 -2.333994023501873016e-02 -1.887925863265991211e-01 -9.974108338356018066e-01 -9.999531507492065430e-01 -8.339083194732666016e-01 2.445936650037765503e-01 4.043651521205902100e-01 6.584024429321289062e-01 9.602223634719848633e-01 -9.999532103538513184e-01 1.100498717278242111e-03 9.777012467384338379e-01 6.679356843233108521e-02 9.787882566452026367e-01 9.877100586891174316e-01 -9.993477463722229004e-01 -2.769067883491516113e-01 9.742128252983093262e-01 -3.414637148380279541e-01 -3.263235092163085938e-02 -6.567986309528350830e-02 9.975970387458801270e-01 1.876189857721328735e-01 1.871683448553085327e-02 7.319415360689163208e-02 -9.786807298660278320e-01 6.960276961326599121e-01 9.995280504226684570e-01 9.514576792716979980e-01 1.388897895812988281e-01 3.268062472343444824e-01 2.593396306037902832e-01 1.411068141460418701e-01 9.996410608291625977e-01 -3.866325691342353821e-02 -4.127052426338195801e-01 1.715148836374282837e-01 -9.261060357093811035e-01 -3.204241394996643066e-02 -2.281173765659332275e-01 -8.212113380432128906e-01 8.706800341606140137e-01 -9.212024211883544922e-01 -6.762664765119552612e-02 9.986269474029541016e-01 8.445246517658233643e-02 1.024834662675857544e-01 -6.666337251663208008e-01 3.108896017074584961e-01 3.688229918479919434e-01 2.661904096603393555e-01 -8.632310032844543457e-01 -8.236948251724243164e-01 6.044469475746154785e-01 9.691097140312194824e-01 -1.546070873737335205e-01 -2.744280695915222168e-01 9.921563863754272461e-01 -9.793168306350708008e-01 5.507068037986755371e-01 7.451254725456237793e-01 9.999305009841918945e-01 2.810107171535491943e-01 6.217521429061889648e-01 6.681322455406188965e-01 -1.216796934604644775e-01 9.618712663650512695e-01 6.864541023969650269e-02 9.017567634582519531e-01 9.415867924690246582e-02 -5.360908508300781250e-01 2.574872598052024841e-02 -2.942919731140136719e-01 -1.238067224621772766e-01 -9.110473990440368652e-01 -9.005333781242370605e-01 -2.030235528945922852e-02 -1.299078464508056641e-01 4.078465104103088379e-01 -9.285678267478942871e-01 -8.941932320594787598e-01 -3.354920446872711182e-01 -6.942142546176910400e-02 1.621893793344497681e-01 -7.797519117593765259e-02 8.086636662483215332e-01 -2.981928586959838867e-01 4.164682924747467041e-01 9.272863864898681641e-01 -9.995267391204833984e-01 3.782197833061218262e-01 3.818238377571105957e-01 -4.248407483100891113e-02 -2.557100541889667511e-02 9.229249358177185059e-01 -3.005713969469070435e-02 -8.466100692749023438e-01 -5.363165959715843201e-02 9.939408898353576660e-01 -8.015688657760620117e-01 3.563393056392669678e-01 1.504807919263839722e-01 7.246826291084289551e-01 -3.110654056072235107e-01 -5.340870022773742676e-01 9.757493734359741211e-01 -9.998952746391296387e-01 -1.643902063369750977e-01 -3.093650043010711670e-01 -1.192129775881767273e-01 -3.820696771144866943e-01 -7.287670969963073730e-01 8.894783258438110352e-01 7.545460015535354614e-02 -1.446701399981975555e-02 8.236261606216430664e-01 8.004931211471557617e-01 1.782153695821762085e-01 8.569168448448181152e-01 -9.954965114593505859e-01 -8.619818091392517090e-01 -4.980467259883880615e-01 4.018959775567054749e-02 -5.236836671829223633e-01 -7.108326554298400879e-01 -2.288630306720733643e-01 -9.990876913070678711e-01 -1.212821379303932190e-01 -9.379148483276367188e-02 3.997887074947357178e-01 5.216556191444396973e-01 5.264325737953186035e-01 -5.512922406196594238e-01 -9.839894771575927734e-01 -3.878949582576751709e-01 8.698367476463317871e-01 1.103776693344116211e-01 9.829481244087219238e-01 1.275774985551834106e-01 -7.675591111183166504e-01 -1.707835048437118530e-01 6.878893822431564331e-02 2.184696793556213379e-01 1.065484806895256042e-01 1.137155964970588684e-01 -9.998451471328735352e-01 8.394829034805297852e-01 -9.997996687889099121e-01 -9.959136843681335449e-01 1.304392069578170776e-01 -7.824504971504211426e-01 -7.425892353057861328e-01 -1.530891209840774536e-01 -3.777820765972137451e-01 -2.585861980915069580e-01 -9.811854958534240723e-01 -5.359897613525390625e-01 4.268038272857666016e-01 -9.971453547477722168e-01 -9.975346922874450684e-01 -9.463899135589599609e-01 5.212683230638504028e-02 -2.252663671970367432e-01 -3.369999825954437256e-01 -1.200425159186124802e-02 -1.861036419868469238e-01 1.277604103088378906e-01 9.994924068450927734e-01 2.713007926940917969e-01 7.754508256912231445e-01 4.583016782999038696e-02 2.047685235738754272e-01 -1.004808023571968079e-01 9.698392748832702637e-01 -6.853431463241577148e-01 4.942365586757659912e-01 -9.968613982200622559e-01 2.789801061153411865e-01 9.184939861297607422e-01 9.940040111541748047e-01 9.709824919700622559e-01 9.577842950820922852e-01 -7.020592689514160156e-01 -3.630729615688323975e-01 4.327139854431152344e-01 9.024915099143981934e-01 8.886871337890625000e-01 3.076231777667999268e-01 3.507419526576995850e-01 -9.977973103523254395e-01 -9.948537945747375488e-01 3.342826962471008301e-01 -9.202874302864074707e-01 9.895304441452026367e-01 -1.141396723687648773e-02 3.048988282680511475e-01 1.641963422298431396e-01 -2.408782690763473511e-01 -6.998796761035919189e-02 -9.944393634796142578e-01 -8.797805905342102051e-01 -1.457079201936721802e-01 -5.654875189065933228e-02 -1.220886409282684326e-01 -2.699025869369506836e-01 -9.999501705169677734e-01 -9.780889749526977539e-01 -7.744584083557128906e-01 -1.103204339742660522e-01 -2.301309406757354736e-01 -4.118007421493530273e-02 4.016568362712860107e-01 9.230118989944458008e-01 9.998675584793090820e-01 -9.948153495788574219e-01 3.231813609600067139e-01 -3.146689012646675110e-02 -4.301587492227554321e-02 1.049089133739471436e-01 -9.970442652702331543e-01 -8.430219292640686035e-01 8.151119351387023926e-01 3.384726345539093018e-01 4.070609062910079956e-02 -2.568153738975524902e-01 -6.106095314025878906e-01
-9.851253628730773926e-01 9.054152369499206543e-01 3.401027023792266846e-01 2.957678437232971191e-01 -4.507810175418853760e-01 4.126902222633361816e-01 9.466394186019897461e-01 -9.400339722633361816e-01 1.571966260671615601e-01 -9.843819141387939453e-01 2.148675769567489624e-01 -9.906926751136779785e-01 -4.741161167621612549e-01 5.815399289131164551e-01 -8.343312144279479980e-01 1.304273009300231934e-01 -2.029621303081512451e-01 2.939088940620422363e-01 -4.123276174068450928e-01 -1.788072288036346436e-01 2.633911669254302979e-01 -3.886511782184243202e-03 9.632670879364013672e-01 -5.006073713302612305e-01 9.993484616279602051e-01 9.790753126144409180e-01 -7.201375812292098999e-02 4.981889948248863220e-02 -5.505676195025444031e-02 9.548305273056030273e-01 9.995501637458801270e-01 4.609638080000877380e-02 -2.089526504278182983e-01 -1.246409490704536438e-01 -6.930390000343322754e-01 3.168284296989440918e-01 -6.754941344261169434e-01 2.252705395221710205e-02 9.916716814041137695e-01 -4.590168297290802002e-01 1.823625564575195312e-01 3.256975114345550537e-01 3.911816775798797607e-01 -9.907230138778686523e-01 2.686956822872161865e-01 1.534560620784759521e-01 -9.843429327011108398e-01 3.887355625629425049e-01 8.250531554222106934e-01 2.194771468639373779e-01 9.871098399162292480e-01 1.220903322100639343e-01 7.295095324516296387e-01 -1.933348178863525391e-01 1.119876205921173096e-01 -3.565665185451507568e-01 1.174111515283584595e-01 2.188092619180679321e-01 -9.993820786476135254e-01 8.145636320114135742e-01 -3.046819567680358887e-01 3.045463562011718750e-01 9.661007523536682129e-01 -1.692581474781036377e-01 2.814027369022369385e-01 -9.985665678977966309e-01 6.431611776351928711e-01 9.857197105884552002e-02 -1.582794263958930969e-02 8.228615522384643555e-01 7.248890995979309082e-01 9.852322936058044434e-01 -7.363642454147338867e-01 -9.739243984222412109e-01 -9.686069488525390625e-01 -1.922031790018081665e-01 -3.438748419284820557e-01 5.670079588890075684e-01 5.866630934178829193e-03 -4.663906525820493698e-03 -3.448041677474975586e-01 1.583995521068572998e-01 9.996726512908935547e-01 -4.528742432594299316e-01 9.498819112777709961e-01 -9.933734536170959473e-01 5.046938061714172363e-01 3.348507881164550781e-01 5.704770237207412720e-02 -1.270341128110885620e-01 -9.607086777687072754e-01 -4.935730695724487305e-01 2.963863313198089600e-01 -7.799344062805175781e-01 -9.685088992118835449e-01 6.826392412185668945e-01 8.845896720886230469e-01 1.877817511558532715e-01 -9.787753820419311523e-01 -6.126949787139892578e-01 9.361686706542968750e-01 -9.497154355049133301e-01 5.057070851325988770e-01 -3.065713644027709961e-01 -1.346525698900222778e-01 -2.558389119803905487e-02 9.995663166046142578e-01 3.814516067504882812e-01 -1.914784312248229980e-01 1.619577594101428986e-02 -3.948089480400085449e-01 6.741425991058349609e-01 -7.811292409896850586e-01 -9.829046726226806641e-01 -5.641948059201240540e-02 1.287173330783843994e-01 -9.566411972045898438e-01 8.669405579566955566e-01 9.822537750005722046e-02 9.977575540542602539e-01 -9.305948615074157715e-01 1.081771329045295715e-01 -9.773173332214355469e-01 9.969777464866638184e-01 -1.469846218824386597e-01 -1.352246999740600586e-01 -9.996417760848999023e-01 1.023783460259437561e-01 8.175517432391643524e-03 -4.452072978019714355e-01 8.064815402030944824e-01 9.936990737915039062e-01 5.300661325454711914e-01 3.567059636116027832e-01 2.088330239057540894e-01 -9.905202984809875488e-01 9.322444796562194824e-01 -9.911922812461853027e-01 4.293847978115081787e-01 1.076983585953712463e-01 9.999306797981262207e-01 -2.724230587482452393e-01 -3.740799427032470703e-01 9.713653326034545898e-01 -7.331945002079010010e-02 6.370231509208679199e-01 -8.703294992446899414e-01 9.785665869712829590e-01 5.165591239929199219e-01 -1.639540866017341614e-02 -2.882410585880279541e-01 1.341184824705123901e-01 9.585664272308349609e-01 4.223559051752090454e-02 -1.789667308330535889e-01 -2.101090401411056519e-01 -9.164037704467773438e-01 -9.088462591171264648e-01 -3.350146412849426270e-01 1.769712716341018677e-01 6.693753600120544434e-02 1.650164723396301270e-01 1.865621060132980347e-01 -3.161725401878356934e-01 9.999524950981140137e-01 2.141392827033996582e-01 3.946997225284576416e-01 3.028576970100402832e-01 9.855894446372985840e-01 7.374873757362365723e-01 -7.622755318880081177e-02 -9.538354277610778809e-01 -6.167962551116943359e-01 -9.452067613601684570e-01 5.903627276420593262e-01 -2.364150732755661011e-01 -3.610744476318359375e-01 3.005398213863372803e-01 9.948344230651855469e-01 9.589135050773620605e-01 8.788250088691711426e-01 -3.718026876449584961e-01 9.982320666313171387e-01 -7.658750414848327637e-01 -7.914444208145141602e-01 -3.571005165576934814e-01 -9.532547593116760254e-01 -9.694349765777587891e-01 -2.210251986980438232e-01 7.796303629875183105e-01 5.557363033294677734e-01 -9.729464650154113770e-01 5.324484109878540039e-01 3.141785562038421631e-01 9.593052268028259277e-01 2.177397906780242920e-01 -8.797146081924438477e-01 -9.831249117851257324e-01 -8.178439140319824219e-01 1.527189612388610840e-01 5.515088140964508057e-02 2.922571599483489990e-01 1.698831021785736084e-01 6.542456150054931641e-02 -2.560870051383972168e-01 4.224205389618873596e-02 -1.504207402467727661e-01 9.983132481575012207e-01 9.751275181770324707e-01 8.598252199590206146e-03 -8.165840506553649902e-01 8.957635760307312012e-01 -1.409233063459396362e-01 1.931548118591308594e-01 9.534100890159606934e-01 -7.451383471488952637e-01 2.689836919307708740e-01 5.481048822402954102e-01 9.479110836982727051e-01 1.222104057669639587e-01 -9.028837680816650391e-01 1.674482077360153198e-01 -9.180088043212890625e-01 2.206864021718502045e-02 1.932118982076644897e-01 9.091408252716064453e-01 -9.891322255134582520e-01 2.689825594425201416e-01 -5.248713493347167969e-01 9.763486981391906738e-01 2.512347102165222168e-01 -4.151434171944856644e-03 -1.668514162302017212e-01 2.410135120153427124e-01 9.850128293037414551e-01 3.199798986315727234e-02 -6.388966441154479980e-01 1.763314753770828247e-01 1.459170877933502197e-01 -2.870929539203643799e-01 9.922684431076049805e-01 9.999247193336486816e-01 -8.015089035034179688e-01 9.191622138023376465e-01 9.621018767356872559e-01 2.775100767612457275e-01 9.840143918991088867e-01 2.140270620584487915e-01 -5.690422281622886658e-02 7.563579827547073364e-02 -1.583045274019241333e-01 1.907488554716110229e-01 -5.114290118217468262e-01 -1.783929765224456787e-02 9.940590858459472656e-01 -5.123488605022430420e-02 -6.027768850326538086e-01 -9.724869132041931152e-01 6.480591744184494019e-02 5.790997147560119629e-01 -2.912197113037109375e-01 -9.899266362190246582e-01 1.604974269866943359e-01 -5.302785634994506836e-01 -2.465109825134277344e-01 9.928142428398132324e-01 9.925581812858581543e-01 -9.999569654464721680e-01 8.539544790983200073e-02 4.272425174713134766e-02 9.995308518409729004e-01 -9.077887982130050659e-02 -9.311261177062988281e-01 9.966418743133544922e-01 -1.309945583343505859e-01 -9.955528974533081055e-01 9.865100383758544922e-01 2.961221635341644287e-01 7.533031702041625977e-01 5.759258195757865906e-02 -9.959708452224731445e-01 -8.497727513313293457e-01 6.433398127555847168e-01 9.927407503128051758e-01 9.965289831161499023e-01 -6.823793053627014160e-02 -8.995057642459869385e-02 1.069550812244415283e-01 -9.977841377258300781e-01 -9.999263286590576172e-01 -9.950698614120483398e-01 1.158460602164268494e-01 4.727254062891006470e-02 9.024168252944946289e-01 9.877309799194335938e-01 -9.999782443046569824e-01 -3.584007322788238525e-01 8.757891058921813965e-01 1.968284994363784790e-01 9.734923243522644043e-01 9.861441254615783691e-01 -9.934927225112915039e-01 -3.834170997142791748e-01 9.739190936088562012e-01 2.239264547824859619e-01 1.312182098627090454e-01 1.064337491989135742e-01 9.935394525527954102e-01 -4.895820617675781250e-01 -6.466419994831085205e-02 1.589467674493789673e-01 8.143238425254821777e-01 1.827598959207534790e-01 9.889033436775207520e-01 9.585171341896057129e-01 2.908954322338104248e-01 2.141904979944229126e-01 -2.341110855340957642e-01 1.506492644548416138e-01 9.905613660812377930e-01 -1.514792889356613159e-01 -8.124175667762756348e-01 -4.003436863422393799e-01 -5.128322839736938477e-01 9.127178229391574860e-03 -2.576355040073394775e-01 -6.804400086402893066e-01 5.873812437057495117e-01 -9.622660279273986816e-01 1.978525668382644653e-01 9.998157620429992676e-01 8.346691727638244629e-02 1.655701845884323120e-01 2.159866392612457275e-01 -1.247686445713043213e-01 2.841330692172050476e-02 3.653457164764404297e-01 -9.635172486305236816e-01 -8.701635003089904785e-01 2.176013141870498657e-01 8.286564946174621582e-01 1.500030159950256348e-01 1.813761144876480103e-01 9.961977601051330566e-01 -6.375440955162048340e-01 -9.335122108459472656e-01 8.885078430175781250e-01 9.992358684539794922e-01 4.294553399085998535e-01 9.431688189506530762e-01 3.360690772533416748e-01 -2.355427443981170654e-01 4.069477915763854980e-01 4.290554299950599670e-02 9.544683098793029785e-01 3.165823519229888916e-01 -8.724694252014160156e-01 1.030035838484764099e-01 -2.770562469959259033e-01 4.852827489376068115e-01 -9.928997755050659180e-01 -9.398382902145385742e-01 -8.525468409061431885e-02 1.302879899740219116e-01 4.662694036960601807e-01 -9.778059720993041992e-01 -9.479424357414245605e-01 4.880062863230705261e-02 -8.938461542129516602e-05 -1.491186022758483887e-01 6.916315108537673950e-02 9.475556015968322754e-01 -1.194186359643936157e-01 3.048770129680633545e-01 5.941149592399597168e-01 -9.977927803993225098e-01 1.576853990554809570e-01 -2.434758283197879791e-02 3.344074264168739319e-02 -3.316843211650848389e-01 4.500855505466461182e-01 -3.890463411808013916e-01 -9.937577843666076660e-01 -7.534495741128921509e-02 9.930856227874755859e-01 6.999115645885467529e-02 2.806537449359893799e-01 3.464050889015197754e-01 8.534888029098510742e-01 2.352745682001113892e-01 -2.812919020652770996e-01 9.923106431961059570e-01 -9.990739226341247559e-01 -4.159724116325378418e-01 -2.505340576171875000e-01 1.601270139217376709e-01 3.538990020751953125e-01 -4.328279793262481689e-01 9.982472658157348633e-01 -2.168234288692474365e-01 -5.718080997467041016e-01 -4.466984868049621582e-01 8.671405911445617676e-01 -7.898206263780593872e-02 9.951539635658264160e-01 -9.468326568603515625e-01 -8.981304168701171875e-01 -2.435692995786666870e-01 -3.846767246723175049e-01 -8.309375047683715820e-01 -9.454493522644042969e-01 -8.583716154098510742e-01 -9.999322891235351562e-01 3.715109080076217651e-02 -8.200726509094238281e-01 5.838100984692573547e-02 -1.737186610698699951e-01 3.170351088047027588e-01 -6.487948298454284668e-01 -8.028117418289184570e-01 3.377091139554977417e-02 -2.754581272602081299e-01 -4.027495384216308594e-01 9.933143854141235352e-01 3.141756355762481689e-01 -9.996136426925659180e-01 2.644303143024444580e-01 -3.669332265853881836e-01 1.510960161685943604e-01 -8.356913179159164429e-02 3.810698091983795166e-01 -9.983898401260375977e-01 7.039951682090759277e-01 -9.951632022857666016e-01 -9.729049205780029297e-01 -6.648986041545867920e-02 -9.498213529586791992e-01 -8.167636990547180176e-01 -7.633898407220840454e-02 4.490222036838531494e-02 2.062546312808990479e-01 -8.936001062393188477e-01 -9.870010614395141602e-01 -2.289576828479766846e-01 -9.969809651374816895e-01 -9.906845688819885254e-01 -9.997084736824035645e-01 -2.438972592353820801e-01 -1.271206438541412354e-01 7.776658236980438232e-02 5.857678130269050598e-02 -4.204611107707023621e-02 -1.583500355482101440e-01 9.283493757247924805e-01 3.251841068267822266e-01 8.674736022949218750e-01 -1.044337674975395203e-01 2.448462843894958496e-01 -4.304983615875244141e-01 9.994376897811889648e-01 -9.876654148101806641e-01 3.496874570846557617e-01 -9.990521073341369629e-01 1.927642226219177246e-01 9.516032934188842773e-01 9.926876425743103027e-01 9.488583803176879883e-01 8.837938904762268066e-01 -9.806008338928222656e-01 -3.475314080715179443e-01 2.697871029376983643e-01 -9.898196905851364136e-02 9.095765352249145508e-01 -1.207892820239067078e-01 7.404212653636932373e-02 -9.913339018821716309e-01 -9.502567648887634277e-01 2.641652524471282959e-01 -9.973247647285461426e-01 9.685822725296020508e-01 -3.640095889568328857e-01 1.789283305406570435e-01 3.114175796508789062e-01 2.154424339532852173e-01 2.295620040968060493e-03 -9.613119363784790039e-01 -9.636896252632141113e-01 -1.724130511283874512e-01 1.077359616756439209e-01 -6.064770370721817017e-02 -2.165441960096359253e-01 -9.999839067459106445e-01 -6.814077496528625488e-01 -5.724835991859436035e-01 -1.434351503849029541e-01 -2.609771490097045898e-01 -6.936699151992797852e-01 1.086893379688262939e-01 -6.123543977737426758e-01 9.998031854629516602e-01 -9.987285733222961426e-01 1.484776884317398071e-01 1.821660101413726807e-01 -4.110158979892730713e-01 -3.265578448772430420e-01 -9.679468870162963867e-01 -1.844481229782104492e-01 7.172406315803527832e-01 1.227322686463594437e-02 -4.454856365919113159e-02 -1.579560935497283936e-01 -6.619270443916320801e-01
7.513148188591003418e-01 3.472653627395629883e-01 5.611590296030044556e-02 4.320824444293975830e-01 -1.271996274590492249e-02 9.002716541290283203e-01 9.162652492523193359e-01 -9.940603971481323242e-01 7.572206854820251465e-02 -9.890224337577819824e-01 3.039795160293579102e-01 -6.077865362167358398e-01 7.454932928085327148e-01 -9.857941865921020508e-01 -8.512873649597167969e-01 2.635107561945915222e-02 1.215641424059867859e-01 1.211972683668136597e-01 -7.899826765060424805e-01 -6.517134904861450195e-01 4.703561961650848389e-01 3.620424866676330566e-01 2.996219396591186523e-01 5.707842707633972168e-01 9.958041906356811523e-01 8.569308519363403320e-01 3.074493817985057831e-02 -4.974482655525207520e-01 3.613903820514678955e-01 4.289618432521820068e-01 9.945551753044128418e-01 -4.361838102340698242e-02 6.535485386848449707e-01 -1.022048946470022202e-02 -9.557880163192749023e-01 -2.093113064765930176e-01 -6.749452352523803711e-01 -3.804690837860107422e-01 9.018896222114562988e-01 -1.771839708089828491e-01 -2.766090333461761475e-01 -3.879702985286712646e-01 3.047813773155212402e-01 -8.648520112037658691e-01 1.931429468095302582e-02 9.671500921249389648e-01 -8.463639616966247559e-01 -6.387418508529663086e-02 7.729771733283996582e-01 -3.972311317920684814e-02 8.895987868309020996e-01 -2.550062835216522217e-01 9.788990020751953125e-01 -1.911007165908813477e-01 -8.665139675140380859e-01 1.764770001173019409e-01 -7.033133506774902344e-02 -1.893343180418014526e-01 -9.962362051010131836e-01 -6.291823387145996094e-01 -7.135079801082611084e-02 3.415727019309997559e-01 9.665597677230834961e-01 -6.645821779966354370e-02 -2.343850135803222656e-01 -9.991914629936218262e-01 5.993188619613647461e-01 2.330628484487533569e-01 3.221003115177154541e-01 -1.010955721139907837e-01 8.427478671073913574e-01 9.312189817428588867e-01 -8.375813961029052734e-01 -7.553645372390747070e-01 -8.562358617782592773e-01 -3.469329178333282471e-01 -4.935060814023017883e-02 6.216762065887451172e-01 -3.566529750823974609e-01 -2.638280689716339111e-01 -9.946107268333435059e-01 1.868710815906524658e-01 9.996395707130432129e-01 -4.925721585750579834e-01 6.332134604454040527e-01 -4.625808596611022949e-01 2.105109095573425293e-01 -1.791104525327682495e-01 -2.752108871936798096e-01 7.095377147197723389e-02 -8.442181944847106934e-01 -3.533605337142944336e-01 6.249478459358215332e-01 -9.995640516281127930e-01 -7.250497341156005859e-01 -3.712452203035354614e-02 8.706188201904296875e-01 1.698288023471832275e-01 -9.514248371124267578e-01 -3.727791309356689453e-01 -5.658799409866333008e-01 -9.937179088592529297e-01 -2.836188971996307373e-01 -5.033295154571533203e-01 -1.131144911050796509e-01 -1.430044174194335938e-01 9.823073148727416992e-01 5.908309221267700195e-01 -3.486416935920715332e-01 -8.425766825675964355e-01 -8.770331740379333496e-02 -2.622936666011810303e-01 5.287166237831115723e-01 -8.910173773765563965e-01 -4.203596711158752441e-01 9.913636744022369385e-02 -7.071630954742431641e-01 2.598799169063568115e-01 -1.745781600475311279e-01 9.959399104118347168e-01 -8.558021187782287598e-01 1.875248104333877563e-01 -7.587685585021972656e-01 9.914743900299072266e-01 -4.543181657791137695e-01 -3.607762753963470459e-01 8.237495422363281250e-01 3.463877439498901367e-01 -6.969470977783203125e-01 -4.752894937992095947e-01 9.871422648429870605e-01 9.977675080299377441e-01 -1.528687775135040283e-01 3.763105273246765137e-01 3.625710606575012207e-01 -9.954168796539306641e-01 9.981445670127868652e-01 -9.770002365112304688e-01 6.635956764221191406e-01 1.638704985380172729e-01 9.999588131904602051e-01 1.427570134401321411e-01 -3.995163440704345703e-01 8.936898112297058105e-01 -8.207522332668304443e-02 -1.460510492324829102e-01 -3.413598239421844482e-01 9.993289709091186523e-01 -7.613196969032287598e-01 -2.871911525726318359e-01 -1.244039833545684814e-01 -5.671408399939537048e-02 9.736106991767883301e-01 2.949253618717193604e-01 1.855103969573974609e-01 -2.849104702472686768e-01 -1.878823637962341309e-01 9.406129717826843262e-01 2.115312814712524414e-01 1.339598149061203003e-01 -5.458552837371826172e-01 5.437144637107849121e-02 -3.656291961669921875e-02 -7.843102216720581055e-01 9.998984932899475098e-01 -4.838333651423454285e-02 -4.253297150135040283e-01 -4.062556922435760498e-01 9.774475097656250000e-01 7.589226365089416504e-01 1.345500499010086060e-01 -8.244143128395080566e-01 -9.603323340415954590e-01 -4.245966672897338867e-01 1.263725385069847107e-02 2.904643714427947998e-01 6.960918307304382324e-01 -1.835543960332870483e-01 9.969869852066040039e-01 9.576519727706909180e-01 9.334409832954406738e-01 -3.815729916095733643e-01 9.935268163681030273e-01 -8.848955035209655762e-01 9.574968218803405762e-01 -9.701974987983703613e-01 2.734138369560241699e-01 -8.441428542137145996e-01 4.635061323642730713e-01 8.825231194496154785e-01 9.518734812736511230e-01 -9.185922145843505859e-01 -9.242255091667175293e-01 1.672960072755813599e-01 9.865829944610595703e-01 3.946715593338012695e-01 -9.974551796913146973e-01 -8.429185748100280762e-01 -7.561419606208801270e-01 1.583249308168888092e-02 -4.154579713940620422e-02 -3.198541402816772461e-01 -9.223194122314453125e-01 3.560477495193481445e-01 1.795598492026329041e-02 2.973038256168365479e-01 -2.334974408149719238e-01 8.528852462768554688e-01 8.472435474395751953e-01 -3.687469065189361572e-01 -1.332861930131912231e-01 6.027680635452270508e-01 1.031425744295120239e-01 3.819926381111145020e-01 9.273989796638488770e-01 -9.396912455558776855e-01 5.648686364293098450e-02 8.250771760940551758e-01 4.493853449821472168e-01 -2.045315653085708618e-01 -6.186884045600891113e-01 -3.797667622566223145e-01 5.445802807807922363e-01 8.126763999462127686e-02 -6.854872107505798340e-01 -1.338484883308410645e-01 -8.760843873023986816e-01 1.665877848863601685e-01 -8.476490974426269531e-01 8.691626191139221191e-01 4.971921741962432861e-01 -7.951224595308303833e-02 -5.952530503273010254e-01 3.715378344058990479e-01 7.679135799407958984e-01 4.616094827651977539e-01 -2.468056678771972656e-01 -4.645047783851623535e-01 2.052804380655288696e-01 -4.052993282675743103e-02 7.954506874084472656e-01 9.997312426567077637e-01 6.071900725364685059e-01 6.674396991729736328e-01 9.020738601684570312e-01 2.623293697834014893e-01 9.769608974456787109e-01 1.349086314439773560e-01 7.661717385053634644e-02 1.103829294443130493e-01 2.799310684204101562e-01 -2.135941237211227417e-01 -5.918014645576477051e-01 9.930008649826049805e-02 9.844563603401184082e-01 -1.698000878095626831e-01 -5.283044576644897461e-01 -9.972741007804870605e-01 -2.834510803222656250e-01 9.237834215164184570e-01 -6.658827420324087143e-03 -9.834638237953186035e-01 -9.071538597345352173e-02 -7.815887928009033203e-01 -4.892667289823293686e-03 9.498294591903686523e-01 9.644720554351806641e-01 -7.928162217140197754e-01 4.731231927871704102e-02 2.278069406747817993e-01 9.942211508750915527e-01 -1.676269471645355225e-01 -4.105460047721862793e-01 9.979762434959411621e-01 -7.063004970550537109e-01 -8.729370236396789551e-01 9.436717033386230469e-01 1.129532530903816223e-01 9.387469887733459473e-01 5.673609972000122070e-01 -9.931837320327758789e-01 -9.038691520690917969e-01 7.844031453132629395e-01 9.905544519424438477e-01 9.941170811653137207e-01 -1.969853043556213379e-01 -8.755709230899810791e-02 2.676408886909484863e-01 -9.943302869796752930e-01 -9.995177984237670898e-01 -8.229614496231079102e-01 1.007645428180694580e-01 3.404439687728881836e-01 4.704340696334838867e-01 9.841076135635375977e-01 -9.989840984344482422e-01 -3.147599697113037109e-01 6.717837452888488770e-01 -4.491619765758514404e-02 9.597523808479309082e-01 9.977834820747375488e-01 -9.893212914466857910e-01 4.830043613910675049e-01 8.591006398200988770e-01 -2.871000766754150391e-01 -6.536470353603363037e-02 6.398976445198059082e-01 9.229117631912231445e-01 -9.868294745683670044e-02 1.324332803487777710e-01 1.094847265630960464e-02 -6.255433559417724609e-01 4.074458777904510498e-02 9.943780899047851562e-01 9.597736597061157227e-01 7.398372888565063477e-02 -1.419480890035629272e-01 1.082744896411895752e-01 3.301225006580352783e-01 9.999452233314514160e-01 4.768883287906646729e-01 9.091580510139465332e-01 -5.060669779777526855e-01 -9.104812145233154297e-01 -5.591590404510498047e-01 -3.669545650482177734e-01 -2.838613092899322510e-01 2.782974019646644592e-02 -6.147287487983703613e-01 5.663744807243347168e-01 9.988306164741516113e-01 2.664633095264434814e-01 -1.227184757590293884e-01 -7.412030696868896484e-01 1.442146450281143188e-01 1.004292592406272888e-01 2.249176651239395142e-01 -8.706082701683044434e-01 -8.723410367965698242e-01 3.575140535831451416e-01 9.972248077392578125e-01 1.215693876147270203e-01 -3.231402486562728882e-02 9.967216849327087402e-01 -6.970308423042297363e-01 -9.889482855796813965e-01 7.902468740940093994e-02 9.999276995658874512e-01 -1.723768264055252075e-01 5.588739514350891113e-01 4.262443482875823975e-01 1.807435229420661926e-02 8.629443049430847168e-01 1.178858056664466858e-01 4.325367212295532227e-01 8.875172585248947144e-02 1.369849890470504761e-01 -2.742499709129333496e-01 -2.651991248130798340e-01 6.269310116767883301e-01 -9.984291195869445801e-01 -3.222342431545257568e-01 -4.451478719711303711e-01 9.790060669183731079e-02 2.706446349620819092e-01 -4.279086887836456299e-01 -4.425726234912872314e-01 3.837554752826690674e-01 3.520355224609375000e-01 4.145307540893554688e-01 -4.866993799805641174e-02 9.968652725219726562e-01 -3.961877226829528809e-01 4.426572024822235107e-01 4.874257445335388184e-01 -9.986113905906677246e-01 -2.083596587181091309e-01 2.605127096176147461e-01 -5.506317615509033203e-01 -2.427871227264404297e-01 6.761723160743713379e-01 1.411241739988327026e-01 -2.011176943778991699e-01 9.139510244131088257e-02 9.989705681800842285e-01 9.541774392127990723e-01 5.626677274703979492e-01 -5.474394559860229492e-01 7.615194916725158691e-01 2.201557606458663940e-01 -3.526982963085174561e-01 8.474875092506408691e-01 -9.970686435699462891e-01 -8.049976080656051636e-02 3.177885413169860840e-01 -7.868132740259170532e-02 -4.525405466556549072e-01 -8.018315434455871582e-01 9.993333220481872559e-01 2.672015503048896790e-02 1.020409911870956421e-02 -6.997854113578796387e-01 -3.134006261825561523e-01 -3.068151772022247314e-01 9.098002314567565918e-01 -9.969713091850280762e-01 -2.963167428970336914e-01 1.637885123491287231e-01 -6.483551114797592163e-03 -9.740380644798278809e-01 -9.464439153671264648e-01 9.651399850845336914e-01 -9.846602678298950195e-01 -2.732232445850968361e-03 -8.978286385536193848e-01 3.786869645118713379e-01 2.197053097188472748e-02 -9.482428431510925293e-01 -5.401303768157958984e-01 -9.861844182014465332e-01 -2.028327882289886475e-01 8.615968227386474609e-01 2.457493692636489868e-01 9.997316598892211914e-01 5.510541796684265137e-01 -8.690026402473449707e-01 5.153873190283775330e-02 2.535460591316223145e-01 1.928747743368148804e-01 2.376549504697322845e-02 2.142825126647949219e-01 -9.994787573814392090e-01 9.456857293844223022e-02 -9.995569586753845215e-01 -8.620749711990356445e-01 1.506542116403579712e-01 -9.554584026336669922e-01 3.841651678085327148e-01 -2.332808375358581543e-01 -4.709444642066955566e-01 -8.025965653359889984e-03 -5.906636714935302734e-01 -9.919620752334594727e-01 4.538672864437103271e-01 -9.518139958381652832e-01 -9.387309551239013672e-01 -9.488630294799804688e-01 2.745210528373718262e-01 -5.756104588508605957e-01 1.515677422285079956e-01 5.319513678550720215e-01 -1.364108473062515259e-01 -1.311910599470138550e-01 8.974307775497436523e-01 5.532009005546569824e-01 9.383227229118347168e-01 2.821636497974395752e-01 1.034157648682594299e-01 -2.727381885051727295e-01 9.967016577720642090e-01 -8.111546039581298828e-01 1.067578569054603577e-01 -9.786428809165954590e-01 5.389717221260070801e-01 5.765324831008911133e-01 9.887177944183349609e-01 9.038202762603759766e-01 9.650247693061828613e-01 -9.898775219917297363e-01 -4.176028668880462646e-01 3.344268798828125000e-01 4.218600988388061523e-01 2.579657919704914093e-02 9.563738852739334106e-02 6.982490420341491699e-02 -9.495929479598999023e-01 -9.585467576980590820e-01 3.107836842536926270e-01 -9.923948645591735840e-01 9.995288848876953125e-01 -1.045560538768768311e-01 3.880987465381622314e-01 3.366463482379913330e-01 2.130806595087051392e-01 1.346745789051055908e-01 -8.349388241767883301e-01 -9.622625708580017090e-01 -4.607634842395782471e-01 -1.408662497997283936e-01 -1.329797059297561646e-01 -5.067901611328125000e-01 -9.994395375251770020e-01 -7.492448091506958008e-01 -8.836046457290649414e-01 9.763512015342712402e-02 -4.776638746261596680e-01 -3.086193501949310303e-01 3.248825371265411377e-01 7.756951451301574707e-01 9.923876523971557617e-01 -6.306799054145812988e-01 -1.745459139347076416e-01 2.824870645999908447e-01 2.020109891891479492e-01 -2.096882611513137817e-01 -6.718525886535644531e-01 1.014550849795341492e-01 -3.608890622854232788e-02 3.086984157562255859e-01 3.837979212403297424e-02 -3.937217891216278076e-01 -8.010199666023254395e-01
9.863231331110000610e-02 8.174304962158203125e-01 3.643464744091033936e-01 1.913192309439182281e-02 -5.493667125701904297e-01 -1.845741719007492065e-01 9.973273873329162598e-01 -9.909055829048156738e-01 -7.534372806549072266e-02 -9.117916822433471680e-01 -1.041210070252418518e-01 -6.526934504508972168e-01 8.344959020614624023e-01 -9.762334823608398438e-01 -8.498719930648803711e-01 2.726617753505706787e-01 -2.944540381431579590e-01 -3.225971758365631104e-01 -2.570210695266723633e-01 -3.045625388622283936e-01 3.380616903305053711e-01 1.892787218093872070e-01 6.779096126556396484e-01 -5.666723251342773438e-01 9.996610879898071289e-01 9.714921712875366211e-01 1.233155056834220886e-01 -2.560902535915374756e-01 4.541186615824699402e-02 9.802360534667968750e-01 9.373080134391784668e-01 -1.472765803337097168e-01 2.714592516422271729e-01 6.881127506494522095e-02 -7.619960308074951172e-01 -1.759230159223079681e-02 -5.528656244277954102e-01 2.142491564154624939e-02 9.629942774772644043e-01 1.027012616395950317e-01 1.888870447874069214e-01 -1.911605447530746460e-01 1.108449399471282959e-01 -9.435327649116516113e-01 2.094534225761890411e-02 6.246808171272277832e-01 -5.911530852317810059e-01 -9.762956202030181885e-02 9.941326975822448730e-01 -9.229032695293426514e-02 9.905535578727722168e-01 2.210711091756820679e-01 9.587711095809936523e-01 -1.459519863128662109e-01 5.697095990180969238e-01 -3.676668405532836914e-01 2.688028812408447266e-01 -2.774765789508819580e-01 -9.988682270050048828e-01 -4.444327056407928467e-01 -3.355586528778076172e-01 4.167582988739013672e-01 9.079665541648864746e-01 -2.181332409381866455e-01 4.002574384212493896e-01 -9.967386126518249512e-01 9.525381326675415039e-01 7.530235648155212402e-01 -1.917187273502349854e-01 1.996137499809265137e-01 9.449172616004943848e-01 9.955816864967346191e-01 -6.222929358482360840e-01 -9.773796796798706055e-01 -8.419188261032104492e-01 -4.287169277667999268e-01 3.214229345321655273e-01 4.974184334278106689e-01 2.122790180146694183e-02 -1.415846347808837891e-01 -9.396834969520568848e-01 7.009146362543106079e-02 9.999225139617919922e-01 -2.623600363731384277e-01 9.783857464790344238e-01 -8.014148473739624023e-02 1.820334941148757935e-01 -7.047302089631557465e-03 -1.151951774954795837e-01 -1.415615826845169067e-01 -9.798623323440551758e-01 -2.784350514411926270e-01 4.513637721538543701e-01 -9.980329871177673340e-01 -8.471546769142150879e-01 9.661474227905273438e-01 8.631256818771362305e-01 3.122567757964134216e-02 -9.702814817428588867e-01 -1.875985413789749146e-01 -7.395316958427429199e-01 -9.208030700683593750e-01 4.337759315967559814e-01 -8.259279280900955200e-02 2.546138167381286621e-01 2.188888192176818848e-02 9.993965029716491699e-01 3.888823688030242920e-01 -1.269499659538269043e-01 1.705481410026550293e-01 -2.233353853225708008e-01 1.404107362031936646e-01 5.978116989135742188e-01 -9.734596014022827148e-01 -4.677148461341857910e-01 2.642899155616760254e-01 -9.059835076332092285e-01 6.946011781692504883e-01 1.058978438377380371e-01 9.997491836547851562e-01 -9.439807534217834473e-01 -1.075690910220146179e-01 -9.900771379470825195e-01 9.961667060852050781e-01 -1.940679550170898438e-01 -3.152842819690704346e-01 -9.089899063110351562e-01 -2.354955971240997314e-01 -5.058261752128601074e-01 -5.412880331277847290e-02 9.671953916549682617e-01 9.907255768775939941e-01 2.440147995948791504e-01 1.219743266701698303e-01 5.316791534423828125e-01 -9.602374434471130371e-01 9.989714026451110840e-01 -9.962689280509948730e-01 -7.493842840194702148e-01 1.493400633335113525e-01 9.998075366020202637e-01 1.003590449690818787e-01 -2.088886499404907227e-01 9.582412242889404297e-01 -2.219959348440170288e-01 5.049287676811218262e-01 -6.461028456687927246e-01 9.839730858802795410e-01 3.999094963073730469e-01 1.304178386926651001e-01 -4.570741057395935059e-01 -1.848282814025878906e-01 8.529456257820129395e-01 -2.471399158239364624e-01 -8.688046038150787354e-02 -3.447194397449493408e-01 -9.382989406585693359e-01 -5.209787487983703613e-01 -1.555145680904388428e-01 -1.699506342411041260e-01 -2.796668410301208496e-01 1.445856690406799316e-01 -5.735323950648307800e-02 -5.624375343322753906e-01 9.998841285705566406e-01 -4.990160837769508362e-02 -2.676863074302673340e-01 -2.116359174251556396e-01 9.924526810646057129e-01 -8.042030967772006989e-03 3.262714445590972900e-01 -9.922778010368347168e-01 -9.905926585197448730e-01 -9.738762974739074707e-01 5.100888609886169434e-01 3.555932044982910156e-01 2.062569605186581612e-03 -8.097010850906372070e-02 9.996320605278015137e-01 9.972814321517944336e-01 9.615890979766845703e-01 -5.050077438354492188e-01 9.991699457168579102e-01 -8.292114138603210449e-01 4.708400070667266846e-01 -9.773222804069519043e-01 -8.219736218452453613e-01 -6.081335544586181641e-01 9.558565914630889893e-02 8.455995321273803711e-01 9.628875255584716797e-01 -9.836924672126770020e-01 -9.703765511512756348e-01 3.113975822925567627e-01 9.709963202476501465e-01 9.538476355373859406e-03 -9.870192408561706543e-01 -9.870666861534118652e-01 -6.173300743103027344e-01 2.613279819488525391e-01 9.841351956129074097e-02 2.671281807124614716e-02 4.668711870908737183e-02 8.639784902334213257e-02 -1.045774593949317932e-01 1.815483123064041138e-01 -2.056285440921783447e-01 9.720204472541809082e-01 9.391023516654968262e-01 -3.361344039440155029e-01 2.011392116546630859e-01 4.648980796337127686e-01 4.575406387448310852e-02 9.631945937871932983e-02 9.730604290962219238e-01 -7.405475974082946777e-01 6.912876963615417480e-01 8.711603879928588867e-01 9.770398736000061035e-01 -1.720464676618576050e-01 -8.417410850524902344e-01 -1.336160898208618164e-01 -8.939657807350158691e-01 1.460761129856109619e-01 2.723397910594940186e-01 9.864922165870666504e-01 -9.946493506431579590e-01 -2.022585421800613403e-01 -9.453078508377075195e-01 9.822202920913696289e-01 1.763651333749294281e-02 1.219202205538749695e-01 -2.137897461652755737e-01 3.954507708549499512e-01 9.951907396316528320e-01 3.246490061283111572e-01 -8.280389308929443359e-01 -2.459742426872253418e-01 -1.840148866176605225e-02 -3.871319591999053955e-01 7.883638739585876465e-01 9.999862313270568848e-01 -7.881882786750793457e-01 8.834636807441711426e-01 9.834627509117126465e-01 1.470609307289123535e-01 9.981561899185180664e-01 1.393730938434600830e-02 6.526533961296081543e-01 -1.948334574699401855e-01 1.253727823495864868e-01 -1.547393053770065308e-01 -2.090635299682617188e-01 2.869758009910583496e-01 9.982187747955322266e-01 -7.595137506723403931e-02 -2.618203163146972656e-01 -9.981448054313659668e-01 -5.834015086293220520e-02 4.588815867900848389e-01 1.716746240854263306e-01 -9.239701032638549805e-01 -7.509556412696838379e-02 -8.902012109756469727e-01 1.212866455316543579e-01 9.951065182685852051e-01 9.915017485618591309e-01 -9.983081817626953125e-01 3.395428657531738281e-01 -1.834018677473068237e-01 9.954916834831237793e-01 -3.091735243797302246e-01 -4.624928832054138184e-01 9.667965173721313477e-01 -3.402472436428070068e-01 -9.945935606956481934e-01 9.943090081214904785e-01 1.248442009091377258e-01 -6.055304780602455139e-02 1.582682132720947266e-01 -9.950535893440246582e-01 -8.988347053527832031e-01 8.170102238655090332e-01 9.552311897277832031e-01 9.887031912803649902e-01 -1.654839515686035156e-01 2.317806892096996307e-02 -2.260216884315013885e-02 -9.992450475692749023e-01 -9.998624324798583984e-01 -9.730771183967590332e-01 5.992556214332580566e-01 2.784363925457000732e-03 7.825394868850708008e-01 9.831990599632263184e-01 -9.974822998046875000e-01 -2.492914795875549316e-01 9.881000518798828125e-01 -8.704938739538192749e-02 9.959643483161926270e-01 9.973747134208679199e-01 -9.731798171997070312e-01 -4.503603577613830566e-01 9.730746150016784668e-01 -2.858909666538238525e-01 -5.072462558746337891e-02 5.186080932617187500e-01 9.980881810188293457e-01 1.941077560186386108e-01 2.004279047250747681e-01 -2.046817243099212646e-01 3.717269599437713623e-01 2.069196999073028564e-01 9.863394498825073242e-01 9.880189299583435059e-01 1.271208189427852631e-02 3.548770770430564880e-02 -5.950032547116279602e-02 2.750937044620513916e-01 9.984958767890930176e-01 1.186960097402334213e-02 -8.485552668571472168e-01 -3.357608914375305176e-01 -9.281763434410095215e-01 -3.826825916767120361e-01 -3.856227397918701172e-01 -8.411374688148498535e-01 -1.570015549659729004e-01 -9.837791323661804199e-01 9.351564049720764160e-01 9.979647397994995117e-01 1.663551479578018188e-01 4.164474010467529297e-01 9.894411265850067139e-02 2.415037155151367188e-01 4.924961924552917480e-01 3.988347947597503662e-01 -7.551939487457275391e-01 -9.696294069290161133e-01 1.321526169776916504e-01 9.646031856536865234e-01 1.454897820949554443e-01 1.548644527792930603e-02 9.735648036003112793e-01 3.950404524803161621e-01 -8.199773430824279785e-01 8.841813802719116211e-01 9.998859763145446777e-01 1.644005179405212402e-01 7.955849170684814453e-01 2.042135596275329590e-01 3.894671425223350525e-02 3.479698598384857178e-01 6.082422100007534027e-03 9.758079648017883301e-01 -3.228690922260284424e-01 5.520205497741699219e-01 -2.279307842254638672e-01 -3.328163623809814453e-01 -1.127070784568786621e-01 -9.899306297302246094e-01 -9.728850126266479492e-01 -2.086234539747238159e-01 2.236479818820953369e-01 -1.507426500320434570e-01 -9.651109576225280762e-01 -9.796487092971801758e-01 1.342257559299468994e-01 1.874889731407165527e-01 3.761225044727325439e-01 -4.777818173170089722e-02 9.816427826881408691e-01 -4.453954398632049561e-01 4.087410867214202881e-01 -2.609671652317047119e-01 -9.990615844726562500e-01 -1.694477945566177368e-01 2.807417511940002441e-01 -2.902620434761047363e-01 -1.856375038623809814e-01 7.049179673194885254e-01 9.063169360160827637e-03 -9.651986360549926758e-01 -9.174044430255889893e-02 9.976108074188232422e-01 6.854543685913085938e-01 5.979520082473754883e-01 3.852859511971473694e-02 7.883294224739074707e-01 -1.936576515436172485e-01 -6.088711693882942200e-02 9.585897326469421387e-01 -9.993222951889038086e-01 -2.564615309238433838e-01 2.009076327085494995e-01 -9.901338070631027222e-02 2.393297292292118073e-02 -5.292208790779113770e-01 9.981432557106018066e-01 -9.228948503732681274e-02 -9.940820746123790741e-04 -7.287966012954711914e-01 8.844155669212341309e-01 -4.425672888755798340e-01 9.498241543769836426e-01 -9.892634749412536621e-01 -9.398041367530822754e-01 -1.747350096702575684e-01 -7.556988298892974854e-02 -9.919998645782470703e-01 -9.294613599777221680e-01 7.398586869239807129e-01 -9.960555434226989746e-01 -6.948989629745483398e-02 -4.099626541137695312e-01 4.701975360512733459e-02 -1.454787552356719971e-01 -6.974129080772399902e-01 4.676915109157562256e-01 -9.645954370498657227e-01 4.999587312340736389e-02 3.101383522152900696e-02 1.673187166452407837e-01 9.842563271522521973e-01 3.816114962100982666e-01 -9.860436916351318359e-01 1.953038424253463745e-01 -4.253853112459182739e-03 1.052761599421501160e-01 -3.128749430179595947e-01 4.749951139092445374e-02 -9.920536875724792480e-01 9.235128164291381836e-01 -9.995254874229431152e-01 -9.520051479339599609e-01 2.299757450819015503e-01 -9.380212426185607910e-01 -8.291236758232116699e-01 -3.066903352737426758e-01 -1.141363382339477539e-01 -1.380047798156738281e-01 -9.905034899711608887e-01 -9.963055849075317383e-01 -3.555214703083038330e-01 -9.963967800140380859e-01 -9.814187288284301758e-01 -9.983875155448913574e-01 3.106864988803863525e-01 -1.014931946992874146e-01 -1.076787803322076797e-02 6.457085013389587402e-01 6.552853435277938843e-02 -8.113589882850646973e-02 3.991153538227081299e-01 4.199407994747161865e-01 9.548780918121337891e-01 2.616944313049316406e-01 9.700453281402587891e-02 3.268286958336830139e-02 9.968164563179016113e-01 -8.430434465408325195e-01 -4.978809505701065063e-02 -9.873031377792358398e-01 2.078092396259307861e-01 9.770543575286865234e-01 9.980017542839050293e-01 8.809925317764282227e-01 9.900667071342468262e-01 -9.984988570213317871e-01 -3.830315172672271729e-02 3.583168983459472656e-01 2.755357027053833008e-01 9.287553429603576660e-01 1.031899601221084595e-01 3.200762867927551270e-01 -9.744721055030822754e-01 -9.879901409149169922e-01 2.791903614997863770e-01 -9.995995163917541504e-01 9.879963397979736328e-01 -1.406297739595174789e-02 1.726211309432983398e-01 2.138412147760391235e-01 9.231344610452651978e-02 2.114453017711639404e-01 -7.513504624366760254e-01 -9.782823920249938965e-01 -3.834723234176635742e-01 -5.134081840515136719e-01 2.102092355489730835e-01 -1.013046056032180786e-01 -9.999874234199523926e-01 5.923386779613792896e-04 -5.192720293998718262e-01 3.161036968231201172e-01 -1.313200592994689941e-01 -3.543944954872131348e-01 1.803853362798690796e-01 -6.530914902687072754e-01 9.995048046112060547e-01 -9.748933315277099609e-01 2.378591448068618774e-01 -1.971854642033576965e-02 1.289940327405929565e-01 1.177720725536346436e-01 -8.641443252563476562e-01 7.445177435874938965e-01 8.180471658706665039e-01 7.081543654203414917e-02 3.004755675792694092e-01 -4.614140838384628296e-02 -3.667261898517608643e-01
7.775331139564514160e-01 -6.963077187538146973e-01 1.703647673130035400e-01 4.144514799118041992e-01 6.425486505031585693e-02 8.893625140190124512e-01 9.868533015251159668e-01 -9.853969216346740723e-01 9.461176395416259766e-02 -9.806901216506958008e-01 1.079862266778945923e-01 -7.053736448287963867e-01 8.988142609596252441e-01 -9.881312251091003418e-01 -4.821567237377166748e-01 1.337853968143463135e-01 1.156048383563756943e-04 -6.117339804768562317e-02 -4.561731815338134766e-01 -5.554042458534240723e-01 7.794083654880523682e-02 2.386225014925003052e-01 6.564772129058837891e-02 -4.786469340324401855e-01 9.880840182304382324e-01 9.607264399528503418e-01 4.049240797758102417e-02 -2.408337146043777466e-01 -8.372216671705245972e-02 9.351056814193725586e-01 9.732968211174011230e-01 2.950027352198958397e-03 2.373382300138473511e-01 -3.678328916430473328e-02 -9.849976897239685059e-01 -9.263702481985092163e-02 -6.218974590301513672e-01 -3.582417368888854980e-01 9.066232442855834961e-01 -9.683469310402870178e-03 -4.485565796494483948e-02 -4.728508889675140381e-01 1.457594931125640869e-01 -9.865784645080566406e-01 3.369646370410919189e-01 7.439982295036315918e-01 -9.607068300247192383e-01 -3.641988337039947510e-02 1.217089071869850159e-01 -3.719632625579833984e-01 9.493448734283447266e-01 -2.453800290822982788e-02 9.947921037673950195e-01 -1.159894689917564392e-01 -8.507481217384338379e-01 -1.030446141958236694e-01 -1.008542627096176147e-01 9.596689045429229736e-02 -9.989111423492431641e-01 -9.894684553146362305e-01 -1.509132832288742065e-01 -1.582072824239730835e-01 8.776283264160156250e-01 -2.860854268074035645e-01 1.278088092803955078e-01 -9.963868260383605957e-01 4.944081977009773254e-02 6.988729834556579590e-01 2.264844328165054321e-01 -7.930083274841308594e-01 9.773026704788208008e-01 9.834579229354858398e-01 -9.458417892456054688e-01 -7.545289397239685059e-01 -8.396602272987365723e-01 -8.896865695714950562e-02 -4.185605049133300781e-02 2.573673725128173828e-01 -1.896266490221023560e-01 5.531675741076469421e-02 -9.974755048751831055e-01 2.009651958942413330e-01 9.996850490570068359e-01 -1.010906547307968140e-01 9.233351349830627441e-01 -8.783462643623352051e-01 9.264509379863739014e-02 2.207492440938949585e-01 -3.370470553636550903e-02 1.101125851273536682e-01 -9.171651005744934082e-01 -4.409925341606140137e-01 5.524619221687316895e-01 -9.964327812194824219e-01 -8.243044614791870117e-01 5.629096031188964844e-01 2.739459276199340820e-01 1.353354752063751221e-01 -8.799252510070800781e-01 -2.778912782669067383e-01 1.788884252309799194e-01 -4.617525041103363037e-01 -5.476458668708801270e-01 -1.170280277729034424e-01 -2.097386121749877930e-01 1.876153945922851562e-01 9.702364206314086914e-01 4.645212888717651367e-01 -3.260287940502166748e-01 -7.239493727684020996e-01 2.116674482822418213e-01 2.840747833251953125e-01 6.562713384628295898e-01 -9.305637478828430176e-01 -3.342382907867431641e-01 -6.254234164953231812e-02 -9.382540583610534668e-01 1.270096004009246826e-01 2.729199230670928955e-01 9.613252878189086914e-01 -8.445488214492797852e-01 1.492829918861389160e-01 -8.196463584899902344e-01 9.980938434600830078e-01 -2.617202103137969971e-01 2.759008668363094330e-02 -6.463460326194763184e-01 -4.318005591630935669e-02 -5.372004508972167969e-01 -2.659518457949161530e-02 9.646742343902587891e-01 9.375177025794982910e-01 7.850890159606933594e-01 -6.347420811653137207e-02 2.971308529376983643e-01 -9.962176084518432617e-01 9.986658692359924316e-01 -9.749099016189575195e-01 2.549906373023986816e-01 4.262948036193847656e-02 9.999364614486694336e-01 4.201678633689880371e-01 -1.234447732567787170e-01 -6.707343459129333496e-01 1.565515249967575073e-01 -2.267920225858688354e-01 -5.714464783668518066e-01 9.977952241897583008e-01 -2.615945041179656982e-01 -4.639312997460365295e-02 -4.890407249331474304e-02 -1.919671446084976196e-01 3.921028971672058105e-01 1.549727767705917358e-01 2.609778046607971191e-01 -1.390487402677536011e-01 -8.599873185157775879e-01 3.465217947959899902e-01 -6.246310845017433167e-02 -3.183285295963287354e-01 -4.410011172294616699e-01 -1.564817875623703003e-01 -4.008712470531463623e-01 -5.762988924980163574e-01 9.999681711196899414e-01 -1.673344522714614868e-02 -1.214685589075088501e-01 -2.905603647232055664e-01 9.770999550819396973e-01 4.039450287818908691e-01 -1.265789866447448730e-01 -7.735520005226135254e-01 -9.570513963699340820e-01 -9.251964688301086426e-01 3.345977067947387695e-01 2.757770121097564697e-01 -4.889987707138061523e-01 -9.230477362871170044e-02 9.860940575599670410e-01 9.992251992225646973e-01 9.493405818939208984e-01 6.489121168851852417e-02 9.576128125190734863e-01 -9.576288461685180664e-01 3.044917285442352295e-01 -4.769384264945983887e-01 4.703112244606018066e-01 5.129246115684509277e-01 2.646045684814453125e-01 9.648510217666625977e-01 4.786544442176818848e-01 -8.657950758934020996e-01 -9.626546502113342285e-01 2.443076074123382568e-01 7.861335277557373047e-01 5.539552122354507446e-02 -9.857811331748962402e-01 -9.436545372009277344e-01 -7.122306227684020996e-01 1.175899710506200790e-02 -2.326518595218658447e-01 -1.045442279428243637e-02 -1.765399128198623657e-01 -2.743099033832550049e-01 -2.931503951549530029e-01 5.024747252464294434e-01 -1.904019862413406372e-01 9.739036560058593750e-01 8.024671673774719238e-01 1.754441559314727783e-01 -8.675237894058227539e-01 -8.491871356964111328e-01 -2.341279685497283936e-01 2.826501727104187012e-01 9.410787820816040039e-01 -9.858534932136535645e-01 9.114906191825866699e-01 9.228639602661132812e-01 9.385057091712951660e-01 -1.517138183116912842e-01 -5.248754024505615234e-01 -1.524369232356548309e-02 -6.417608261108398438e-01 3.943483531475067139e-01 -9.498704671859741211e-01 -3.191252946853637695e-01 -9.366921186447143555e-01 1.916304081678390503e-01 -7.285127639770507812e-01 9.665868878364562988e-01 2.623738944530487061e-01 -3.865985870361328125e-01 -4.756399989128112793e-01 7.056029140949249268e-02 7.712242603302001953e-01 1.653612405061721802e-01 -1.350184381008148193e-01 -4.674041867256164551e-01 -7.275453954935073853e-02 -3.888345658779144287e-01 9.248344302177429199e-01 9.999336600303649902e-01 -1.508796662092208862e-01 9.464097619056701660e-01 9.692340493202209473e-01 2.401407957077026367e-01 9.516533613204956055e-01 -8.341743052005767822e-02 6.973097324371337891e-01 3.857433795928955078e-01 1.811127550899982452e-02 -7.381554692983627319e-02 -1.236052885651588440e-01 3.091970086097717285e-01 9.942416548728942871e-01 6.716815382242202759e-02 -3.100221455097198486e-01 -9.950604438781738281e-01 -3.458750247955322266e-01 -9.751933626830577850e-03 4.875982925295829773e-02 -9.909557700157165527e-01 -1.070746481418609619e-01 -7.304651141166687012e-01 -2.418092638254165649e-01 9.614790678024291992e-01 6.222150325775146484e-01 -9.336634874343872070e-01 8.226971328258514404e-02 5.176742374897003174e-02 9.930292367935180664e-01 -3.650198876857757568e-02 4.080449342727661133e-01 9.985181093215942383e-01 -5.066323876380920410e-01 -9.899208545684814453e-01 9.747557044029235840e-01 -7.110348343849182129e-02 9.451485872268676758e-01 2.510891854763031006e-01 -7.019125819206237793e-01 -7.728442549705505371e-01 9.793827533721923828e-01 9.922592043876647949e-01 -2.102157473564147949e-01 -2.296838313341140747e-01 -1.133892089128494263e-01 1.583093591034412384e-02 -9.951567053794860840e-01 -9.907088279724121094e-01 -9.676977992057800293e-01 1.255082041025161743e-01 2.945415303111076355e-02 8.065767288208007812e-01 9.832465648651123047e-01 -9.920872449874877930e-01 -1.390005946159362793e-01 9.416118264198303223e-01 2.907038927078247070e-01 9.571489095687866211e-01 9.926791787147521973e-01 -9.319073557853698730e-01 2.957511246204376221e-01 8.347366452217102051e-01 -2.424529492855072021e-01 1.082722544670104980e-01 1.821016371250152588e-01 9.949714541435241699e-01 3.210600018501281738e-01 -5.288137868046760559e-02 7.683209329843521118e-02 -5.097121000289916992e-01 2.353979051113128662e-01 9.975016117095947266e-01 7.407140135765075684e-01 7.282271236181259155e-02 -7.284642755985260010e-02 3.535394370555877686e-01 1.451061666011810303e-01 9.990495443344116211e-01 3.876757323741912842e-01 9.366111755371093750e-01 -3.840331733226776123e-01 -8.439252972602844238e-01 -4.118016660213470459e-01 -3.167632818222045898e-01 -8.033975958824157715e-01 1.101650074124336243e-01 -9.420315027236938477e-01 2.225179970264434814e-01 9.926707148551940918e-01 5.077456831932067871e-01 -2.532483041286468506e-01 -9.551314115524291992e-01 2.526704967021942139e-01 6.830573081970214844e-02 3.384179249405860901e-02 -6.320302486419677734e-01 -9.574184417724609375e-01 4.056187868118286133e-01 9.902315735816955566e-01 -1.300387233495712280e-01 6.832640618085861206e-02 3.935430049896240234e-01 -9.089403152465820312e-01 -9.234932065010070801e-01 5.942400097846984863e-01 9.991179704666137695e-01 1.437193453311920166e-01 1.464725136756896973e-01 -1.137715429067611694e-01 -1.128942072391510010e-01 7.956658005714416504e-01 -1.610234230756759644e-01 9.366074204444885254e-01 4.949490725994110107e-02 8.157395720481872559e-01 -3.619933128356933594e-01 1.560127735137939453e-01 1.297874450683593750e-01 -9.957224130630493164e-01 -9.244678616523742676e-01 -1.705847084522247314e-01 2.104034274816513062e-01 1.175394207239151001e-01 -9.614768624305725098e-01 -9.338722229003906250e-01 4.740464985370635986e-01 1.512353718280792236e-01 6.887199878692626953e-01 -5.633713304996490479e-02 9.713094234466552734e-01 -3.231370151042938232e-01 2.671226263046264648e-01 -1.828818023204803467e-01 -9.984723925590515137e-01 -2.029015421867370605e-01 -2.295161783695220947e-02 -2.948257029056549072e-01 1.889784932136535645e-01 7.154825925827026367e-01 2.369234263896942139e-01 -3.842157125473022461e-01 3.402336314320564270e-02 9.988883733749389648e-01 -5.317111611366271973e-01 2.352872490882873535e-01 -4.397668242454528809e-01 8.635753393173217773e-01 -1.014046929776668549e-02 -3.558740615844726562e-01 9.312019348144531250e-01 -9.988795518875122070e-01 -3.380267694592475891e-02 1.543019115924835205e-01 6.341954320669174194e-02 -1.742283403873443604e-01 -5.166261196136474609e-01 8.176438212394714355e-01 -2.664579749107360840e-01 3.060324490070343018e-01 -5.541962385177612305e-01 7.547255754470825195e-01 -1.902725994586944580e-01 8.990074396133422852e-01 -9.888951778411865234e-01 -8.657608032226562500e-01 3.131885528564453125e-01 4.923690482974052429e-02 -8.870937228202819824e-01 -9.273629784584045410e-01 8.473998904228210449e-01 -9.564135074615478516e-01 -1.889520734548568726e-01 -9.500390291213989258e-02 1.147326827049255371e-01 3.900615572929382324e-01 7.045309543609619141e-01 -1.372022628784179688e-01 -9.966954588890075684e-01 -3.638342618942260742e-01 4.507257938385009766e-01 1.382057517766952515e-01 9.718040823936462402e-01 5.496864914894104004e-01 -4.571745097637176514e-01 -9.626521170139312744e-02 3.995127081871032715e-01 -1.646467149257659912e-01 2.518682479858398438e-01 2.434781379997730255e-02 -9.968792200088500977e-01 -6.250268220901489258e-02 -9.999396204948425293e-01 -9.363370537757873535e-01 9.349595755338668823e-02 -4.546298980712890625e-01 -4.870473444461822510e-01 -8.687552809715270996e-02 1.731016486883163452e-02 -2.955229580402374268e-01 -9.512342214584350586e-01 -6.208866238594055176e-01 9.173866361379623413e-02 -9.918344616889953613e-01 -9.941860437393188477e-01 -9.470974206924438477e-01 5.223168432712554932e-02 -4.832376241683959961e-01 -2.175100594758987427e-01 1.311125904321670532e-01 -5.017266422510147095e-02 -1.800871342420578003e-01 9.768156409263610840e-01 1.436314731836318970e-01 9.479276537895202637e-01 -1.895337253808975220e-01 5.393224582076072693e-02 1.003678441047668457e-01 9.989785552024841309e-01 -4.889433830976486206e-02 -1.360973268747329712e-01 -9.623407721519470215e-01 6.415252573788166046e-03 9.408992528915405273e-01 9.979427456855773926e-01 9.790161848068237305e-01 9.409196972846984863e-01 -9.733967781066894531e-01 -3.411526381969451904e-01 1.560027003288269043e-01 3.909851014614105225e-01 4.049232602119445801e-01 1.973435729742050171e-01 2.271678298711776733e-01 -9.935067892074584961e-01 -8.995788693428039551e-01 2.005521059036254883e-01 -9.721583127975463867e-01 9.858602285385131836e-01 -1.720623373985290527e-01 1.294874995946884155e-01 8.467289060354232788e-02 -2.164025008678436279e-01 -3.204799890518188477e-01 -9.162954688072204590e-01 -9.853783249855041504e-01 3.237486258149147034e-02 -5.877236127853393555e-01 2.561633586883544922e-01 -2.687186002731323242e-01 -9.999716281890869141e-01 -8.708716630935668945e-01 -8.334136009216308594e-01 -1.925775706768035889e-01 -3.616994712501764297e-03 1.989100426435470581e-01 2.219753712415695190e-01 6.994217038154602051e-01 9.796314239501953125e-01 -9.320114254951477051e-01 9.830568730831146240e-02 2.082965075969696045e-01 2.238319367170333862e-01 9.485786780714988708e-03 -9.197875261306762695e-01 8.621805310249328613e-01 8.042488694190979004e-01 1.932034790515899658e-01 2.877835556864738464e-02 -4.212072789669036865e-01 -8.817069530487060547e-01
9.292468428611755371e-01 9.645095467567443848e-02 -2.149546742439270020e-01 1.381976157426834106e-01 4.321125335991382599e-03 9.877048730850219727e-01 9.908654093742370605e-01 -9.435373544692993164e-01 3.428884744644165039e-01 -9.848045110702514648e-01 3.989248573780059814e-01 -9.315922260284423828e-01 9.896415472030639648e-01 -9.922656416893005371e-01 -8.997144103050231934e-01 3.149634227156639099e-02 1.276710480451583862e-01 -3.449485003948211670e-01 -4.934199750423431396e-01 -8.828379213809967041e-05 4.732972979545593262e-01 1.158584281802177429e-01 3.962123095989227295e-01 -8.303036689758300781e-01 9.978363513946533203e-01 9.287230372428894043e-01 -2.153483927249908447e-01 -2.663315832614898682e-01 3.733408153057098389e-01 9.982357621192932129e-01 9.831547737121582031e-01 2.239940613508224487e-01 5.218827724456787109e-01 2.022833377122879028e-01 -9.839235544204711914e-01 1.896061748266220093e-01 -5.020197033882141113e-01 9.879931062459945679e-02 6.181852221488952637e-01 -8.948835544288158417e-03 5.044823288917541504e-01 -9.012829512357711792e-02 1.624453514814376831e-01 -9.895176291465759277e-01 3.160798847675323486e-01 6.446881890296936035e-01 8.634107708930969238e-01 2.851008176803588867e-01 9.747816324234008789e-01 -1.914122253656387329e-01 9.745972752571105957e-01 2.581923454999923706e-02 7.838341593742370605e-01 2.096604108810424805e-01 2.877022027969360352e-01 1.043415963649749756e-01 -3.219524621963500977e-01 1.940724067389965057e-02 -9.983510375022888184e-01 -9.748309254646301270e-01 -2.744558453559875488e-01 -3.562534600496292114e-02 9.994595646858215332e-01 2.266098409891128540e-01 3.387937843799591064e-01 -9.512866139411926270e-01 9.146555066108703613e-01 9.328228831291198730e-01 -8.872725069522857666e-02 -9.775930047035217285e-01 9.953452348709106445e-01 9.841911196708679199e-01 -7.366872429847717285e-01 -7.142426967620849609e-01 -9.982775449752807617e-01 -7.847280502319335938e-01 7.802090793848037720e-02 9.076901674270629883e-01 4.761256277561187744e-01 3.244466185569763184e-01 -8.306394219398498535e-01 3.310637474060058594e-01 9.884373545646667480e-01 -8.096287250518798828e-01 9.965285062789916992e-01 3.958594053983688354e-02 5.112921595573425293e-01 1.524780541658401489e-01 -1.382070928812026978e-01 6.077510118484497070e-02 -9.894978404045104980e-01 -1.102125644683837891e-01 5.444725155830383301e-01 -9.988731145858764648e-01 -3.894957602024078369e-01 -7.988737225532531738e-01 5.757890939712524414e-01 9.607865661382675171e-02 -9.984374642372131348e-01 -1.338527351617813110e-01 -4.700762331485748291e-01 -5.476883649826049805e-01 -4.688793718814849854e-01 -9.630057215690612793e-02 8.275545388460159302e-02 2.646460533142089844e-01 8.813778758049011230e-01 2.823751866817474365e-01 -1.470084041357040405e-01 5.341272950172424316e-01 -1.218571066856384277e-01 2.976552546024322510e-01 5.239869356155395508e-01 -9.947081804275512695e-01 -2.324932962656021118e-01 -2.696592733263969421e-02 -1.765380240976810455e-02 6.970650553703308105e-01 -3.830663487315177917e-02 9.948513507843017578e-01 -9.555534124374389648e-01 4.331236779689788818e-01 -9.746201038360595703e-01 9.976513385772705078e-01 1.379727572202682495e-01 -3.423577174544334412e-02 6.654700636863708496e-01 2.092259675264358521e-01 -1.581138521432876587e-01 -4.150760546326637268e-02 9.890958666801452637e-01 3.543240725994110107e-01 -9.788913130760192871e-01 1.722120046615600586e-01 3.307796716690063477e-01 5.486277341842651367e-01 9.738135933876037598e-01 -9.965350627899169922e-01 -6.430822014808654785e-01 3.608712181448936462e-02 9.999814033508300781e-01 4.179885089397430420e-01 -1.557701230049133301e-01 9.942479729652404785e-01 5.875707138329744339e-03 8.803504109382629395e-01 -4.691634178161621094e-01 9.823977947235107422e-01 4.310040175914764404e-01 -5.220859646797180176e-01 9.444095194339752197e-02 -1.061501055955886841e-01 8.919137716293334961e-01 3.397183418273925781e-01 3.648521602153778076e-01 1.393833160400390625e-01 -9.922406673431396484e-01 9.893136620521545410e-01 1.991290748119354248e-01 -1.918079704046249390e-01 -1.332350373268127441e-01 2.675509750843048096e-01 -4.053736925125122070e-01 -4.952087998390197754e-01 9.999868869781494141e-01 3.026788681745529175e-02 -2.179903388023376465e-01 -5.449119210243225098e-01 8.650451302528381348e-01 -3.503932654857635498e-01 1.326517313718795776e-01 5.350718498229980469e-01 -9.945864081382751465e-01 -9.978063106536865234e-01 1.976671963930130005e-01 1.092386171221733093e-01 6.024920940399169922e-01 -7.131820917129516602e-02 9.950137734413146973e-01 5.279733538627624512e-01 9.182822108268737793e-01 1.101343035697937012e-01 9.988262653350830078e-01 -9.337778687477111816e-01 8.787218928337097168e-01 -9.902284145355224609e-01 1.501645296812057495e-01 -9.363738894462585449e-01 3.370691537857055664e-01 9.873908162117004395e-01 9.431059360504150391e-01 -5.764273405075073242e-01 -9.848967790603637695e-01 1.076764985918998718e-01 9.537538290023803711e-01 6.374284029006958008e-01 -9.681374430656433105e-01 -9.970957636833190918e-01 1.040991321206092834e-01 1.865501999855041504e-01 2.355312556028366089e-01 -3.189729154109954834e-01 7.390381693840026855e-01 1.618390232324600220e-01 1.832591146230697632e-01 -3.731361925601959229e-01 5.023641511797904968e-02 9.681649804115295410e-01 9.772127866744995117e-01 -2.814879268407821655e-02 -1.528981607407331467e-02 -8.669059276580810547e-01 -5.968190431594848633e-01 5.363168716430664062e-01 9.898521900177001953e-01 -9.565712213516235352e-01 9.515358805656433105e-01 9.861215353012084961e-01 9.981538653373718262e-01 4.408367574214935303e-01 -7.216573357582092285e-01 -2.555927932262420654e-01 -8.597776293754577637e-01 2.905908524990081787e-01 -9.763838052749633789e-01 -5.934277772903442383e-01 -9.854426383972167969e-01 1.219689175486564636e-01 -2.798961400985717773e-01 9.408878087997436523e-01 9.426906704902648926e-02 3.964117765426635742e-01 8.368238061666488647e-02 6.046233698725700378e-02 9.483987689018249512e-01 5.096454620361328125e-01 2.318296134471893311e-01 -2.002458572387695312e-01 3.330995514988899231e-02 6.036018487066030502e-03 7.547193169593811035e-01 9.999877214431762695e-01 -8.002491593360900879e-01 5.147466063499450684e-01 9.883589148521423340e-01 1.430616676807403564e-01 9.916076660156250000e-01 -2.564127147197723389e-01 6.283743381500244141e-01 -4.827162325382232666e-01 5.662177801132202148e-01 1.831601709127426147e-01 -1.632670015096664429e-01 -6.909924745559692383e-02 9.955314993858337402e-01 -5.988116189837455750e-02 -1.754541099071502686e-01 -9.908281564712524414e-01 4.020313620567321777e-01 9.668239355087280273e-01 -2.826028764247894287e-01 -9.913831949234008789e-01 -2.473219484090805054e-02 -9.835070967674255371e-01 3.316861018538475037e-02 9.850857853889465332e-01 9.364979863166809082e-01 -7.846394926309585571e-02 3.654490411281585693e-01 -3.533137440681457520e-01 9.936760067939758301e-01 -4.392191469669342041e-01 -5.197001248598098755e-02 9.997456073760986328e-01 -4.252034127712249756e-01 -9.378944039344787598e-01 9.704126119613647461e-01 -2.935587801039218903e-02 9.079134464263916016e-01 1.619673371315002441e-01 -9.777035117149353027e-01 -9.732561111450195312e-01 9.706457257270812988e-01 9.937002062797546387e-01 8.146506547927856445e-01 -5.434148758649826050e-02 3.354367911815643311e-01 1.019361615180969238e-01 -9.983124136924743652e-01 -9.968829154968261719e-01 -9.907768368721008301e-01 2.979781925678253174e-01 5.608900785446166992e-01 9.865538477897644043e-01 9.932579398155212402e-01 -9.804006218910217285e-01 3.812724053859710693e-01 9.846351146697998047e-01 -1.109314057976007462e-02 9.837638735771179199e-01 9.888262152671813965e-01 -9.564257264137268066e-01 -7.579597830772399902e-01 7.128941416740417480e-01 1.153653860092163086e-01 5.334174036979675293e-01 1.447914540767669678e-01 9.900875091552734375e-01 -3.274663984775543213e-01 5.359088629484176636e-02 5.123487114906311035e-01 -9.585205316543579102e-01 6.161417439579963684e-02 9.967715144157409668e-01 9.041506052017211914e-01 -2.219287008047103882e-01 8.184851706027984619e-02 1.214921027421951294e-01 9.351249784231185913e-02 9.999382495880126953e-01 1.498806178569793701e-01 5.261133909225463867e-01 -5.941979289054870605e-01 -9.890754818916320801e-01 -7.010730355978012085e-02 -6.039395928382873535e-01 5.034700036048889160e-02 3.371779620647430420e-01 -9.975983500480651855e-01 -7.924891114234924316e-01 9.999458789825439453e-01 1.548888534307479858e-01 3.041622340679168701e-01 -1.713728308677673340e-01 2.470330446958541870e-01 -3.383161127567291260e-02 8.710132539272308350e-02 -9.649255871772766113e-01 -9.931205511093139648e-01 1.611753702163696289e-01 9.881954193115234375e-01 3.921921551227569580e-02 -1.790294647216796875e-01 9.850476980209350586e-01 6.537877917289733887e-01 -9.942153096199035645e-01 8.960211873054504395e-01 9.999660849571228027e-01 2.584921121597290039e-01 7.706030011177062988e-01 2.385644465684890747e-01 -2.032554298639297485e-01 4.282594919204711914e-01 3.405576571822166443e-03 9.981869459152221680e-01 3.159536123275756836e-01 8.392813205718994141e-01 -1.725142449140548706e-01 -8.036462217569351196e-02 -3.551503717899322510e-01 -9.984180927276611328e-01 -9.977666735649108887e-01 -1.372830420732498169e-01 -1.190550103783607483e-01 1.187041476368904114e-01 -9.986574053764343262e-01 -9.980385899543762207e-01 1.942432718351483345e-03 -1.757597923278808594e-02 4.723493456840515137e-01 5.723354816436767578e-01 9.733521938323974609e-01 -2.594779729843139648e-01 4.643755257129669189e-01 -8.358486890792846680e-01 -9.976242780685424805e-01 4.026485085487365723e-01 -2.268304377794265747e-01 -1.534335613250732422e-01 3.125720843672752380e-02 9.599782824516296387e-01 -4.359695613384246826e-01 -2.115664482116699219e-01 -3.754923492670059204e-02 9.993523955345153809e-01 9.451558589935302734e-01 5.724251270294189453e-01 5.512084066867828369e-02 8.319077491760253906e-01 -9.959090501070022583e-02 -8.463457971811294556e-02 9.930664300918579102e-01 -9.906383156776428223e-01 -3.410210013389587402e-01 -3.808265924453735352e-01 1.401813328266143799e-01 -1.660272479057312012e-01 -5.032204389572143555e-01 9.992160797119140625e-01 -7.167365401983261108e-02 3.226079419255256653e-02 4.950792714953422546e-02 9.722280502319335938e-01 -3.910106420516967773e-01 9.530972242355346680e-01 -9.943552017211914062e-01 -9.949346780776977539e-01 -2.987193502485752106e-02 -1.919745802879333496e-01 -9.976193904876708984e-01 -9.509027004241943359e-01 8.593622446060180664e-01 -9.991365075111389160e-01 -2.799060195684432983e-02 3.981625139713287354e-01 2.336047962307929993e-02 9.134404361248016357e-02 4.502130448818206787e-01 4.280048906803131104e-01 -9.987322092056274414e-01 6.017340347170829773e-03 9.315797090530395508e-01 1.205396950244903564e-01 9.981985092163085938e-01 -7.513561844825744629e-02 -9.821604490280151367e-01 9.260725229978561401e-02 1.555650979280471802e-01 -9.156776964664459229e-02 -2.430908977985382080e-01 -8.298528846353292465e-04 -9.994348883628845215e-01 2.871561646461486816e-01 -9.979096055030822754e-01 -1.530705690383911133e-01 3.130147755146026611e-01 -9.477891921997070312e-01 -8.745387196540832520e-01 -1.256858557462692261e-01 -1.240502446889877319e-01 -3.261105716228485107e-01 -9.914896488189697266e-01 -9.987264871597290039e-01 2.766754925251007080e-01 -9.703852534294128418e-01 -9.887868165969848633e-01 -9.801732301712036133e-01 4.858838915824890137e-01 -4.676913321018218994e-01 -2.114622592926025391e-01 3.807757794857025146e-01 2.458002418279647827e-01 -1.511180996894836426e-01 9.848749041557312012e-01 4.394231438636779785e-01 9.914942979812622070e-01 1.769551932811737061e-01 -2.041885703802108765e-01 -3.457017242908477783e-01 6.308850049972534180e-01 9.218574762344360352e-01 -1.899230331182479858e-01 -9.791598320007324219e-01 4.033407270908355713e-01 9.971749782562255859e-01 9.977769851684570312e-01 9.908069968223571777e-01 9.861598610877990723e-01 -5.697560906410217285e-01 -3.288919925689697266e-01 1.699623912572860718e-01 7.690535187721252441e-01 9.069944024085998535e-01 3.006531000137329102e-01 1.507530808448791504e-01 -9.975423216819763184e-01 -9.990143775939941406e-01 5.254904031753540039e-01 -9.528933763504028320e-01 9.987174868583679199e-01 -3.734416365623474121e-01 5.151696801185607910e-01 -2.496843934059143066e-01 -1.262645274400711060e-01 5.063182115554809570e-01 -6.511691212654113770e-01 -9.874539375305175781e-01 -4.919991791248321533e-01 -2.802312970161437988e-01 -1.570506095886230469e-01 -2.426236122846603394e-01 -9.999988079071044922e-01 -2.098865360021591187e-01 -7.440947890281677246e-01 1.106459498405456543e-01 2.809696197509765625e-01 -4.723411500453948975e-01 2.119875252246856689e-01 8.251515030860900879e-01 9.956644773483276367e-01 -9.454686641693115234e-01 1.817713826894760132e-01 2.473704069852828979e-01 -3.727808296680450439e-01 2.928059361875057220e-02 -7.795026302337646484e-01 3.847202658653259277e-01 7.933974266052246094e-01 -4.621578752994537354e-01 3.441663458943367004e-02 2.832197211682796478e-02 -1.786349713802337646e-01
9.365647435188293457e-01 2.480970174074172974e-01 -1.723895370960235596e-01 3.037166967988014221e-02 -1.347006112337112427e-01 9.296889901161193848e-01 9.994651079177856445e-01 -9.481761455535888672e-01 3.341077864170074463e-01 -9.825989007949829102e-01 4.274564087390899658e-01 -9.006161093711853027e-01 9.821141958236694336e-01 -9.721883535385131836e-01 -9.849970340728759766e-01 -4.489072412252426147e-02 5.405573919415473938e-02 -2.570343613624572754e-01 -2.024167627096176147e-01 -1.083322092890739441e-01 6.607966870069503784e-02 1.148416250944137573e-01 5.701028704643249512e-01 -9.683532714843750000e-01 9.772339463233947754e-01 -5.991440415382385254e-01 1.742495745420455933e-01 -4.479552805423736572e-01 4.877570271492004395e-01 9.999129176139831543e-01 8.095799088478088379e-01 2.025734782218933105e-01 1.439170688390731812e-01 -5.773769319057464600e-02 -9.875818490982055664e-01 4.770968854427337646e-01 -4.348883032798767090e-01 -5.531593412160873413e-02 1.269690990447998047e-01 1.462010890245437622e-01 -5.769439041614532471e-02 3.848676383495330811e-02 6.187661364674568176e-02 -8.613226413726806641e-01 1.640899032354354858e-01 8.598359823226928711e-01 -3.318364322185516357e-01 3.515844643115997314e-01 9.786685705184936523e-01 2.764762639999389648e-01 9.929322004318237305e-01 -3.008694052696228027e-01 7.396475672721862793e-01 -3.626505378633737564e-03 7.710893154144287109e-01 2.299994528293609619e-01 -3.523688912391662598e-01 7.944010943174362183e-02 -9.964329004287719727e-01 -9.886634945869445801e-01 -1.470115631818771362e-01 -6.861825287342071533e-02 9.969881176948547363e-01 -3.613565862178802490e-02 6.252086907625198364e-02 -9.919628500938415527e-01 7.093542814254760742e-01 9.823142886161804199e-01 -1.202648505568504333e-01 -9.477270841598510742e-01 9.942645430564880371e-01 9.670358896255493164e-01 2.340097874402999878e-01 -2.899166941642761230e-01 -9.915296435356140137e-01 -6.617028117179870605e-01 -2.584457099437713623e-01 9.248856306076049805e-01 1.488414406776428223e-01 4.564079046249389648e-01 -9.264288544654846191e-01 3.499335050582885742e-01 8.262937664985656738e-01 -6.663869023323059082e-01 9.997177720069885254e-01 4.796388745307922363e-01 2.735767364501953125e-01 2.357405573129653931e-01 3.410829603672027588e-02 -1.004562005400657654e-01 -9.986997246742248535e-01 -3.367093503475189209e-01 4.590300917625427246e-01 -9.996390342712402344e-01 -4.680410921573638916e-01 -8.328570127487182617e-01 -3.544355630874633789e-01 -6.697688251733779907e-02 -7.845464348793029785e-01 -3.620621263980865479e-01 -7.793694734573364258e-01 -9.347404837608337402e-01 -5.085182785987854004e-01 -1.235946938395500183e-01 -3.658822551369667053e-02 3.434256315231323242e-01 9.619310498237609863e-01 -1.021841391921043396e-01 1.927126497030258179e-01 7.665773034095764160e-01 -2.973182797431945801e-01 2.984262704849243164e-01 9.246976375579833984e-01 -9.994909167289733887e-01 1.261704713106155396e-01 -4.019265249371528625e-02 9.753100872039794922e-01 9.558261036872863770e-01 3.649942278861999512e-01 9.929993152618408203e-01 -9.448053836822509766e-01 1.914291977882385254e-01 -9.857855439186096191e-01 9.935675859451293945e-01 2.798315286636352539e-01 4.111731648445129395e-01 8.453025817871093750e-01 4.039829969406127930e-01 1.170005351305007935e-01 -5.680162832140922546e-02 9.952219724655151367e-01 9.094612598419189453e-01 -9.841514825820922852e-01 -1.943709254264831543e-01 2.910153269767761230e-01 -6.317434906959533691e-01 9.030334353446960449e-01 -9.992270469665527344e-01 -8.112592697143554688e-01 -2.486575543880462646e-01 9.998921751976013184e-01 -1.636028885841369629e-01 -2.263261936604976654e-02 9.213067293167114258e-01 -7.582514733076095581e-02 9.358615875244140625e-01 9.039823710918426514e-02 9.452118277549743652e-01 8.496460318565368652e-01 -4.673094749450683594e-01 1.493653357028961182e-01 -4.289114102721214294e-02 8.506826758384704590e-01 1.868837475776672363e-01 1.416218131780624390e-01 1.883180886507034302e-01 -9.991731643676757812e-01 9.979346990585327148e-01 6.956431549042463303e-03 -2.944741845130920410e-01 -3.372212350368499756e-01 8.326112478971481323e-02 -2.528122663497924805e-01 -1.872844845056533813e-01 9.999204874038696289e-01 2.451134920120239258e-01 7.842563837766647339e-02 -1.399071365594863892e-01 8.109242469072341919e-02 -8.126209378242492676e-01 3.964898288249969482e-01 7.929134964942932129e-01 -8.206648230552673340e-01 -9.998534321784973145e-01 5.339047908782958984e-01 2.356670498847961426e-01 1.851686090230941772e-01 2.876261249184608459e-02 9.983906149864196777e-01 -5.723714232444763184e-01 9.591929316520690918e-01 3.328874111175537109e-01 9.987292885780334473e-01 -9.856886267662048340e-01 9.301610589027404785e-01 -9.939520955085754395e-01 8.754638582468032837e-02 -9.803449511528015137e-01 3.260296285152435303e-01 9.716743826866149902e-01 9.865972995758056641e-01 -2.587072551250457764e-01 -9.849426746368408203e-01 3.121216893196105957e-01 9.480590224266052246e-01 5.534390807151794434e-01 -8.510656356811523438e-01 -9.996772408485412598e-01 3.598490729928016663e-02 2.156524211168289185e-01 4.070257768034934998e-02 1.437478661537170410e-01 2.677208781242370605e-01 3.953977674245834351e-02 -1.270066294819116592e-02 -5.197253078222274780e-02 2.983069419860839844e-02 7.782942056655883789e-01 8.853211402893066406e-01 1.284243017435073853e-01 6.936489343643188477e-01 -7.376952767372131348e-01 -4.081102311611175537e-01 3.420917391777038574e-01 9.990260004997253418e-01 -9.686586856842041016e-01 9.420596361160278320e-01 1.312174499034881592e-01 9.999312758445739746e-01 2.798749804496765137e-01 -6.944056749343872070e-01 -1.479639410972595215e-01 -6.167727112770080566e-01 2.026329487562179565e-01 -9.299256205558776855e-01 1.324918568134307861e-01 -9.962495565414428711e-01 4.119501411914825439e-01 -9.020874500274658203e-01 9.912580847740173340e-01 1.415753364562988281e-01 3.888840079307556152e-01 -1.344406902790069580e-01 1.756968349218368530e-01 9.753796458244323730e-01 5.009975433349609375e-01 7.952045202255249023e-01 -5.837782099843025208e-02 -6.631290167570114136e-02 4.544118791818618774e-02 1.935535371303558350e-01 9.999755620956420898e-01 -9.375243782997131348e-01 8.256496191024780273e-01 9.981584548950195312e-01 5.982571840286254883e-02 9.502174258232116699e-01 -1.181025803089141846e-01 9.829816818237304688e-01 -2.641803026199340820e-01 2.151472121477127075e-01 1.451536267995834351e-01 -2.722374796867370605e-01 -3.208830058574676514e-01 9.932789802551269531e-01 -3.417354822158813477e-01 -5.351224169135093689e-02 -9.987861514091491699e-01 8.954752683639526367e-01 9.989892244338989258e-01 -1.522175371646881104e-01 -9.849335551261901855e-01 -3.339689075946807861e-01 -9.945769309997558594e-01 -7.239316403865814209e-02 9.644492864608764648e-01 9.762633442878723145e-01 8.486952185630798340e-01 6.542791724205017090e-01 -2.006639987230300903e-01 9.559838771820068359e-01 -3.054667115211486816e-01 -2.661338150501251221e-01 9.995456337928771973e-01 -3.074935972690582275e-01 -9.526888728141784668e-01 6.575652956962585449e-01 -3.811398148536682129e-01 1.097062528133392334e-01 -1.489444971084594727e-01 -9.788411259651184082e-01 -9.815546274185180664e-01 9.887027144432067871e-01 9.890940785408020020e-01 9.257199764251708984e-01 -1.373854577541351318e-01 3.891759216785430908e-01 -1.271304935216903687e-01 -9.984403848648071289e-01 -9.968209266662597656e-01 -9.486842155456542969e-01 1.054251641035079956e-01 2.512836754322052002e-01 9.475010633468627930e-01 9.993741512298583984e-01 -9.952098131179809570e-01 3.644131720066070557e-01 9.305163621902465820e-01 7.136989384889602661e-02 9.158011674880981445e-01 9.725898504257202148e-01 -4.405382871627807617e-01 -9.722183346748352051e-01 8.550693988800048828e-01 2.409272491931915283e-01 6.176397800445556641e-01 9.723576158285140991e-02 9.919657707214355469e-01 -4.884935915470123291e-01 -2.201076298952102661e-01 -4.237775877118110657e-02 -9.618427753448486328e-01 -3.115962445735931396e-01 9.750580787658691406e-01 9.684761166572570801e-01 -1.749554532580077648e-03 7.656137645244598389e-02 -2.931826412677764893e-01 -1.539764106273651123e-01 9.999451637268066406e-01 1.675829738378524780e-01 8.700986504554748535e-01 -3.862279057502746582e-01 -9.912873506546020508e-01 -2.096219807863235474e-01 -5.182864665985107422e-01 5.861947536468505859e-01 5.878242254257202148e-01 -9.998504519462585449e-01 -4.787428975105285645e-01 9.999746680259704590e-01 -5.537870526313781738e-02 -5.469949543476104736e-02 -8.076168298721313477e-01 9.798584133386611938e-02 -1.885773241519927979e-01 1.186444535851478577e-01 -9.597460627555847168e-01 -9.988669753074645996e-01 4.368460178375244141e-01 9.216460585594177246e-01 -4.806629847735166550e-03 1.820628196001052856e-01 9.919773340225219727e-01 -5.879624485969543457e-01 -9.965392947196960449e-01 9.858490228652954102e-01 9.999810457229614258e-01 3.476881235837936401e-02 9.598740339279174805e-01 1.368348300457000732e-01 -2.770606577396392822e-01 -7.348145246505737305e-01 3.870847523212432861e-01 9.999295473098754883e-01 4.319847524166107178e-01 8.761662840843200684e-01 5.152408033609390259e-02 -1.678288578987121582e-01 -3.271019319072365761e-03 -9.987472891807556152e-01 -9.998823404312133789e-01 9.450853615999221802e-02 -4.892311245203018188e-02 2.999573945999145508e-01 -9.939942955970764160e-01 -9.999303221702575684e-01 -5.801099538803100586e-01 -1.473640948534011841e-01 1.136050224304199219e-01 5.178964138031005859e-01 9.960252642631530762e-01 -1.310626566410064697e-01 2.491887658834457397e-01 -9.333388209342956543e-01 -9.939661622047424316e-01 2.473740726709365845e-01 2.725895047187805176e-01 -2.529225349426269531e-01 -2.835318744182586670e-01 9.479206204414367676e-01 -4.722879827022552490e-01 -7.217560410499572754e-01 -1.535591334104537964e-01 9.994155764579772949e-01 9.986237287521362305e-01 6.309317797422409058e-02 3.117637038230895996e-01 9.786010384559631348e-01 2.162200361490249634e-01 -9.079963713884353638e-02 9.922271370887756348e-01 -9.859143495559692383e-01 -2.041740417480468750e-01 -2.649477422237396240e-01 6.375973224639892578e-01 -3.264790773391723633e-01 -3.848603665828704834e-01 9.995308518409729004e-01 -7.047034054994583130e-02 -1.951244324445724487e-01 1.700336784124374390e-01 9.958531856536865234e-01 3.163479268550872803e-04 9.063860774040222168e-01 -9.454769492149353027e-01 -9.995142817497253418e-01 1.911497712135314941e-01 -8.239061571657657623e-03 -9.901831746101379395e-01 -9.260949492454528809e-01 9.776414036750793457e-01 -9.991726279258728027e-01 -1.586788445711135864e-01 -6.069706678390502930e-01 -4.854856431484222412e-02 -3.282918408513069153e-02 6.045354604721069336e-01 8.597274422645568848e-01 -9.921353459358215332e-01 -1.605775952339172363e-01 9.361832141876220703e-01 -8.554443717002868652e-02 9.997689127922058105e-01 -1.682996004819869995e-01 -9.191141128540039062e-01 1.662070453166961670e-01 1.508202701807022095e-01 7.886619865894317627e-02 -1.718248575925827026e-01 -1.223048344254493713e-01 -9.941611886024475098e-01 5.432759523391723633e-01 -9.980208277702331543e-01 1.242075413465499878e-01 1.517184376716613770e-01 -9.632693529129028320e-01 -9.813122749328613281e-01 -1.649767309427261353e-01 1.973036080598831177e-01 -7.044390588998794556e-02 -9.874000549316406250e-01 -9.982026815414428711e-01 1.429225802421569824e-01 -8.066734671592712402e-01 -9.132684469223022461e-01 -9.808946847915649414e-01 -2.637088298797607422e-02 -3.059592247009277344e-01 -2.560796737670898438e-01 3.396257758140563965e-01 4.486138820648193359e-01 -1.529222633689641953e-02 6.220991611480712891e-01 9.722260385751724243e-02 9.998528361320495605e-01 2.614293694496154785e-01 -4.483062624931335449e-01 -5.276056528091430664e-01 9.466593265533447266e-01 3.158356994390487671e-02 -9.887059032917022705e-02 -8.427101969718933105e-01 -3.083436749875545502e-02 9.998125433921813965e-01 9.982212185859680176e-01 9.957364797592163086e-01 9.995155930519104004e-01 9.111468195915222168e-01 -2.497552428394556046e-03 -2.016009092330932617e-01 9.256478548049926758e-01 9.667993187904357910e-01 1.649671345949172974e-01 2.838542759418487549e-01 -9.859490394592285156e-01 -9.733443260192871094e-01 8.971284329891204834e-02 -9.666197299957275391e-01 9.997487664222717285e-01 -4.199302792549133301e-01 1.633397191762924194e-01 -2.364284396171569824e-01 1.423824951052665710e-02 1.481321007013320923e-01 -8.916294202208518982e-03 -9.961974024772644043e-01 -5.597543120384216309e-01 2.967349998652935028e-02 1.499913781881332397e-01 -1.444764584302902222e-01 -9.999853372573852539e-01 -6.242187023162841797e-01 3.847994506359100342e-01 1.230643540620803833e-01 2.136067152023315430e-01 -4.375020265579223633e-01 1.820235997438430786e-01 4.294948279857635498e-01 9.729129076004028320e-01 -6.310510635375976562e-01 2.379136830568313599e-01 -4.061583802103996277e-02 -2.560614347457885742e-01 -2.027716934680938721e-01 -9.425107836723327637e-01 5.648162364959716797e-01 5.835325121879577637e-01 -2.028575539588928223e-01 -3.891974091529846191e-01 -1.081457138061523438e-01 6.305927634239196777e-01
9.903531670570373535e-01 3.953875303268432617e-01 -3.703460330143570900e-03 1.146993190050125122e-01 -5.085833072662353516e-01 8.696860074996948242e-01 9.903630614280700684e-01 -9.909222126007080078e-01 3.166044130921363831e-02 -9.560933113098144531e-01 3.470800220966339111e-01 -9.426211714744567871e-01 9.665141701698303223e-01 -9.935468435287475586e-01 -9.698044657707214355e-01 -1.032690182328224182e-01 4.482203163206577301e-03 -2.644215524196624756e-01 -4.439925849437713623e-01 -1.474346816539764404e-01 4.920489788055419922e-01 3.820522427558898926e-01 -4.948419034481048584e-01 -6.178377270698547363e-01 9.982244372367858887e-01 7.032600045204162598e-01 -2.969591505825519562e-02 -3.622921109199523926e-01 4.009122252464294434e-01 9.961911439895629883e-01 8.853099942207336426e-01 2.529774308204650879e-01 3.938426077365875244e-01 7.585979253053665161e-02 -9.823142886161804199e-01 1.994692534208297729e-01 -5.898851156234741211e-01 -4.208343848586082458e-02 6.826244294643402100e-03 1.368149463087320328e-02 1.783715188503265381e-01 -1.569709032773971558e-01 1.860695332288742065e-01 -9.875688552856445312e-01 4.687090218067169189e-02 9.527353048324584961e-01 -2.535847947001457214e-02 2.922591567039489746e-01 9.785172343254089355e-01 -1.878212541341781616e-01 9.854858517646789551e-01 -2.439840435981750488e-01 8.687282204627990723e-01 1.490153092890977859e-02 5.005096197128295898e-01 1.391986906528472900e-01 -3.386104404926300049e-01 -1.194936558604240417e-01 -9.994598627090454102e-01 -9.766033291816711426e-01 -1.943658441305160522e-01 -1.108795329928398132e-01 9.916291236877441406e-01 8.990603499114513397e-03 5.192591995000839233e-02 -9.800500869750976562e-01 5.016982555389404297e-01 8.178579807281494141e-01 -1.172323077917098999e-01 -7.851251363754272461e-01 9.642946720123291016e-01 9.970782399177551270e-01 -7.515076398849487305e-01 -7.023107409477233887e-01 -9.725260734558105469e-01 -7.895295619964599609e-01 4.846630617976188660e-03 9.379485249519348145e-01 3.334662914276123047e-01 5.190395936369895935e-02 -9.182983636856079102e-01 3.932465016841888428e-01 9.961145520210266113e-01 -7.453308105468750000e-01 9.953826069831848145e-01 7.648147940635681152e-01 3.060862123966217041e-01 2.932676970958709717e-01 -2.824521958827972412e-01 9.356650710105895996e-02 -9.895777702331542969e-01 -2.965216040611267090e-01 2.658089399337768555e-01 -9.994559288024902344e-01 -8.301551938056945801e-01 4.804556369781494141e-01 3.443786203861236572e-01 8.388426154851913452e-02 -9.887235760688781738e-01 -3.973037376999855042e-02 -9.666613340377807617e-01 -7.838444113731384277e-01 3.384919762611389160e-01 1.902643218636512756e-02 -1.789893805980682373e-01 2.452334463596343994e-01 9.903628826141357422e-01 2.424372583627700806e-01 -2.052694261074066162e-01 5.565288662910461426e-01 8.577574044466018677e-02 3.076695799827575684e-01 6.469538807868957520e-01 -9.945850968360900879e-01 -7.565297186374664307e-02 -2.357925027608871460e-01 -3.546738922595977783e-01 9.128760695457458496e-01 3.211440145969390869e-01 9.984458684921264648e-01 -8.580074906349182129e-01 4.051198363304138184e-01 -9.560297131538391113e-01 9.995958805084228516e-01 -6.809931993484497070e-02 2.555279992520809174e-02 6.817812919616699219e-01 1.668228209018707275e-01 -1.467509716749191284e-01 -5.399519205093383789e-02 9.992734789848327637e-01 7.632476091384887695e-01 -9.312388896942138672e-01 1.518009752035140991e-01 5.189961194992065430e-01 -8.884896636009216309e-01 9.444899559020996094e-01 -9.971842765808105469e-01 -8.463215827941894531e-01 2.005916237831115723e-01 9.999730587005615234e-01 1.983741223812103271e-01 1.510220021009445190e-01 9.663627147674560547e-01 -2.117101401090621948e-01 9.005458950996398926e-01 -5.790309906005859375e-01 9.991861581802368164e-01 3.697859644889831543e-01 -5.445112586021423340e-01 -9.160692244768142700e-02 -2.996187470853328705e-02 6.716428995132446289e-01 5.645675212144851685e-02 1.651250869035720825e-01 -9.741150587797164917e-02 -9.829880595207214355e-01 9.866067767143249512e-01 2.141685783863067627e-01 -6.156073138117790222e-02 -1.387097537517547607e-01 7.657074183225631714e-02 -3.466761410236358643e-01 -5.423386096954345703e-01 9.999832510948181152e-01 2.494967281818389893e-01 -2.254613786935806274e-01 -4.403164386749267578e-01 8.208730816841125488e-01 -6.759259104728698730e-01 6.028683483600616455e-02 -4.434897899627685547e-01 -9.751460552215576172e-01 -9.952771663665771484e-01 2.463330775499343872e-01 6.164365634322166443e-02 3.726791441440582275e-01 2.930908091366291046e-02 9.966547489166259766e-01 9.769182205200195312e-01 8.745834827423095703e-01 -1.427802741527557373e-01 9.977357983589172363e-01 -9.010895490646362305e-01 9.226616621017456055e-01 -9.981625080108642578e-01 8.401250839233398438e-02 -6.796173453330993652e-01 5.175978541374206543e-01 9.717865586280822754e-01 9.741903543472290039e-01 -8.247150778770446777e-01 -9.841831326484680176e-01 3.169417679309844971e-01 9.702178239822387695e-01 3.967010080814361572e-01 -9.709768891334533691e-01 -9.962705969810485840e-01 -5.682809278368949890e-02 4.607383012771606445e-01 6.368545442819595337e-02 -2.762710154056549072e-01 -3.543249070644378662e-01 3.825179487466812134e-02 -1.961717903614044189e-01 3.919636830687522888e-02 1.042866855859756470e-01 9.521469473838806152e-01 9.618794918060302734e-01 -2.206880226731300354e-02 3.631543815135955811e-01 -7.861016988754272461e-01 -4.257088303565979004e-01 5.437197089195251465e-01 9.942534565925598145e-01 -9.812181591987609863e-01 8.939982652664184570e-01 9.093611240386962891e-01 9.961230158805847168e-01 4.111947417259216309e-01 -5.878368020057678223e-01 -2.107233703136444092e-01 -9.044291973114013672e-01 1.496680080890655518e-01 -7.452796697616577148e-01 -1.485413610935211182e-01 -9.878671765327453613e-01 3.359328806400299072e-01 -7.471816539764404297e-01 9.815836548805236816e-01 -1.182279810309410095e-01 3.383167386054992676e-01 -1.334194391965866089e-01 2.544269263744354248e-01 8.911945819854736328e-01 5.785452127456665039e-01 -1.341158002614974976e-01 -6.961253285408020020e-02 -2.572523802518844604e-02 7.163479924201965332e-02 1.102380603551864624e-01 9.999953508377075195e-01 -8.597222566604614258e-01 4.266863167285919189e-01 9.856756329536437988e-01 1.471554785966873169e-01 9.720717668533325195e-01 -2.525762654840946198e-03 8.777441382408142090e-01 -4.145840406417846680e-01 4.337812066078186035e-01 2.087065875530242920e-01 -4.482759535312652588e-02 -2.446918636560440063e-01 9.944744110107421875e-01 -1.687891781330108643e-01 -3.441402912139892578e-01 -9.980131983757019043e-01 3.847427666187286377e-01 9.399135708808898926e-01 -6.543378531932830811e-02 -9.945640563964843750e-01 -3.540905192494392395e-02 -9.641855955123901367e-01 -8.777436800301074982e-03 9.930892586708068848e-01 9.544955492019653320e-01 -9.364204108715057373e-02 4.543223381042480469e-01 -3.085654973983764648e-01 9.615222215652465820e-01 -3.896221518516540527e-01 -7.341670393943786621e-01 9.997703433036804199e-01 -1.888651400804519653e-01 -8.904152512550354004e-01 9.678013920783996582e-01 -1.830427646636962891e-01 9.052410125732421875e-01 2.826503813266754150e-01 -9.865812659263610840e-01 -9.508790969848632812e-01 9.523576498031616211e-01 9.755443930625915527e-01 8.795624971389770508e-01 -1.894235163927078247e-01 2.870600223541259766e-01 1.608566790819168091e-01 -9.988127350807189941e-01 -9.990200996398925781e-01 -9.299743175506591797e-01 3.613527417182922363e-01 3.631355464458465576e-01 8.371756076812744141e-01 9.941593408584594727e-01 -9.782271385192871094e-01 4.050298035144805908e-01 9.725157618522644043e-01 4.514401406049728394e-02 9.878569245338439941e-01 9.822131991386413574e-01 -9.589566588401794434e-01 -7.988315820693969727e-01 9.017529487609863281e-01 6.340239942073822021e-02 4.434764683246612549e-01 2.215349525213241577e-01 9.974450469017028809e-01 -7.052788138389587402e-01 2.897666692733764648e-01 7.608638610690832138e-03 -9.638414978981018066e-01 1.582548022270202637e-01 9.948941469192504883e-01 9.845088124275207520e-01 -5.109877139329910278e-02 4.570882301777601242e-03 -1.208144947886466980e-01 -2.887084148824214935e-03 9.999772906303405762e-01 3.123270273208618164e-01 7.932193279266357422e-01 -5.349628329277038574e-01 -9.769749045372009277e-01 -4.034515023231506348e-01 -5.419763326644897461e-01 1.037392690777778625e-01 5.611364245414733887e-01 -9.961354136466979980e-01 5.977768301963806152e-01 9.995544552803039551e-01 1.962140649557113647e-01 1.647028625011444092e-01 -8.552517890930175781e-01 2.100305259227752686e-01 8.430220931768417358e-02 1.336543112993240356e-01 -9.833493232727050781e-01 -9.909470677375793457e-01 3.213441967964172363e-01 9.945453405380249023e-01 -3.010301664471626282e-02 -2.391248345375061035e-01 9.642043113708496094e-01 -3.386732339859008789e-01 -9.911957979202270508e-01 9.588529467582702637e-01 9.999780654907226562e-01 1.012490540742874146e-01 7.903298735618591309e-01 3.650220036506652832e-01 -7.972067594528198242e-02 4.885017573833465576e-01 5.081854760646820068e-02 9.967029094696044922e-01 1.148773580789566040e-01 8.633891940116882324e-01 -1.317047178745269775e-01 -2.858878374099731445e-01 -1.249478310346603394e-01 -9.982564449310302734e-01 -9.946861267089843750e-01 -2.359840571880340576e-01 -1.806625723838806152e-01 2.497402280569076538e-01 -9.637194871902465820e-01 -9.962322115898132324e-01 -2.735171914100646973e-01 1.040206551551818848e-01 3.671117722988128662e-01 5.345257520675659180e-01 9.707187414169311523e-01 -2.145966887474060059e-01 5.067914724349975586e-01 -5.401989221572875977e-01 -9.987843632698059082e-01 3.809795379638671875e-01 2.242736667394638062e-01 -3.633890748023986816e-01 5.928472056984901428e-02 9.416830539703369141e-01 -2.521727681159973145e-01 -6.514370441436767578e-01 5.932783707976341248e-02 9.995622038841247559e-01 7.808592915534973145e-01 5.352619290351867676e-01 3.661812469363212585e-02 8.499048948287963867e-01 -1.162237823009490967e-01 1.289114207029342651e-01 8.783437609672546387e-01 -9.982320070266723633e-01 -4.301310181617736816e-01 -3.100267350673675537e-01 3.135928511619567871e-01 -1.299376934766769409e-01 -5.706987977027893066e-01 9.976531267166137695e-01 7.404372841119766235e-02 -6.238244101405143738e-02 -3.295356407761573792e-02 9.389516711235046387e-01 -3.990310728549957275e-01 9.274373054504394531e-01 -9.979290366172790527e-01 -9.872084259986877441e-01 -5.669951438903808594e-03 -3.862467780709266663e-02 -9.977374672889709473e-01 -9.494806528091430664e-01 9.901955723762512207e-01 -9.933099150657653809e-01 7.102258503437042236e-02 -4.910840690135955811e-01 1.828801333904266357e-01 -3.523864597082138062e-02 -8.310612291097640991e-02 6.586677432060241699e-01 -9.971104860305786133e-01 -1.088753193616867065e-01 8.406538963317871094e-01 8.717904984951019287e-02 9.984863996505737305e-01 3.431414067745208740e-02 -9.772361516952514648e-01 2.694454193115234375e-01 2.454098612070083618e-01 -7.717660814523696899e-02 -2.412768900394439697e-01 2.814569473266601562e-01 -9.996546506881713867e-01 6.333686709403991699e-01 -9.987003207206726074e-01 -4.319048225879669189e-01 2.710362672805786133e-01 -9.736762642860412598e-01 -9.156236052513122559e-01 -1.914177387952804565e-01 -3.020710349082946777e-01 -1.959636062383651733e-02 -9.766398072242736816e-01 -9.725317358970642090e-01 2.351449280977249146e-01 -9.059628844261169434e-01 -9.505677819252014160e-01 -9.626493453979492188e-01 4.814587533473968506e-01 -4.703191220760345459e-01 -4.442849382758140564e-02 4.151512384414672852e-01 2.212242335081100464e-01 -3.521652519702911377e-02 9.760534167289733887e-01 5.447750687599182129e-01 9.901381134986877441e-01 2.941652834415435791e-01 -1.526630520820617676e-01 -2.051815241575241089e-01 9.648144245147705078e-01 6.271609067916870117e-01 -1.560033261775970459e-01 -9.054698944091796875e-01 3.454220592975616455e-01 9.956748485565185547e-01 9.982228875160217285e-01 9.699668288230895996e-01 9.952674508094787598e-01 -7.446238994598388672e-01 -2.495248615741729736e-01 8.745688945055007935e-02 9.291232228279113770e-01 9.663533568382263184e-01 2.770739793777465820e-01 3.826124668121337891e-01 -9.943190217018127441e-01 -9.978284239768981934e-01 4.936502873897552490e-01 -9.692545533180236816e-01 9.990647435188293457e-01 -3.812136650085449219e-01 4.968699514865875244e-01 -5.382671579718589783e-02 6.932193785905838013e-02 3.928121924400329590e-01 -8.974235653877258301e-01 -9.921249151229858398e-01 -4.513491094112396240e-01 -3.288913965225219727e-01 -1.601386517286300659e-01 -1.963362395763397217e-01 -9.999980330467224121e-01 -5.786617994308471680e-01 -3.544217348098754883e-01 3.798336684703826904e-01 1.046491414308547974e-01 -3.375938534736633301e-01 2.814777195453643799e-01 7.919653058052062988e-01 9.965504407882690430e-01 -5.291113257408142090e-01 2.280027233064174652e-02 3.405067324638366699e-01 -3.288684189319610596e-01 -3.749438226222991943e-01 -7.848526835441589355e-01 1.179353743791580200e-01 8.036015033721923828e-01 -4.421970546245574951e-01 -8.147327601909637451e-02 -9.075937420129776001e-02 6.141043454408645630e-02
2.757907211780548096e-01 2.470894455909729004e-01 5.184689164161682129e-01 3.230209946632385254e-01 -4.520402848720550537e-01 8.492721915245056152e-01 9.989977478981018066e-01 -9.794844388961791992e-01 -1.737988144159317017e-01 -9.817407727241516113e-01 1.122964769601821899e-01 -9.511981606483459473e-01 1.709402054548263550e-01 -5.950360894203186035e-01 -7.392969727516174316e-01 7.989113032817840576e-02 -1.331416219472885132e-01 -6.803401559591293335e-02 -4.644165039062500000e-01 -3.533411026000976562e-01 2.268937379121780396e-01 7.637730985879898071e-02 9.518859386444091797e-01 7.120248079299926758e-01 9.973717927932739258e-01 9.964264631271362305e-01 -1.266206502914428711e-01 -1.396414935588836670e-01 -3.544463589787483215e-02 3.810451328754425049e-01 9.354653954505920410e-01 -1.844474375247955322e-01 4.466781318187713623e-01 1.516725271940231323e-01 -9.915156364440917969e-01 -2.697596251964569092e-01 -3.959716558456420898e-01 -1.335879564285278320e-01 9.750966429710388184e-01 -3.740501105785369873e-01 2.933008410036563873e-02 -3.505968749523162842e-01 1.573243737220764160e-01 -9.965172410011291504e-01 -9.152808040380477905e-02 6.398140192031860352e-01 -8.688491582870483398e-01 5.689143389463424683e-02 9.525020718574523926e-01 -2.543174028396606445e-01 9.893774986267089844e-01 -9.184921532869338989e-02 9.667040705680847168e-01 -1.252869516611099243e-01 -6.405053138732910156e-01 3.348351642489433289e-02 1.137944161891937256e-01 3.073885738849639893e-01 -9.998950958251953125e-01 -8.909481763839721680e-01 -1.428872793912887573e-01 2.351214885711669922e-01 9.309037923812866211e-01 5.232608318328857422e-02 -1.970628201961517334e-01 -9.978996515274047852e-01 8.733851313591003418e-01 3.973416388034820557e-01 -2.035868167877197266e-02 7.332255840301513672e-01 9.820603728294372559e-01 9.851064085960388184e-01 -9.056553244590759277e-01 -9.868685603141784668e-01 -9.813649058341979980e-01 -4.003113806247711182e-01 -1.583212018013000488e-01 7.003626823425292969e-01 -2.050129026174545288e-01 -2.699634432792663574e-01 -9.300814867019653320e-01 -1.977955363690853119e-02 9.989116787910461426e-01 -2.172714173793792725e-01 7.112109661102294922e-01 -1.826233416795730591e-01 1.711038947105407715e-01 4.427385926246643066e-01 -2.434965223073959351e-01 3.922712206840515137e-01 -9.119881391525268555e-01 -1.446311324834823608e-01 5.032851099967956543e-01 -9.785389304161071777e-01 -9.958083629608154297e-01 -1.362094581127166748e-01 9.920153617858886719e-01 -2.160722948610782623e-02 -9.933375716209411621e-01 -5.640694499015808105e-01 -4.561366140842437744e-01 -7.551234960556030273e-01 -3.318025171756744385e-01 -3.074277341365814209e-01 3.895198926329612732e-02 -3.934333100914955139e-03 9.998145103454589844e-01 5.159509778022766113e-01 -3.107282519340515137e-01 4.574776291847229004e-01 1.071550399065017700e-01 7.542497515678405762e-01 6.283847689628601074e-01 -9.457487463951110840e-01 -3.970018327236175537e-01 4.390370845794677734e-01 -9.331272244453430176e-01 7.153388261795043945e-01 2.129625231027603149e-01 9.887637495994567871e-01 -9.806287884712219238e-01 -9.089661762118339539e-03 -9.037542939186096191e-01 9.982107281684875488e-01 -1.148581951856613159e-01 -1.173388585448265076e-02 -8.780608773231506348e-01 -1.856895089149475098e-01 -5.537819266319274902e-01 -2.971645593643188477e-01 9.907688498497009277e-01 9.698511958122253418e-01 3.706352710723876953e-01 1.898702681064605713e-01 3.753178119659423828e-01 -9.811782240867614746e-01 9.926617741584777832e-01 -9.783132672309875488e-01 -9.067596793174743652e-01 3.803019821643829346e-01 9.999628663063049316e-01 2.898491024971008301e-01 -3.406668007373809814e-01 8.479057550430297852e-01 -8.108884841203689575e-02 5.374922752380371094e-01 -5.698869228363037109e-01 9.974043965339660645e-01 -4.433425962924957275e-01 -1.556136608123779297e-01 -2.840017378330230713e-01 7.331484556198120117e-02 5.938250422477722168e-01 -2.020337134599685669e-01 4.751461446285247803e-01 -7.056841850280761719e-01 -1.716978996992111206e-01 3.309237658977508545e-01 7.488420233130455017e-03 3.225298821926116943e-01 -4.308012127876281738e-01 1.341212093830108643e-01 -2.483377605676651001e-01 -2.324842810630798340e-01 9.999731183052062988e-01 -2.020881278440356255e-03 -1.828970760107040405e-01 -4.084071815013885498e-01 9.695352911949157715e-01 6.436207890510559082e-01 1.912461817264556885e-01 -4.110715985298156738e-01 -9.915050268173217773e-01 -4.497280716896057129e-01 4.589235484600067139e-01 2.485549002885818481e-01 -5.152955651283264160e-01 -2.206653915345668793e-02 9.852716326713562012e-01 9.994126558303833008e-01 9.888266921043395996e-01 -1.556290835142135620e-01 9.833570122718811035e-01 -1.395857930183410645e-01 1.930461972951889038e-01 -9.221289753913879395e-01 -3.849763050675392151e-02 -9.708238244056701660e-01 3.256161510944366455e-01 9.745884537696838379e-01 9.767578244209289551e-01 -9.873869419097900391e-01 -8.599159121513366699e-01 3.520329296588897705e-01 8.463882207870483398e-01 -2.953585386276245117e-01 -9.798400998115539551e-01 -8.659107685089111328e-01 -5.201998949050903320e-01 1.367147117853164673e-01 -2.403827756643295288e-01 -3.240222632884979248e-01 -8.809472918510437012e-01 1.785986125469207764e-01 -2.013606429100036621e-01 7.469640374183654785e-01 8.785949088633060455e-03 9.902450442314147949e-01 9.896070957183837891e-01 -1.925170421600341797e-01 -8.159589171409606934e-01 5.822979807853698730e-01 -3.409523963928222656e-01 5.037871599197387695e-01 9.392262697219848633e-01 -9.693695306777954102e-01 5.057989805936813354e-02 8.151811361312866211e-01 4.631493091583251953e-01 -9.923165291547775269e-02 -1.015936285257339478e-01 -1.282234191894531250e-01 -4.575983881950378418e-01 2.271769940853118896e-01 -9.576053619384765625e-01 8.498323559761047363e-01 -9.331618547439575195e-01 3.154703080654144287e-01 -9.038519859313964844e-01 9.957941770553588867e-01 2.390896677970886230e-01 3.534573912620544434e-01 -8.569984138011932373e-02 1.316585689783096313e-01 8.620819449424743652e-01 4.482680559158325195e-01 3.076422214508056641e-01 -6.644805669784545898e-01 3.386102318763732910e-01 -4.543214738368988037e-01 9.604365825653076172e-01 9.999758601188659668e-01 4.745600372552871704e-02 8.734833002090454102e-01 7.526748776435852051e-01 -1.986403167247772217e-01 8.754357695579528809e-01 2.315253168344497681e-01 5.421735048294067383e-01 2.543915808200836182e-01 1.252201199531555176e-01 -2.847619354724884033e-01 -3.663028776645660400e-01 2.197458893060684204e-01 9.906643033027648926e-01 -1.583916097879409790e-01 -1.342404186725616455e-01 -9.982602000236511230e-01 1.118498668074607849e-01 6.237128376960754395e-01 -3.194981515407562256e-01 -9.966557621955871582e-01 8.652449399232864380e-02 -8.778289556503295898e-01 -3.191255778074264526e-02 9.433488249778747559e-01 9.815208911895751953e-01 -9.735699892044067383e-01 -1.205868739634752274e-02 -1.924553699791431427e-02 9.871987700462341309e-01 -3.045853674411773682e-01 -9.402809143066406250e-01 9.999569058418273926e-01 -3.063745796680450439e-01 -9.955794811248779297e-01 9.524769783020019531e-01 3.240243196487426758e-01 9.297781586647033691e-01 1.884785946458578110e-03 -9.889339208602905273e-01 -5.556043386459350586e-01 6.160095334053039551e-01 9.889866709709167480e-01 9.938371777534484863e-01 7.809725403785705566e-02 2.396283596754074097e-01 -1.387962400913238525e-01 -9.978630542755126953e-01 -9.999127388000488281e-01 -9.338907003402709961e-01 5.210636258125305176e-01 4.649106562137603760e-01 8.329328894615173340e-01 9.707616567611694336e-01 -9.997145533561706543e-01 -1.176300346851348877e-01 9.648681879043579102e-01 -3.947548568248748779e-02 9.705809950828552246e-01 9.970878958702087402e-01 -9.822632670402526855e-01 5.219162106513977051e-01 9.440205097198486328e-01 -1.926351040601730347e-01 -7.367579638957977295e-02 3.750061392784118652e-01 9.992991685867309570e-01 -4.573921859264373779e-01 2.795229852199554443e-01 1.547432243824005127e-01 -5.852800011634826660e-01 8.391228318214416504e-02 9.941371679306030273e-01 9.996131062507629395e-01 -1.407595276832580566e-01 -4.286399111151695251e-02 8.058084547519683838e-02 2.142814993858337402e-01 9.998554587364196777e-01 5.110732465982437134e-02 -4.726847410202026367e-01 -3.717859387397766113e-01 -9.604227542877197266e-01 -2.685512602329254150e-01 -4.533529877662658691e-01 -2.703352272510528564e-01 3.998166620731353760e-01 -6.208178997039794922e-01 5.437038540840148926e-01 9.995434880256652832e-01 3.639027476310729980e-01 2.680108137428760529e-02 -2.277944386005401611e-01 4.181673526763916016e-01 3.504683077335357666e-01 -7.501783967018127441e-02 -8.541626930236816406e-01 -7.293090820312500000e-01 5.212939381599426270e-01 9.070782661437988281e-01 5.954288691282272339e-02 -2.628693878650665283e-01 6.650243401527404785e-01 -7.471064329147338867e-01 -7.252783179283142090e-01 5.110149383544921875e-01 9.996942877769470215e-01 -1.662903428077697754e-01 9.429612755775451660e-01 4.513542354106903076e-01 -5.394005030393600464e-02 9.172950387001037598e-01 1.448287069797515869e-01 4.780858755111694336e-01 7.632059603929519653e-02 -2.591231167316436768e-01 -1.746191382408142090e-01 -1.523002088069915771e-01 -1.702517271041870117e-01 -9.970376491546630859e-01 -2.795994281768798828e-01 -3.789130449295043945e-01 -1.396484971046447754e-01 2.618516385555267334e-01 -9.893242120742797852e-01 -3.162893354892730713e-01 2.560125589370727539e-01 9.122759103775024414e-02 5.120660066604614258e-01 2.020386606454849243e-01 8.815689086914062500e-01 -3.355091810226440430e-01 3.759401440620422363e-01 8.466060161590576172e-01 -9.994140267372131348e-01 4.764251708984375000e-01 3.932211399078369141e-01 -4.443138539791107178e-01 8.651194721460342407e-02 6.651884317398071289e-01 2.772090733051300049e-01 -9.769627451896667480e-01 1.594889350235462189e-02 9.988563060760498047e-01 -1.450910121202468872e-01 2.665547132492065430e-01 -3.063556253910064697e-01 3.731012046337127686e-01 -1.755605041980743408e-01 -5.932924151420593262e-01 9.822794198989868164e-01 -9.998819231986999512e-01 -2.851939499378204346e-01 -3.877714872360229492e-01 -5.802616849541664124e-02 -2.193517684936523438e-01 -6.938770413398742676e-01 9.975858926773071289e-01 -2.452742159366607666e-01 3.243348598480224609e-01 -4.673263132572174072e-01 -1.283229589462280273e-01 -2.921553552150726318e-01 9.688975214958190918e-01 -9.716551899909973145e-01 -9.659286588430404663e-02 -2.401994317770004272e-01 -1.984291374683380127e-01 -9.774397611618041992e-01 -9.689285755157470703e-01 4.010051786899566650e-01 -9.986217617988586426e-01 -1.376753449440002441e-01 -8.076312541961669922e-01 2.749559581279754639e-01 3.069250285625457764e-01 -4.689591228961944580e-01 -5.983729362487792969e-01 -9.777670502662658691e-01 -3.330495953559875488e-02 7.251448631286621094e-01 -8.303948491811752319e-02 9.858677983283996582e-01 3.948686420917510986e-01 -9.918012022972106934e-01 -2.713274583220481873e-02 1.147738248109817505e-01 -5.631930381059646606e-02 1.889681443572044373e-02 -1.517745852470397949e-01 -9.963726401329040527e-01 7.807428836822509766e-01 -9.999313950538635254e-01 -9.306832551956176758e-01 8.963711559772491455e-02 -8.946647644042968750e-01 -1.013598740100860596e-01 9.005343914031982422e-02 -2.166949510574340820e-01 -1.198701262474060059e-01 -9.791641235351562500e-01 -9.737029075622558594e-01 1.081317067146301270e-01 -9.166646599769592285e-01 -9.820201396942138672e-01 -9.985681176185607910e-01 2.398419976234436035e-01 -3.069407939910888672e-01 -1.955058574676513672e-01 2.208728790283203125e-01 -3.106658458709716797e-01 -4.292552918195724487e-02 9.564005136489868164e-01 4.261671006679534912e-01 9.903461933135986328e-01 2.661936879158020020e-01 -2.465149946510791779e-02 2.786102890968322754e-02 9.971702098846435547e-01 -4.992305934429168701e-01 2.473873645067214966e-01 -9.934240579605102539e-01 3.649047911167144775e-01 6.501729488372802734e-01 9.966355562210083008e-01 8.279727101325988770e-01 9.948093295097351074e-01 -8.677322268486022949e-01 -1.587215214967727661e-01 3.281210362911224365e-01 7.618727087974548340e-01 5.774812102317810059e-01 3.138573765754699707e-01 4.896843135356903076e-01 -9.959936141967773438e-01 -9.978340268135070801e-01 4.890747666358947754e-01 -9.833364486694335938e-01 9.916248917579650879e-01 -2.783752977848052979e-01 3.874116539955139160e-01 1.430733054876327515e-01 1.124368980526924133e-01 1.040132567286491394e-01 -9.788770675659179688e-01 -9.407889842987060547e-01 2.389282360672950745e-02 -1.855242103338241577e-01 1.898724138736724854e-01 -3.434091508388519287e-01 -9.999747872352600098e-01 -7.457484006881713867e-01 -5.580131411552429199e-01 2.616949975490570068e-01 -1.281006336212158203e-01 -1.882736384868621826e-01 2.698154151439666748e-01 5.016279220581054688e-01 9.994921088218688965e-01 -9.491535425186157227e-01 -1.586175560951232910e-01 2.950166165828704834e-01 1.796194165945053101e-01 9.693775326013565063e-02 -8.820031881332397461e-01 4.053948223590850830e-01 -1.927226632833480835e-01 1.609785407781600952e-01 2.110738307237625122e-01 -1.634660214185714722e-01 -7.914158701896667480e-01
8.845682144165039062e-01 -8.160275220870971680e-01 3.550274074077606201e-01 3.980586826801300049e-01 -2.271747589111328125e-02 9.857555031776428223e-01 9.964558482170104980e-01 -9.232543706893920898e-01 -1.108343601226806641e-01 -9.822276830673217773e-01 -2.325744330883026123e-01 -9.627349972724914551e-01 9.704220890998840332e-01 -6.950462460517883301e-01 -5.195070505142211914e-01 -1.679583042860031128e-01 1.095068082213401794e-01 -3.517288863658905029e-01 -4.444077908992767334e-01 -5.742582082748413086e-01 3.679019808769226074e-01 3.896888792514801025e-01 3.129894733428955078e-01 -2.750792801380157471e-01 9.767717719078063965e-01 9.499517083168029785e-01 -1.620826125144958496e-02 -3.004692792892456055e-01 4.547417163848876953e-02 9.732375741004943848e-01 9.534326195716857910e-01 -2.798890173435211182e-01 5.473546981811523438e-01 -1.803899556398391724e-01 -9.240410327911376953e-01 -4.681170582771301270e-01 -7.323317527770996094e-01 -3.242146372795104980e-01 9.480490088462829590e-01 8.490534126758575439e-02 -3.139272332191467285e-01 -1.116836965084075928e-01 3.953039050102233887e-01 -8.929236531257629395e-01 2.992162294685840607e-02 9.546895623207092285e-01 -8.682664036750793457e-01 -1.154326200485229492e-01 7.443711757659912109e-01 -5.152262449264526367e-01 9.913554787635803223e-01 -7.589927315711975098e-02 8.563130497932434082e-01 -3.032051920890808105e-01 -2.517288029193878174e-01 3.123059123754501343e-02 3.615029156208038330e-01 3.033958077430725098e-01 -9.970424175262451172e-01 -8.473968505859375000e-01 4.690698534250259399e-02 1.037463247776031494e-01 9.073140621185302734e-01 -2.282863706350326538e-01 4.428071156144142151e-02 -9.913055896759033203e-01 4.666638970375061035e-01 7.509509325027465820e-01 -1.628406941890716553e-01 4.413596168160438538e-02 9.567990899085998535e-01 9.019839763641357422e-01 -5.336192250251770020e-01 -6.928802132606506348e-01 -9.827514290809631348e-01 -2.676806151866912842e-01 1.097514778375625610e-01 5.529680252075195312e-01 -2.827359735965728760e-01 -1.240900456905364990e-01 -9.971995949745178223e-01 -7.671548426151275635e-02 9.991795420646667480e-01 -8.397912979125976562e-01 9.513234496116638184e-01 -8.210477232933044434e-01 3.260506391525268555e-01 -9.424851089715957642e-02 -2.461448758840560913e-01 5.217061042785644531e-01 -9.217942357063293457e-01 -7.382071763277053833e-02 5.518940091133117676e-01 -9.536563158035278320e-01 -5.828122496604919434e-01 -4.780344963073730469e-01 9.576929807662963867e-01 -2.936186194419860840e-01 -9.674494266510009766e-01 -4.764256477355957031e-01 9.012452512979507446e-02 -8.934031128883361816e-01 1.998044550418853760e-01 -6.088022589683532715e-01 -9.157519787549972534e-02 7.395087182521820068e-02 9.483553767204284668e-01 7.228302359580993652e-01 -3.997643291950225830e-01 3.865473344922065735e-02 2.472834438085556030e-01 7.591935992240905762e-01 -1.047815755009651184e-01 -9.492542743682861328e-01 -5.373464822769165039e-01 -5.478383973240852356e-02 -3.889895081520080566e-01 7.198377847671508789e-01 1.179882287979125977e-01 9.947333335876464844e-01 -7.793526053428649902e-01 -1.604589074850082397e-01 -9.269760251045227051e-01 9.975748658180236816e-01 -2.916226089000701904e-01 -3.370554149150848389e-01 1.331788599491119385e-01 3.384873643517494202e-02 -3.005471825599670410e-01 -1.573887765407562256e-01 9.602330327033996582e-01 9.866737127304077148e-01 7.605283260345458984e-01 4.086897969245910645e-01 3.496123254299163818e-01 -9.768287539482116699e-01 9.851762056350708008e-01 -9.540538787841796875e-01 4.689746797084808350e-01 -1.438087075948715210e-01 9.996222853660583496e-01 3.392550349235534668e-02 -4.550693035125732422e-01 2.402386069297790527e-02 -2.719092667102813721e-01 9.226352721452713013e-02 1.948299072682857513e-02 9.993181228637695312e-01 -2.275420352816581726e-02 -1.486149728298187256e-01 -6.363211572170257568e-02 -6.833022460341453552e-03 8.113773465156555176e-01 -1.694357991218566895e-01 4.441458582878112793e-01 -6.720160245895385742e-01 -9.313367009162902832e-01 8.265302181243896484e-01 -1.650779694318771362e-01 1.477207988500595093e-01 -1.508273631334304810e-01 2.307850681245326996e-02 -1.753071323037147522e-02 -3.476088941097259521e-01 9.986624121665954590e-01 -2.996600233018398285e-02 -4.256076812744140625e-01 -2.792340815067291260e-01 9.646090269088745117e-01 -2.101226001977920532e-01 1.709974408149719238e-01 -6.155889630317687988e-01 -9.367086887359619141e-01 -9.714631438255310059e-01 1.037749126553535461e-01 3.175691068172454834e-01 7.908796072006225586e-01 -1.938137114048004150e-01 9.889889955520629883e-01 9.981294274330139160e-01 9.909566640853881836e-01 -1.982108950614929199e-01 9.671443104743957520e-01 -9.675658941268920898e-01 7.234619259834289551e-01 -9.526625275611877441e-01 -4.089016616344451904e-01 2.231928519904613495e-02 5.851764082908630371e-01 8.140823841094970703e-01 5.300753712654113770e-01 -8.397084474563598633e-01 -9.594030380249023438e-01 -3.536467999219894409e-02 8.103901743888854980e-01 -3.446040675044059753e-02 -9.904059767723083496e-01 -9.599645733833312988e-01 -2.400254309177398682e-01 3.149396553635597229e-02 -1.376020535826683044e-02 -4.674094729125499725e-03 1.178786009550094604e-01 4.483927190303802490e-01 -7.197538763284683228e-02 -7.405970096588134766e-01 -3.093659579753875732e-01 2.476366460323333740e-01 5.326023697853088379e-01 1.376206148415803909e-02 3.229824006557464600e-01 -6.539457440376281738e-01 -2.933981828391551971e-02 6.316376328468322754e-01 9.061233401298522949e-01 -9.913124442100524902e-01 8.326595425605773926e-01 9.957838654518127441e-01 9.674868583679199219e-01 -7.815743982791900635e-02 -9.071943163871765137e-01 -1.320752948522567749e-01 1.822219192981719971e-01 2.432209700345993042e-01 -9.585898518562316895e-01 -6.503464579582214355e-01 -9.486779570579528809e-01 -2.340644001960754395e-01 -1.735810488462448120e-01 9.917117357254028320e-01 -1.010239049792289734e-01 1.750837415456771851e-01 -2.490821667015552521e-02 5.622909069061279297e-01 8.213258385658264160e-01 3.977815210819244385e-01 2.246335148811340332e-02 -3.699673414230346680e-01 4.073143303394317627e-01 3.208822757005691528e-02 9.019186496734619141e-01 9.997237324714660645e-01 8.128917217254638672e-02 8.186712265014648438e-01 9.879724383354187012e-01 -5.069128423929214478e-02 8.242961764335632324e-01 2.643870711326599121e-01 -4.000707864761352539e-01 9.529071301221847534e-02 3.953188061714172363e-01 -3.470130562782287598e-01 -1.565956622362136841e-01 1.422648876905441284e-01 9.897374510765075684e-01 -1.184668540954589844e-01 -2.881294488906860352e-01 -9.995790123939514160e-01 5.318490266799926758e-01 6.770675182342529297e-01 2.395634502172470093e-01 -9.623569250106811523e-01 -1.319618225097656250e-01 -9.363166093826293945e-01 -1.046617329120635986e-01 9.709764719009399414e-01 9.793345332145690918e-01 -8.857262134552001953e-01 -8.469571918249130249e-02 -2.276190966367721558e-01 9.877907037734985352e-01 -2.833305113017559052e-02 -4.657910466194152832e-01 9.946287274360656738e-01 -6.637393236160278320e-01 -9.534124732017517090e-01 8.000940084457397461e-01 5.461400747299194336e-01 4.348704218864440918e-01 4.336489439010620117e-01 -9.850623011589050293e-01 -7.823969721794128418e-01 9.757148623466491699e-01 9.381620287895202637e-01 8.243949413299560547e-01 -3.641482293605804443e-01 -1.029318664222955704e-02 8.879198133945465088e-02 -9.888026714324951172e-01 -9.982552528381347656e-01 -4.718424379825592041e-01 4.859018027782440186e-01 3.390512168407440186e-01 4.305886030197143555e-01 9.453628063201904297e-01 -9.921478033065795898e-01 -8.974311500787734985e-02 9.369155764579772949e-01 -2.660099565982818604e-01 9.831602573394775391e-01 9.819031357765197754e-01 -9.542133212089538574e-01 -3.197673559188842773e-01 6.929537653923034668e-01 -3.275697231292724609e-01 3.178829252719879150e-01 4.919707477092742920e-01 9.822583794593811035e-01 -2.899492084980010986e-01 -3.100541830062866211e-01 -2.801787853240966797e-01 -8.864958882331848145e-01 -9.453075379133224487e-02 9.875810742378234863e-01 8.992964625358581543e-01 4.984344122931361198e-04 1.535180062055587769e-01 2.558688521385192871e-01 4.239784777164459229e-01 9.989620447158813477e-01 3.401311039924621582e-01 9.029392600059509277e-01 -2.418206930160522461e-01 -9.343948960304260254e-01 -3.898333311080932617e-01 -5.430561304092407227e-01 -2.204610556364059448e-01 2.814836800098419189e-01 -9.601609110832214355e-01 -2.996031045913696289e-01 9.914439320564270020e-01 5.681242942810058594e-01 -1.938921511173248291e-01 -8.909975886344909668e-01 3.378598988056182861e-01 4.700689017772674561e-01 2.678545191884040833e-02 -8.306148052215576172e-01 -9.782257080078125000e-01 1.863624602556228638e-01 9.983280301094055176e-01 6.158079952001571655e-02 -2.145097702741622925e-01 9.958774447441101074e-01 -2.560811638832092285e-01 -9.786414504051208496e-01 5.064174532890319824e-01 9.996104836463928223e-01 2.627346217632293701e-01 8.914030790328979492e-01 2.258512675762176514e-01 4.057568013668060303e-01 6.677871942520141602e-01 -6.621918641030788422e-03 9.682425856590270996e-01 2.763328254222869873e-01 3.466753363609313965e-01 -2.784584462642669678e-01 -2.318508327007293701e-01 2.199766337871551514e-01 -9.982545971870422363e-01 -9.662822484970092773e-01 -3.477735221385955811e-01 2.544281482696533203e-01 -3.003312051296234131e-01 -9.602732658386230469e-01 -9.749877452850341797e-01 1.932028830051422119e-01 1.655420660972595215e-01 4.701286554336547852e-01 1.979895085096359253e-01 9.549028277397155762e-01 -3.936085104942321777e-01 -9.731749445199966431e-02 6.796873174607753754e-03 -9.958130121231079102e-01 1.807913482189178467e-01 3.778225481510162354e-01 -3.183946311473846436e-01 -3.988040238618850708e-02 8.965498208999633789e-01 -2.748719602823257446e-02 3.439270257949829102e-01 2.686670124530792236e-01 9.965515136718750000e-01 5.135681629180908203e-01 3.168163597583770752e-01 -1.990957558155059814e-01 9.151002764701843262e-01 1.223816275596618652e-01 -2.117854058742523193e-01 5.678220987319946289e-01 -9.947488307952880859e-01 1.911638677120208740e-01 -1.637825220823287964e-01 -3.377376198768615723e-01 -4.157139956951141357e-01 -6.853775978088378906e-01 9.971975684165954590e-01 1.667678952217102051e-01 -1.425850093364715576e-01 4.214398860931396484e-01 8.305907249450683594e-01 -2.101415246725082397e-01 7.248339056968688965e-01 -9.439955353736877441e-01 -9.397302865982055664e-01 -1.419785022735595703e-01 2.228751629590988159e-01 -9.947821497917175293e-01 -7.767789363861083984e-01 9.945114254951477051e-01 -9.801850914955139160e-01 9.378934651613235474e-02 -5.771391391754150391e-01 5.930905342102050781e-01 2.407390475273132324e-01 -1.444444060325622559e-04 -3.017010092735290527e-01 -9.870847463607788086e-01 -5.010814666748046875e-01 8.036133050918579102e-01 1.010057181119918823e-01 9.922026991844177246e-01 5.829058289527893066e-01 -7.939585447311401367e-01 -1.822137981653213501e-01 4.476617276668548584e-01 -1.856723129749298096e-01 -2.003492265939712524e-01 3.159232139587402344e-01 -9.941762685775756836e-01 1.484855450689792633e-02 -9.966409802436828613e-01 -1.940620690584182739e-01 -1.054170057177543640e-01 -8.797442913055419922e-01 -9.366942942142486572e-02 -7.548703253269195557e-02 -6.551865935325622559e-01 -3.734847009181976318e-01 -8.922845721244812012e-01 -9.922739863395690918e-01 3.063930869102478027e-01 -9.301562309265136719e-01 -9.852316379547119141e-01 -9.827279448509216309e-01 6.145350337028503418e-01 -5.784092545509338379e-01 2.677314681932330132e-03 4.059928059577941895e-01 -1.722005456686019897e-01 3.034768104553222656e-01 8.308199644088745117e-01 4.454103708267211914e-01 9.989960193634033203e-01 1.209436953067779541e-01 5.084016919136047363e-02 2.794602699577808380e-02 8.051105737686157227e-01 -2.739619612693786621e-01 6.219344586133956909e-02 -9.682309031486511230e-01 2.667827010154724121e-01 9.537788629531860352e-01 9.233639836311340332e-01 9.749876260757446289e-01 9.989805817604064941e-01 -9.875415563583374023e-01 -3.415555655956268311e-01 3.786339759826660156e-01 6.116067767143249512e-01 6.047721505165100098e-01 1.578681468963623047e-01 -7.603515684604644775e-02 -9.854500889778137207e-01 -9.845777153968811035e-01 5.623006820678710938e-01 -9.915146231651306152e-01 9.872822165489196777e-01 1.725025475025177002e-01 3.992600440979003906e-01 5.623183250427246094e-01 -3.742868453264236450e-02 5.559253320097923279e-02 -8.972663879394531250e-01 -9.663881063461303711e-01 -6.622725129127502441e-01 -4.071249365806579590e-01 -1.571495831012725830e-01 -3.624736964702606201e-01 -9.994540810585021973e-01 -9.143934249877929688e-01 -7.806820869445800781e-01 1.670964956283569336e-01 -2.454876005649566650e-01 -3.070561289787292480e-01 1.447062492370605469e-01 8.545714020729064941e-01 9.514063000679016113e-01 -9.817962050437927246e-01 -4.331292212009429932e-02 4.936302900314331055e-01 1.726701855659484863e-01 -4.628401622176170349e-02 -7.557539343833923340e-01 -5.981898903846740723e-01 9.084798693656921387e-01 3.943766951560974121e-01 -2.146950457245111465e-03 -2.604897916316986084e-01 -4.561466574668884277e-01
9.977238178253173828e-01 -8.766658902168273926e-01 1.769841164350509644e-01 2.823504805564880371e-01 -3.434688225388526917e-02 9.884106516838073730e-01 9.219443202018737793e-01 -9.103283286094665527e-01 -5.944596529006958008e-01 -6.832529902458190918e-01 -3.527010381221771240e-01 -9.048171639442443848e-01 9.632788896560668945e-01 -9.870424866676330566e-01 2.251125574111938477e-01 -4.005745425820350647e-02 -1.298401653766632080e-01 3.527841567993164062e-01 -5.511249303817749023e-01 -2.838491201400756836e-01 5.835865736007690430e-01 2.004157155752182007e-01 -8.697500824928283691e-01 1.994180977344512939e-01 9.922592639923095703e-01 9.468126296997070312e-01 9.917024523019790649e-02 2.491570711135864258e-01 4.684560298919677734e-01 2.659770846366882324e-01 9.524813294410705566e-01 -1.668721586465835571e-01 4.001998901367187500e-01 3.493690863251686096e-03 -9.986803531646728516e-01 -1.247816067188978195e-02 -3.032301366329193115e-01 -3.107383549213409424e-01 9.338630437850952148e-01 6.947903335094451904e-02 -9.263719618320465088e-02 -4.976988434791564941e-01 3.774614036083221436e-01 -9.776831865310668945e-01 -4.015632271766662598e-01 8.172426819801330566e-01 -7.043270468711853027e-01 -2.160114049911499023e-02 -2.627048082649707794e-02 -5.996835827827453613e-01 9.398988485336303711e-01 -1.266473233699798584e-01 8.505973219871520996e-01 -4.928509593009948730e-01 -9.078003764152526855e-01 2.767233923077583313e-02 3.272566199302673340e-01 -7.430189847946166992e-02 -9.961494207382202148e-01 -9.995393157005310059e-01 -9.065421670675277710e-02 -1.757347285747528076e-01 9.930167198181152344e-01 -1.958042383193969727e-01 2.737443149089813232e-01 -9.813026189804077148e-01 7.173758149147033691e-01 -8.981640636920928955e-02 -1.242173165082931519e-01 3.169453144073486328e-01 9.818940162658691406e-01 9.990319609642028809e-01 -9.860622882843017578e-01 3.225015103816986084e-02 -9.303990602493286133e-01 1.364428997039794922e-01 3.038727343082427979e-01 9.178985953330993652e-01 -1.523134559392929077e-01 -4.825655817985534668e-01 -9.986188411712646484e-01 -5.162845849990844727e-01 9.985798597335815430e-01 2.554952502250671387e-01 3.838024139404296875e-01 -8.711335062980651855e-01 -8.977852016687393188e-02 -1.363755762577056885e-01 -4.053229391574859619e-01 5.236783027648925781e-01 -4.188384413719177246e-01 -1.092317029833793640e-01 3.318897783756256104e-01 -9.253070354461669922e-01 4.032741785049438477e-01 9.753577411174774170e-02 -6.926225125789642334e-02 -1.663152873516082764e-01 -8.626785278320312500e-01 -1.086530759930610657e-01 -3.277585506439208984e-01 1.860423237085342407e-01 -6.696000695228576660e-01 -4.061914682388305664e-01 -1.368326880037784576e-02 -2.788037061691284180e-03 9.713822603225708008e-01 5.369240641593933105e-01 -4.946553409099578857e-01 -9.155385494232177734e-01 1.222937405109405518e-01 7.634393125772476196e-02 9.945128560066223145e-01 -5.383680462837219238e-01 -4.639171659946441650e-01 1.366891711950302124e-01 -9.339036941528320312e-01 -6.449704170227050781e-01 -9.951741248369216919e-02 9.087042212486267090e-01 -9.949885606765747070e-01 -5.761472582817077637e-01 -7.258804440498352051e-01 9.979690909385681152e-01 -5.314393639564514160e-01 -4.053372442722320557e-01 -7.240113019943237305e-01 -1.608400940895080566e-01 -2.893903851509094238e-01 -7.374287396669387817e-02 9.313202500343322754e-01 7.825375199317932129e-01 -3.092243075370788574e-01 3.862339854240417480e-01 6.257545948028564453e-01 -9.967662692070007324e-01 9.830831885337829590e-01 -8.737727999687194824e-01 -9.055799841880798340e-01 1.251371502876281738e-01 9.997220635414123535e-01 2.303776890039443970e-01 -5.118063688278198242e-01 6.607799232006072998e-02 -1.946822553873062134e-01 3.606039881706237793e-01 5.370224714279174805e-01 9.866713881492614746e-01 -8.116238117218017578e-01 -1.134851276874542236e-01 -4.974715709686279297e-01 -4.363749921321868896e-01 -4.661816060543060303e-01 -2.818051874637603760e-01 4.164098203182220459e-01 -5.962761640548706055e-01 5.151500552892684937e-02 -3.124710321426391602e-01 -1.313804984092712402e-01 4.066160619258880615e-01 -3.597681522369384766e-01 -5.242369323968887329e-02 -1.020829901099205017e-01 -5.479661226272583008e-01 9.996036887168884277e-01 -2.429770082235336304e-01 -6.581161022186279297e-01 -6.199797987937927246e-01 9.954075813293457031e-01 2.693632841110229492e-01 9.481684118509292603e-02 -8.809559345245361328e-01 -9.986994266510009766e-01 -1.408984661102294922e-01 -1.317214667797088623e-01 5.610536336898803711e-01 -7.764232754707336426e-01 -2.495938688516616821e-01 9.636776447296142578e-01 9.964722394943237305e-01 9.163419604301452637e-01 -5.434455275535583496e-01 7.409445047378540039e-01 -9.223670959472656250e-01 6.143248081207275391e-01 3.077559471130371094e-01 -1.991706043481826782e-01 3.925831913948059082e-01 4.837223291397094727e-01 9.415014982223510742e-01 8.824335932731628418e-01 -1.742926985025405884e-02 -9.582279920578002930e-01 1.409506797790527344e-01 7.306770086288452148e-01 -3.499377369880676270e-01 -9.953370690345764160e-01 -5.610697865486145020e-01 4.030374288558959961e-01 1.401324123144149780e-01 -2.538272738456726074e-02 1.907610148191452026e-01 -7.757762670516967773e-01 1.009641736745834351e-01 -2.528935968875885010e-01 7.601979970932006836e-01 -4.110820591449737549e-01 9.681038260459899902e-01 8.256306648254394531e-01 1.792130433022975922e-02 -7.411752939224243164e-01 -9.722082018852233887e-01 -2.036467380821704865e-02 5.025025010108947754e-01 5.216658711433410645e-01 -9.903106689453125000e-01 5.966525673866271973e-01 9.486440420150756836e-01 3.888869881629943848e-01 -1.592485606670379639e-02 -7.994591593742370605e-01 1.194092854857444763e-01 -8.971155881881713867e-01 3.879325985908508301e-01 -9.904433488845825195e-01 -7.219336032867431641e-01 -5.124799609184265137e-01 -2.316675931215286255e-01 -7.447339892387390137e-01 9.356872439384460449e-01 -4.563605040311813354e-02 1.328109353780746460e-01 -5.681588649749755859e-01 6.891445517539978027e-01 -3.001946769654750824e-02 8.192147314548492432e-02 -4.061972796916961670e-01 -2.503317296504974365e-01 3.292818963527679443e-01 1.026819124817848206e-01 6.316736340522766113e-01 9.996768236160278320e-01 6.889989376068115234e-01 9.837306141853332520e-01 8.604149222373962402e-01 2.463263422250747681e-01 9.892234802246093750e-01 9.938567131757736206e-02 5.271781682968139648e-01 2.869746685028076172e-01 2.567780613899230957e-01 -8.942195773124694824e-02 -3.322822973132133484e-02 3.504005074501037598e-01 9.922285079956054688e-01 1.066677570343017578e-01 -9.159667044878005981e-02 -9.891180992126464844e-01 -4.756986796855926514e-01 -2.361744642257690430e-01 1.661995239555835724e-02 -9.955108761787414551e-01 7.567670941352844238e-02 -6.206073760986328125e-01 2.972805798053741455e-01 9.835524559020996094e-01 8.171979784965515137e-01 -9.031815528869628906e-01 -2.447094768285751343e-02 2.376590669155120850e-01 6.863436698913574219e-01 -4.816568270325660706e-02 -2.994845807552337646e-01 9.981442093849182129e-01 -7.209820747375488281e-01 -9.744393229484558105e-01 9.716439843177795410e-01 4.304591715335845947e-01 9.116714596748352051e-01 3.460671901702880859e-01 -1.017481461167335510e-01 -8.142444491386413574e-01 9.500824809074401855e-01 9.791733026504516602e-01 -5.259566307067871094e-01 -2.844575941562652588e-01 -1.869171559810638428e-01 1.124555543065071106e-01 -9.856260418891906738e-01 -9.658631086349487305e-01 -2.863067090511322021e-01 6.153441071510314941e-01 3.493961691856384277e-01 4.985373020172119141e-01 9.481772184371948242e-01 -9.559754729270935059e-01 -5.174093246459960938e-01 8.643340468406677246e-01 -2.708165645599365234e-01 9.714002013206481934e-01 9.975342154502868652e-01 -9.792928099632263184e-01 8.169485330581665039e-01 9.155001640319824219e-01 -4.840398430824279785e-01 5.300586223602294922e-01 3.956544995307922363e-01 9.898232817649841309e-01 -4.748094677925109863e-01 -3.006772138178348541e-02 -3.339202105998992920e-01 -7.811810374259948730e-01 1.249562278389930725e-01 9.987076520919799805e-01 7.453116774559020996e-01 3.081557527184486389e-02 1.150446608662605286e-01 2.903831005096435547e-01 4.663621187210083008e-01 9.995471835136413574e-01 2.973050475120544434e-01 9.479294419288635254e-01 -2.026258558034896851e-01 -9.936273694038391113e-01 -4.785965383052825928e-01 -2.332987040281295776e-01 -4.878631532192230225e-01 -5.917710661888122559e-01 -4.978573620319366455e-01 7.533319592475891113e-01 8.914831876754760742e-01 2.929260134696960449e-01 9.884764999151229858e-02 -9.847885966300964355e-01 2.367898970842361450e-01 1.809813380241394043e-01 -2.050382345914840698e-01 -8.595998883247375488e-01 -8.637570142745971680e-01 4.094578623771667480e-01 9.919505119323730469e-01 5.254077911376953125e-02 -3.698206841945648193e-01 9.768379926681518555e-01 -9.344232082366943359e-01 -6.908227801322937012e-01 -5.978103280067443848e-01 9.987305998802185059e-01 2.556323707103729248e-01 2.210247963666915894e-01 -2.911575436592102051e-01 1.644063442945480347e-01 9.642042517662048340e-01 -1.952472515404224396e-02 2.520321607589721680e-01 -3.069561421871185303e-01 7.777052521705627441e-01 9.188549220561981201e-02 -5.027998089790344238e-01 -1.794951409101486206e-01 -9.814609885215759277e-01 -2.444143891334533691e-01 -5.935587882995605469e-01 8.539735339581966400e-03 3.155412524938583374e-02 -9.922298789024353027e-01 -2.568554580211639404e-01 2.369392514228820801e-01 6.128881573677062988e-01 6.830542087554931641e-01 -3.238782286643981934e-01 9.801333546638488770e-01 -3.435935974121093750e-01 1.711488962173461914e-01 1.479847133159637451e-01 -9.679982662200927734e-01 -2.781306505203247070e-01 4.206899106502532959e-01 -3.913875520229339600e-01 -1.108429133892059326e-01 8.528795838356018066e-01 2.873359620571136475e-01 -1.127921603620052338e-02 3.999859988689422607e-01 9.945792555809020996e-01 -9.353169202804565430e-01 7.176943421363830566e-01 -5.797607898712158203e-01 8.960693478584289551e-01 -6.481938064098358154e-02 -3.413152694702148438e-01 9.740597605705261230e-01 -9.895003437995910645e-01 4.346033632755279541e-01 -2.460029572248458862e-01 -1.903147995471954346e-01 -2.685867547988891602e-01 -6.829468011856079102e-01 6.986864805221557617e-01 2.323288321495056152e-01 4.313807487487792969e-01 -4.764292240142822266e-01 -1.108274683356285095e-01 -6.013175845146179199e-01 -7.847211509943008423e-02 -9.987772107124328613e-01 -2.063563093543052673e-02 -2.188250422477722168e-01 9.071378037333488464e-03 -9.728614091873168945e-01 -6.269953250885009766e-01 9.171104431152343750e-01 -4.555127918720245361e-01 -3.475593775510787964e-02 -9.554988890886306763e-02 5.106354355812072754e-01 2.407037764787673950e-01 4.879214465618133545e-01 -6.530142426490783691e-01 -9.998542666435241699e-01 -3.994061946868896484e-01 9.593874812126159668e-01 4.221051931381225586e-01 9.895546436309814453e-01 6.897725462913513184e-01 -5.341181755065917969e-01 -5.381692051887512207e-01 5.850074887275695801e-01 -2.250853925943374634e-01 6.243413686752319336e-02 1.310523599386215210e-01 -9.987949728965759277e-01 -5.003645420074462891e-01 -9.996256232261657715e-01 -3.283212780952453613e-01 2.735799252986907959e-01 -5.628747940063476562e-01 7.114857435226440430e-01 -1.241449639201164246e-01 -5.274317264556884766e-01 1.192581802606582642e-01 -9.867280125617980957e-01 -9.408136606216430664e-01 1.075094267725944519e-01 -9.958976507186889648e-01 -9.968216419219970703e-01 -7.740135192871093750e-01 2.947571575641632080e-01 -6.276755332946777344e-01 2.768191993236541748e-01 5.825202465057373047e-01 -3.308385312557220459e-01 3.132750838994979858e-02 8.750958442687988281e-01 3.254670500755310059e-01 9.769442081451416016e-01 3.215314745903015137e-01 -1.748993620276451111e-02 3.279365599155426025e-01 5.602179169654846191e-01 9.777192473411560059e-01 1.938894242048263550e-01 -9.070425033569335938e-01 3.322499394416809082e-01 3.901111483573913574e-01 9.913643002510070801e-01 9.620482921600341797e-01 9.833653569221496582e-01 -8.655211925506591797e-01 -2.321184426546096802e-01 4.149885475635528564e-01 6.645972728729248047e-01 -5.977039337158203125e-01 3.921324610710144043e-01 6.808443069458007812e-01 -9.723526239395141602e-01 -9.952731132507324219e-01 3.638076484203338623e-01 -9.120978116989135742e-01 9.973765611648559570e-01 3.731770217418670654e-01 2.034420147538185120e-02 5.748550295829772949e-01 4.410704374313354492e-01 2.304923236370086670e-01 -9.559907317161560059e-01 -9.448755383491516113e-01 -3.788686096668243408e-01 -6.645691990852355957e-01 -3.034127354621887207e-01 6.360492110252380371e-02 -9.996504783630371094e-01 -9.693363904953002930e-01 -8.801903128623962402e-01 2.744510173797607422e-01 -6.154570579528808594e-01 -4.567201714962720871e-03 2.426253557205200195e-01 8.464580178260803223e-01 9.431895017623901367e-01 -9.843255877494812012e-01 1.989826261997222900e-01 2.357439100742340088e-01 2.046785056591033936e-01 5.315756201744079590e-01 -8.786360025405883789e-01 9.688816070556640625e-01 6.610519886016845703e-01 5.267444849014282227e-01 7.789482176303863525e-02 -6.417787075042724609e-01 -9.531999230384826660e-01
1.845182478427886963e-01 3.120848536491394043e-01 1.097869649529457092e-01 -6.553007988259196281e-04 -5.410061478614807129e-01 7.762691378593444824e-01 9.995448589324951172e-01 -9.878947734832763672e-01 1.104566529393196106e-01 -9.891282916069030762e-01 5.196356177330017090e-01 -9.614515900611877441e-01 8.296483159065246582e-01 -9.574725031852722168e-01 -9.252223372459411621e-01 -9.642725437879562378e-02 -1.240461096167564392e-01 -3.689878433942794800e-02 -4.273639321327209473e-01 -1.671871691942214966e-01 4.352635741233825684e-01 2.842311561107635498e-01 9.766876697540283203e-01 -3.240320086479187012e-01 9.978966116905212402e-01 5.481145381927490234e-01 8.058005571365356445e-02 -3.732514381408691406e-01 5.138919875025749207e-02 9.864305257797241211e-01 9.878038763999938965e-01 -1.121502071619033813e-01 1.408081948757171631e-01 -2.693417482078075409e-02 -8.637446761131286621e-01 7.323628664016723633e-02 -7.157387733459472656e-01 -5.007329583168029785e-02 8.825766444206237793e-01 2.970776148140430450e-02 -3.028899431228637695e-02 6.462522596120834351e-02 1.450781822204589844e-01 -9.878188371658325195e-01 2.713308334350585938e-01 5.334495306015014648e-01 -9.033821225166320801e-01 1.013527065515518188e-01 8.316909670829772949e-01 2.019460201263427734e-01 9.787237644195556641e-01 -1.574347317218780518e-01 9.804244041442871094e-01 -1.557448506355285645e-01 5.181537866592407227e-01 -2.692865133285522461e-01 -8.493860065937042236e-02 -1.426867991685867310e-01 -9.980996251106262207e-01 -7.095640152692794800e-02 -2.966730594635009766e-01 3.087238371372222900e-01 9.910628199577331543e-01 -3.513614237308502197e-01 4.792398959398269653e-02 -9.984695315361022949e-01 8.863116502761840820e-01 6.847810745239257812e-01 -2.817953526973724365e-01 -6.925831437110900879e-01 9.556792974472045898e-01 9.459048509597778320e-01 -2.424450218677520752e-01 -9.462493062019348145e-01 -9.904011487960815430e-01 -5.428577065467834473e-01 2.814058028161525726e-02 6.411842107772827148e-01 1.199285089969635010e-01 1.764932721853256226e-01 -9.843754768371582031e-01 4.539041519165039062e-01 9.979214072227478027e-01 -7.870342135429382324e-01 9.851103425025939941e-01 -8.709412813186645508e-01 3.596992194652557373e-01 2.565170228481292725e-01 7.128465175628662109e-02 -6.660161167383193970e-02 -9.807960391044616699e-01 -3.623407185077667236e-01 4.415491521358489990e-01 -9.983071684837341309e-01 -8.698161244392395020e-01 6.931099891662597656e-01 8.764663338661193848e-01 2.722146213054656982e-01 -9.946227073669433594e-01 -2.069588303565979004e-01 3.051952123641967773e-01 -9.759846329689025879e-01 -2.991277277469635010e-01 -8.205223083496093750e-02 -1.703180931508541107e-02 2.056438326835632324e-01 9.854288697242736816e-01 1.803136616945266724e-01 -1.184201538562774658e-01 6.772334873676300049e-02 -3.120550215244293213e-01 6.957976818084716797e-01 -8.066533207893371582e-01 -9.864788651466369629e-01 1.728875935077667236e-01 -2.701167017221450806e-02 -3.275201916694641113e-01 9.611611366271972656e-01 1.395093649625778198e-01 9.988311529159545898e-01 -8.746141195297241211e-01 4.215161204338073730e-01 -9.634521007537841797e-01 9.966484904289245605e-01 -1.412062719464302063e-02 -2.795835435390472412e-01 -8.616916537284851074e-01 1.776451803743839264e-02 -8.903051912784576416e-02 -2.556473612785339355e-01 9.796007275581359863e-01 9.885661005973815918e-01 1.513288468122482300e-01 1.585076749324798584e-01 3.224605619907379150e-01 -9.722758531570434570e-01 9.903555512428283691e-01 -9.956689476966857910e-01 -6.874537467956542969e-01 -1.980287022888660431e-03 9.998267292976379395e-01 6.343116611242294312e-02 -7.854575663805007935e-02 9.350606203079223633e-01 -1.553740501403808594e-01 7.056527137756347656e-01 -8.366959691047668457e-01 9.963478446006774902e-01 2.681580483913421631e-01 1.102695520967245102e-02 9.283629246056079865e-03 4.386248812079429626e-02 9.898701906204223633e-01 -1.281971782445907593e-01 -3.335870429873466492e-02 -1.425415724515914917e-01 -9.353123903274536133e-01 7.353753447532653809e-01 -5.470606684684753418e-02 -1.283294707536697388e-01 -1.706688553094863892e-01 4.731651395559310913e-02 2.349012903869152069e-02 -1.330256015062332153e-01 9.999759793281555176e-01 2.833563983440399170e-01 6.805817782878875732e-02 -3.427498415112495422e-02 8.366034626960754395e-01 4.428703188896179199e-01 2.793548405170440674e-01 -6.973319053649902344e-01 -9.938851594924926758e-01 -9.785768389701843262e-01 7.245978713035583496e-01 7.512896507978439331e-02 5.257800221443176270e-01 3.567192330956459045e-02 9.966031312942504883e-01 9.822394847869873047e-01 9.848628640174865723e-01 -2.961831986904144287e-01 9.998667240142822266e-01 -8.680032491683959961e-01 3.331210017204284668e-01 -9.832403659820556641e-01 -6.460607647895812988e-01 -9.452288746833801270e-01 3.538651168346405029e-01 9.582151770591735840e-01 9.650155901908874512e-01 -9.720877408981323242e-01 -9.481203556060791016e-01 1.762393265962600708e-01 9.634357094764709473e-01 3.582634627819061279e-01 -9.734854698181152344e-01 -9.887914061546325684e-01 -9.489223957061767578e-01 1.719363927841186523e-01 2.201926708221435547e-02 -5.305844172835350037e-02 -2.823776900768280029e-01 1.759551316499710083e-01 -1.171703115105628967e-01 -3.647072315216064453e-01 1.224861294031143188e-01 9.665871858596801758e-01 9.824231863021850586e-01 -8.308729529380798340e-02 1.486017853021621704e-01 7.350884675979614258e-01 9.915436059236526489e-02 4.977827668190002441e-01 9.847668409347534180e-01 -9.173405766487121582e-01 5.489262938499450684e-01 6.552406549453735352e-01 9.858613014221191406e-01 -1.631399616599082947e-02 -6.624065041542053223e-01 -1.399248689413070679e-01 -6.847359538078308105e-01 1.664535142481327057e-02 -8.167105913162231445e-01 5.521399974822998047e-01 -9.861562252044677734e-01 2.376788295805454254e-02 7.584992051124572754e-01 9.945316314697265625e-01 2.018193751573562622e-01 5.091940984129905701e-03 -1.510172933340072632e-01 3.171338140964508057e-01 9.830597043037414551e-01 4.157923161983489990e-01 5.209972858428955078e-01 -1.204056963324546814e-01 1.973717510700225830e-01 -2.742766775190830231e-02 9.237257242202758789e-01 9.999620914459228516e-01 -7.704197168350219727e-01 7.084038853645324707e-01 9.803310036659240723e-01 -1.051904261112213135e-01 9.596284627914428711e-01 1.424876600503921509e-01 7.026945948600769043e-01 -3.073100931942462921e-02 3.203329741954803467e-01 7.538669556379318237e-02 -1.799152046442031860e-01 -8.208125084638595581e-02 9.856148958206176758e-01 -1.052277814596891403e-02 -4.889138340950012207e-01 -9.980250000953674316e-01 4.043079614639282227e-01 9.655982851982116699e-01 2.190181985497474670e-02 -9.843095541000366211e-01 -7.778792828321456909e-02 -9.669213891029357910e-01 1.784979738295078278e-02 9.961979389190673828e-01 9.873396158218383789e-01 -9.688165187835693359e-01 4.210473895072937012e-01 -3.510373532772064209e-01 9.977984428405761719e-01 -3.073177635669708252e-01 -8.365024924278259277e-01 9.993813633918762207e-01 -4.972656667232513428e-01 -9.979127049446105957e-01 9.831583499908447266e-01 2.305413484573364258e-01 1.015123054385185242e-01 3.601259887218475342e-01 -9.981439709663391113e-01 -9.207531809806823730e-01 8.461444377899169922e-01 9.920911192893981934e-01 9.971472620964050293e-01 -3.453976809978485107e-01 1.039046347141265869e-01 3.011428415775299072e-01 -9.969211220741271973e-01 -9.998998641967773438e-01 -9.982903003692626953e-01 2.325806766748428345e-01 3.112626029178500175e-03 9.690147638320922852e-01 9.890222549438476562e-01 -9.998019933700561523e-01 -7.221853733062744141e-02 9.834716320037841797e-01 2.255985885858535767e-01 9.837045073509216309e-01 9.876201748847961426e-01 -7.647531628608703613e-01 -7.108205556869506836e-01 9.744181632995605469e-01 2.003640681505203247e-02 2.423612959682941437e-02 2.733871638774871826e-01 9.989193081855773926e-01 -7.686005234718322754e-01 8.625778555870056152e-02 -1.041118055582046509e-01 -6.048911809921264648e-01 4.023323208093643188e-02 9.921134114265441895e-01 8.411917686462402344e-01 6.853693723678588867e-02 -2.649106383323669434e-01 -2.870739102363586426e-01 9.142532199621200562e-02 9.981852173805236816e-01 -1.467369683086872101e-02 1.453645527362823486e-01 -3.911884129047393799e-01 -9.874565601348876953e-01 -2.779359519481658936e-01 -2.588098645210266113e-01 -1.413188129663467407e-01 7.024232745170593262e-01 -9.861209988594055176e-01 -9.119267463684082031e-01 9.999930262565612793e-01 9.941787272691726685e-02 2.396990507841110229e-01 -7.365901470184326172e-01 3.997194115072488785e-03 2.231293171644210815e-01 3.412673175334930420e-01 -9.676011800765991211e-01 -9.426593780517578125e-01 3.560383021831512451e-01 9.592922925949096680e-01 -2.773631215095520020e-01 -2.194764465093612671e-02 9.970715045928955078e-01 1.536015123128890991e-01 -9.783493280410766602e-01 9.296004772186279297e-01 9.998830556869506836e-01 1.209935694932937622e-01 9.835728406906127930e-01 4.543503820896148682e-01 -8.957934379577636719e-02 4.965422749519348145e-01 -2.507894337177276611e-01 9.871823787689208984e-01 -7.675795257091522217e-02 2.937777936458587646e-01 -2.673301100730895996e-01 -3.131781518459320068e-01 1.470949649810791016e-01 -9.951727390289306641e-01 -9.824679493904113770e-01 -1.325290948152542114e-01 1.904879808425903320e-01 1.953140050172805786e-01 -9.981561303138732910e-01 -9.872909188270568848e-01 -1.861112564802169800e-01 3.240178525447845459e-02 3.046377003192901611e-01 1.089116334915161133e-01 9.753502011299133301e-01 -2.953769862651824951e-01 1.061668545007705688e-01 6.949597001075744629e-01 -9.994866251945495605e-01 1.494723409414291382e-01 1.601845324039459229e-01 1.443167179822921753e-01 -7.760617136955261230e-02 6.534878015518188477e-01 -8.310753107070922852e-02 -9.373325705528259277e-01 -1.398178935050964355e-01 9.980267286300659180e-01 9.775880575180053711e-01 2.316973507404327393e-01 2.243922352790832520e-01 7.432067394256591797e-01 1.397071480751037598e-01 -2.381265908479690552e-01 8.976585268974304199e-01 -9.983843564987182617e-01 -3.549285829067230225e-01 3.864504769444465637e-02 1.148486807942390442e-01 -1.629389971494674683e-01 -5.789203047752380371e-01 9.986640214920043945e-01 -1.304665952920913696e-01 -3.935287594795227051e-01 -6.166777610778808594e-01 8.686195611953735352e-01 -2.782678604125976562e-01 9.888557791709899902e-01 -9.867950081825256348e-01 -9.449881315231323242e-01 -1.342117488384246826e-01 -1.303003281354904175e-01 -9.793294668197631836e-01 -9.855751395225524902e-01 9.709364771842956543e-01 -9.999179244041442871e-01 8.139505237340927124e-02 -1.256981641054153442e-01 1.631109714508056641e-01 3.916754573583602905e-02 8.727117627859115601e-02 -3.646094352006912231e-02 -9.880483746528625488e-01 -3.127919137477874756e-02 7.348542213439941406e-01 -1.791356503963470459e-02 9.964065551757812500e-01 2.720724940299987793e-01 -9.937581419944763184e-01 1.190826073288917542e-01 1.853894144296646118e-01 1.885774433612823486e-01 -1.434322595596313477e-01 2.772033214569091797e-01 -9.989746809005737305e-01 7.322544455528259277e-01 -9.990876913070678711e-01 -9.425488710403442383e-01 2.349213883280754089e-02 -9.878659844398498535e-01 -8.138590455055236816e-01 -3.332341611385345459e-01 -2.219644188880920410e-01 -3.707632049918174744e-02 -9.426887631416320801e-01 -9.928531646728515625e-01 4.306398928165435791e-01 -9.778436422348022461e-01 -9.699304103851318359e-01 -9.990289211273193359e-01 2.281290739774703979e-01 -1.330043822526931763e-01 1.106396466493606567e-01 4.731725752353668213e-01 -5.881130695343017578e-03 -1.564350724220275879e-01 9.839611053466796875e-01 3.745501339435577393e-01 9.963928461074829102e-01 2.714267559349536896e-02 -6.202250346541404724e-02 -3.366972506046295166e-01 9.798972010612487793e-01 -9.694682359695434570e-01 2.680046856403350830e-01 -9.788603782653808594e-01 2.309754863381385803e-02 9.845865964889526367e-01 9.953555464744567871e-01 9.703012704849243164e-01 9.971624612808227539e-01 -9.663496017456054688e-01 -2.242881506681442261e-01 1.688005477190017700e-01 3.440133333206176758e-01 9.627607464790344238e-01 6.814840435981750488e-02 4.011420533061027527e-02 -9.944356679916381836e-01 -9.890508651733398438e-01 3.191809058189392090e-01 -9.959352612495422363e-01 9.981574416160583496e-01 -6.868842989206314087e-02 3.025427758693695068e-01 -3.470049202442169189e-01 1.481022089719772339e-01 1.500424444675445557e-01 -3.260944485664367676e-01 -9.834131002426147461e-01 -2.721303999423980713e-01 1.999242790043354034e-02 -3.844858333468437195e-02 -1.316700428724288940e-01 -9.999840259552001953e-01 -9.042114019393920898e-01 -1.002222523093223572e-01 4.061446785926818848e-01 -2.965516448020935059e-01 -4.908450245857238770e-01 -1.742363125085830688e-01 6.162493228912353516e-01 9.997046589851379395e-01 -9.673025012016296387e-01 2.215529084205627441e-01 -8.243192732334136963e-02 -3.252726793289184570e-01 -2.959366440773010254e-01 -9.518879055976867676e-01 -4.217870533466339111e-01 7.095144987106323242e-01 7.484655082225799561e-02 2.287147380411624908e-02 -2.543002367019653320e-01 -2.217676192522048950e-01
-8.949534893035888672e-01 3.109967708587646484e-01 3.452733457088470459e-01 3.544781506061553955e-01 -5.685949325561523438e-02 8.987803459167480469e-01 7.848257422447204590e-01 -4.222369790077209473e-01 1.117173582315444946e-02 -9.967305064201354980e-01 2.285447716712951660e-01 -9.600831866264343262e-01 -6.562559008598327637e-01 2.661276161670684814e-01 -8.525547385215759277e-01 5.892921984195709229e-02 -4.592072591185569763e-02 1.260549575090408325e-01 -5.604725480079650879e-01 -6.194561123847961426e-01 5.242449045181274414e-01 1.167027503252029419e-01 9.986135363578796387e-01 -1.234443485736846924e-01 9.963091015815734863e-01 9.821977615356445312e-01 -2.982166409492492676e-01 -4.823530614376068115e-01 -1.464878320693969727e-01 8.226196169853210449e-01 9.998527169227600098e-01 -2.031816095113754272e-01 -6.632772088050842285e-02 2.725400328636169434e-01 -8.328408598899841309e-01 -1.243320107460021973e-01 -4.024824798107147217e-01 4.524973779916763306e-02 9.992170929908752441e-01 -1.396430730819702148e-01 3.369908034801483154e-02 9.621850401163101196e-02 2.992981374263763428e-01 -9.894438385963439941e-01 5.729663744568824768e-02 4.559628665447235107e-01 -9.972270131111145020e-01 3.627470731735229492e-01 9.300743937492370605e-01 1.605113297700881958e-01 5.650349259376525879e-01 4.262067675590515137e-01 9.978442788124084473e-01 1.581412553787231445e-01 3.665568232536315918e-01 3.410214483737945557e-01 -4.756105132400989532e-03 2.456007897853851318e-02 -9.995366334915161133e-01 9.411574602127075195e-01 -2.807070314884185791e-01 1.253882199525833130e-01 3.552049994468688965e-01 1.232520490884780884e-01 2.837386131286621094e-01 -9.998387694358825684e-01 9.765373468399047852e-01 3.907805979251861572e-01 1.473779529333114624e-01 9.981151819229125977e-01 9.641236662864685059e-01 9.765379428863525391e-01 -8.502573370933532715e-01 -9.047904014587402344e-01 -9.962858557701110840e-01 -3.942790925502777100e-01 5.809516087174415588e-02 2.337947785854339600e-01 4.642782360315322876e-02 2.189177423715591431e-01 6.351502537727355957e-01 2.595065534114837646e-01 9.957532882690429688e-01 -6.912641972303390503e-02 9.296562671661376953e-01 -9.858347177505493164e-01 3.205068707466125488e-01 2.854257822036743164e-01 5.161680653691291809e-02 4.416504502296447754e-01 -9.770408272743225098e-01 3.282812982797622681e-02 3.102618753910064697e-01 -9.182046651840209961e-01 -9.973365068435668945e-01 8.914815187454223633e-01 9.752271771430969238e-01 -8.448938280344009399e-02 -9.994284510612487793e-01 -5.037452578544616699e-01 7.000914216041564941e-01 -9.647377729415893555e-01 -2.270606607198715210e-01 -4.314289391040802002e-01 -1.198648512363433838e-01 -3.048481643199920654e-01 9.988414049148559570e-01 6.493527293205261230e-01 -3.649160563945770264e-01 -9.446237087249755859e-01 -3.847125917673110962e-02 2.313142269849777222e-01 2.546709589660167694e-02 -9.880794286727905273e-01 -1.559793800115585327e-01 1.285399198532104492e-01 -9.874306321144104004e-01 7.263639569282531738e-01 1.113979220390319824e-01 9.761939644813537598e-01 -9.448326230049133301e-01 -5.371042490005493164e-01 -9.988180994987487793e-01 -5.199326872825622559e-01 8.197586983442306519e-02 -1.053408905863761902e-01 -9.993088245391845703e-01 6.698171794414520264e-02 -4.806334972381591797e-01 -5.020194053649902344e-01 8.561216592788696289e-01 9.959608912467956543e-01 9.610102511942386627e-03 -3.451453894376754761e-02 5.386959910392761230e-01 -9.272112846374511719e-01 9.799765348434448242e-01 -9.974700808525085449e-01 3.901480138301849365e-01 -9.539399296045303345e-02 9.996816515922546387e-01 -6.430230289697647095e-02 -2.573730051517486572e-01 9.747741222381591797e-01 5.184388905763626099e-02 8.805952668190002441e-01 -9.058972001075744629e-01 9.976743459701538086e-01 -1.585702225565910339e-02 -2.435413450002670288e-01 -1.123123168945312500e-01 -1.046884953975677490e-01 8.290001749992370605e-01 -1.485534310340881348e-01 8.561166375875473022e-02 -3.413487374782562256e-01 -6.239238381385803223e-01 -9.926958084106445312e-01 -2.108919620513916016e-01 2.805055379867553711e-01 1.123450100421905518e-01 -2.471535839140415192e-02 -2.334297299385070801e-01 -2.098854184150695801e-01 9.998783469200134277e-01 1.773263663053512573e-01 -6.610628962516784668e-02 -3.770459294319152832e-01 9.170495867729187012e-01 8.608274459838867188e-01 -7.843052968382835388e-03 -9.887242913246154785e-01 -5.878051519393920898e-01 -7.753359675407409668e-01 -1.749158054590225220e-01 1.078601256012916565e-01 -7.779826521873474121e-01 5.318453162908554077e-02 9.984580874443054199e-01 9.931541681289672852e-01 8.861119151115417480e-01 -4.122139215469360352e-01 9.906393289566040039e-01 -2.027325704693794250e-02 -1.415735930204391479e-01 -3.123198151588439941e-01 -9.947127699851989746e-01 -9.989042282104492188e-01 4.759925901889801025e-01 3.561013564467430115e-02 -7.754133641719818115e-02 -9.935002326965332031e-01 9.471898674964904785e-01 1.928922086954116821e-01 9.952595233917236328e-01 6.358838081359863281e-02 -5.771547555923461914e-01 -9.930415153503417969e-01 -9.791959524154663086e-01 -4.776060879230499268e-01 -3.640460371971130371e-01 3.048000484704971313e-02 -4.394991695880889893e-01 4.997152388095855713e-01 -8.054254204034805298e-02 6.121339276432991028e-02 2.924599349498748779e-01 9.996712803840637207e-01 9.864846467971801758e-01 -3.889682590961456299e-01 -8.853538036346435547e-01 9.625787138938903809e-01 4.199986904859542847e-02 7.265589237213134766e-01 9.766719937324523926e-01 -1.809786111116409302e-01 5.228978767991065979e-02 -7.499248385429382324e-01 8.435480594635009766e-01 -7.733557373285293579e-02 -7.787991762161254883e-01 7.416470348834991455e-02 8.112635612487792969e-01 2.805430293083190918e-01 -7.687792778015136719e-01 5.071388483047485352e-01 -9.985337853431701660e-01 -9.195002913475036621e-02 4.128951132297515869e-01 -6.151825562119483948e-02 3.697457164525985718e-02 1.382705569267272949e-01 -3.167192935943603516e-01 5.172032713890075684e-01 9.995311498641967773e-01 4.794786572456359863e-01 -5.988802313804626465e-01 -3.809115588665008545e-01 2.545381784439086914e-01 -1.345629841089248657e-01 2.589368522167205811e-01 9.996234774589538574e-01 -8.563633561134338379e-01 7.909821271896362305e-01 8.601689934730529785e-01 -1.846296489238739014e-01 9.701659679412841797e-01 1.314517110586166382e-01 7.063829302787780762e-01 2.430396080017089844e-01 8.731663972139358521e-02 -2.843045592308044434e-01 -3.782957196235656738e-01 -4.028686508536338806e-02 9.997560977935791016e-01 7.964842021465301514e-02 -2.107652872800827026e-01 -7.146842479705810547e-01 -2.927324771881103516e-01 9.770150184631347656e-01 8.855839073657989502e-02 -8.833279609680175781e-01 -1.546335965394973755e-01 -8.886027932167053223e-01 -8.220553398132324219e-03 9.794713258743286133e-01 9.998862147331237793e-01 -9.999155998229980469e-01 -2.439854592084884644e-01 -3.014908432960510254e-01 9.996922016143798828e-01 -2.698449604213237762e-02 -9.051897525787353516e-01 9.987457990646362305e-01 -6.125374436378479004e-01 -9.993707537651062012e-01 9.994717836380004883e-01 1.081795245409011841e-01 7.025328278541564941e-01 2.757328748703002930e-01 -9.995803236961364746e-01 -4.361636042594909668e-01 6.236184835433959961e-01 9.971631765365600586e-01 9.961135387420654297e-01 -9.123269468545913696e-02 -5.437090396881103516e-01 4.420576617121696472e-02 -9.999598264694213867e-01 -9.999674558639526367e-01 -9.987434744834899902e-01 2.681812345981597900e-01 4.655838012695312500e-01 9.766950607299804688e-01 9.761459231376647949e-01 -9.999868273735046387e-01 -4.143629372119903564e-01 9.977601766586303711e-01 1.280453205108642578e-01 9.983376860618591309e-01 9.966914653778076172e-01 -8.754132986068725586e-01 -2.590363621711730957e-01 9.983548521995544434e-01 -2.920767664909362793e-01 -3.517826497554779053e-01 -3.119915425777435303e-01 9.991380572319030762e-01 9.184493422508239746e-01 7.934290170669555664e-02 2.896454036235809326e-01 -4.000409543514251709e-01 3.349654972553253174e-01 9.965690970420837402e-01 9.736877083778381348e-01 -5.593820288777351379e-02 -1.491004526615142822e-01 7.542000710964202881e-02 -1.106096729636192322e-01 9.569498896598815918e-01 2.102099508047103882e-01 -9.163674116134643555e-01 -9.432769566774368286e-02 -9.852252006530761719e-01 -6.350447982549667358e-02 -4.381560087203979492e-01 1.557336598634719849e-01 5.730608105659484863e-01 -9.431911110877990723e-01 7.283568382263183594e-01 9.994182586669921875e-01 1.916535943746566772e-01 1.620510667562484741e-01 9.735252857208251953e-01 3.128792345523834229e-01 3.411776125431060791e-01 4.597266912460327148e-01 -9.827231168746948242e-01 -7.315174341201782227e-01 6.560092568397521973e-01 4.710124433040618896e-01 -3.115183413028717041e-01 -2.126310169696807861e-01 8.435392975807189941e-01 -8.788484334945678711e-01 -9.195253849029541016e-01 7.182600498199462891e-01 9.998019933700561523e-01 -3.657951056957244873e-01 3.437168300151824951e-01 3.840339481830596924e-01 -1.283672153949737549e-01 5.448898673057556152e-01 -1.471917033195495605e-01 8.421850800514221191e-01 1.212619096040725708e-01 -9.620367884635925293e-01 2.792278826236724854e-01 -6.326134204864501953e-01 2.838321924209594727e-01 -9.807118773460388184e-01 -8.063126802444458008e-01 -1.675868332386016846e-01 2.168654799461364746e-01 4.163489043712615967e-01 -9.582087993621826172e-01 -7.911732792854309082e-01 5.654926896095275879e-01 2.469180971384048462e-01 2.301806360483169556e-01 -2.827941477298736572e-01 9.963843822479248047e-01 -1.574428230524063110e-01 6.704692244529724121e-01 9.581878185272216797e-01 -9.980126023292541504e-01 2.186691910028457642e-01 1.886103600263595581e-01 -2.229876667261123657e-01 -1.333355158567428589e-01 9.558702707290649414e-01 -3.114021718502044678e-01 -9.998440146446228027e-01 -1.132861524820327759e-01 9.976429343223571777e-01 -7.146928310394287109e-01 3.039744198322296143e-01 -2.420121729373931885e-01 9.021344035863876343e-02 -1.384231299161911011e-01 -3.521909117698669434e-01 9.818513989448547363e-01 -9.984666705131530762e-01 -4.405751526355743408e-01 -8.420218527317047119e-02 -1.111751571297645569e-01 -4.408509731292724609e-01 -6.943894624710083008e-01 9.524168372154235840e-01 2.684509754180908203e-01 -3.498402237892150879e-02 4.620189368724822998e-01 4.801239371299743652e-01 -2.496775835752487183e-01 9.980216622352600098e-01 -7.596245408058166504e-01 -5.876367092132568359e-01 -4.826163947582244873e-01 1.219496428966522217e-01 6.575791239738464355e-01 -9.933419227600097656e-01 -8.208814859390258789e-01 -9.967625737190246582e-01 3.637739419937133789e-01 -4.836244881153106689e-01 4.007675051689147949e-01 3.740796446800231934e-01 7.329323887825012207e-01 2.745875120162963867e-01 -8.952474594116210938e-01 -2.157081514596939087e-01 -4.437028765678405762e-01 3.627346158027648926e-01 9.582934379577636719e-01 1.498412787914276123e-01 -9.705119729042053223e-01 3.459079265594482422e-01 -3.458682298660278320e-01 4.493448436260223389e-01 -1.309990733861923218e-01 1.634495705366134644e-02 -9.826793074607849121e-01 9.987505078315734863e-01 -9.998860955238342285e-01 -9.979174137115478516e-01 2.574252486228942871e-01 -2.442195564508438110e-01 -9.026550054550170898e-01 -8.465939760208129883e-02 -3.737752735614776611e-01 -3.689602613449096680e-01 -9.992274045944213867e-01 -6.078723073005676270e-01 5.018616318702697754e-01 -9.975665211677551270e-01 -9.990835785865783691e-01 -9.853513836860656738e-01 2.675146758556365967e-01 -1.378473490476608276e-01 -2.703266739845275879e-01 4.173204302787780762e-01 -2.182971090078353882e-01 -3.880779724568128586e-03 9.989959001541137695e-01 5.302144289016723633e-01 2.630766630172729492e-01 3.349245488643646240e-01 1.140151172876358032e-01 -4.502567648887634277e-01 9.991718530654907227e-01 -9.711214303970336914e-01 3.234010636806488037e-01 -9.987487196922302246e-01 -3.948478773236274719e-02 9.344435334205627441e-01 9.985761046409606934e-01 8.433554768562316895e-01 -2.921040058135986328e-01 -8.902183771133422852e-01 -1.197849065065383911e-01 2.253763228654861450e-01 9.238681197166442871e-02 8.440962433815002441e-01 1.947992146015167236e-01 -4.506747238337993622e-03 -9.824419617652893066e-01 -9.876964688301086426e-01 7.813654956407845020e-04 -9.954115748405456543e-01 8.334677815437316895e-01 -1.979634463787078857e-01 2.912711501121520996e-01 -3.382556885480880737e-02 -2.170594185590744019e-01 -1.949745565652847290e-01 -8.881100416183471680e-01 -7.291336655616760254e-01 -1.620013415813446045e-01 -6.260734200477600098e-01 -1.968778520822525024e-01 -2.514118850231170654e-01 -9.999922513961791992e-01 -8.705989122390747070e-01 -8.650093078613281250e-01 5.206789821386337280e-02 -3.774367570877075195e-01 -1.103943735361099243e-01 4.499119222164154053e-01 -9.969732165336608887e-01 9.999973773956298828e-01 -9.955195784568786621e-01 1.262691766023635864e-01 -1.061555147171020508e-01 -3.952965438365936279e-01 -1.591565757989883423e-01 -9.988425374031066895e-01 6.395173072814941406e-01 -6.445738673210144043e-01 4.270977973937988281e-01 -1.015454009175300598e-01 -1.920540630817413330e-01 -5.688329339027404785e-01
9.531307220458984375e-01 -2.555640935897827148e-01 4.856902062892913818e-01 9.080274403095245361e-02 -3.335544466972351074e-01 9.761478900909423828e-01 9.831766486167907715e-01 -9.998628497123718262e-01 -2.098376303911209106e-01 -8.904483318328857422e-01 7.231960445642471313e-02 -8.723385334014892578e-01 7.365645766258239746e-01 -9.425762295722961426e-01 -6.958748102188110352e-01 -2.446298953145742416e-03 -2.538440227508544922e-01 -9.664490073919296265e-02 -4.527420699596405029e-01 -3.386327624320983887e-01 4.261615574359893799e-01 3.030727505683898926e-01 4.426566958427429199e-01 -2.213524430990219116e-01 9.965577721595764160e-01 8.693128228187561035e-01 -1.410187035799026489e-01 -1.487425714731216431e-01 2.480576485395431519e-01 8.978507518768310547e-01 9.848201870918273926e-01 -1.414842605590820312e-01 4.707477092742919922e-01 -2.042154595255851746e-02 -9.928901791572570801e-01 -2.215804010629653931e-01 -5.559753775596618652e-01 -1.172389388084411621e-01 9.797058105468750000e-01 3.517656773328781128e-02 2.445339411497116089e-01 -3.430033624172210693e-01 7.661429792642593384e-02 -9.878920316696166992e-01 2.108309566974639893e-01 9.813678264617919922e-01 -6.694850325584411621e-01 2.148551046848297119e-01 2.823440432548522949e-01 -4.938924014568328857e-01 9.653502106666564941e-01 -1.973696053028106689e-04 7.659691572189331055e-01 -2.724453508853912354e-01 2.368840621784329414e-03 -1.361057907342910767e-01 -4.025917965918779373e-03 -1.580192893743515015e-01 -9.826872348785400391e-01 -2.763606607913970947e-01 -3.425391316413879395e-01 9.585009515285491943e-02 9.895775914192199707e-01 -5.330709740519523621e-02 2.683211565017700195e-01 -8.644096255302429199e-01 9.741141796112060547e-01 5.143885016441345215e-01 2.471347711980342865e-02 -4.261691570281982422e-01 9.607764482498168945e-01 9.997178316116333008e-01 -9.197531342506408691e-01 -9.431504607200622559e-01 -9.980384707450866699e-01 -5.422592759132385254e-01 9.149999171495437622e-02 -2.616985738277435303e-01 3.119694292545318604e-01 -3.726189732551574707e-01 -9.998247027397155762e-01 -7.697118073701858521e-02 9.996261596679687500e-01 -3.006482124328613281e-01 8.672687411308288574e-01 5.327367186546325684e-01 3.717129230499267578e-01 1.140911951661109924e-01 1.513884812593460083e-01 2.888703048229217529e-01 -8.266487121582031250e-01 -2.560367286205291748e-01 9.662374109029769897e-02 -9.982391595840454102e-01 9.670325368642807007e-02 6.690148711204528809e-01 2.371237576007843018e-01 3.844528645277023315e-02 -9.881836175918579102e-01 1.499950289726257324e-01 -9.083458185195922852e-01 -8.166711330413818359e-01 1.415182054042816162e-01 -2.635113596916198730e-01 -2.857247591018676758e-01 -1.792504638433456421e-01 8.830951452255249023e-01 6.184015870094299316e-01 -3.050418198108673096e-01 -4.578280448913574219e-01 -4.286678135395050049e-02 9.673299640417098999e-02 -5.455053448677062988e-01 -9.019241929054260254e-01 -5.309669375419616699e-01 -1.458728611469268799e-01 -9.195206165313720703e-01 3.937526941299438477e-01 2.213903367519378662e-01 9.928084015846252441e-01 -6.102181077003479004e-01 4.909688141196966171e-03 -7.274482250213623047e-01 9.958693981170654297e-01 -1.718546301126480103e-01 -4.609773755073547363e-01 -4.629293978214263916e-01 -1.191924791783094406e-02 -3.609298169612884521e-01 -2.200026363134384155e-01 9.779022932052612305e-01 6.801419258117675781e-01 -5.769131779670715332e-01 1.275088340044021606e-01 2.480304092168807983e-01 -9.904603958129882812e-01 9.800325036048889160e-01 -9.589899182319641113e-01 -8.324186205863952637e-01 1.878567785024642944e-02 9.994518756866455078e-01 7.412586361169815063e-02 -3.194676935672760010e-01 1.062980070710182190e-01 -4.152404069900512695e-01 -2.041376940906047821e-02 7.064723223447799683e-02 9.979975223541259766e-01 1.871726065874099731e-01 -2.816862463951110840e-01 -8.414050191640853882e-02 -5.177434682846069336e-01 1.635606735944747925e-01 -2.186161279678344727e-01 3.558931648731231689e-01 -2.257419675588607788e-01 -7.993834018707275391e-01 2.897725403308868408e-01 2.215581834316253662e-01 2.762031555175781250e-01 2.269971650093793869e-03 1.236667484045028687e-01 1.986684501171112061e-01 -4.897874891757965088e-01 9.998399615287780762e-01 -5.845877900719642639e-02 -3.127637207508087158e-01 -5.576266050338745117e-01 9.772550463676452637e-01 -4.099391102790832520e-01 -1.274115443229675293e-01 -4.447543025016784668e-01 -9.995478987693786621e-01 -9.059560894966125488e-01 -3.267434239387512207e-01 1.314751207828521729e-01 9.269274473190307617e-01 2.413275986909866333e-01 9.922406077384948730e-01 9.835314154624938965e-01 8.879966139793395996e-01 -3.798506557941436768e-01 9.976066946983337402e-01 -8.441569209098815918e-01 9.968208670616149902e-01 -9.428613185882568359e-01 6.482075452804565430e-01 -9.693676233291625977e-02 5.202178955078125000e-01 7.856276035308837891e-01 9.859130978584289551e-01 -9.849633574485778809e-01 -8.629856109619140625e-01 -6.568526476621627808e-02 8.869821429252624512e-01 1.253302246332168579e-01 -9.683102965354919434e-01 -9.250321388244628906e-01 -8.668059706687927246e-01 1.088950689882040024e-02 -2.113657295703887939e-01 -2.720830775797367096e-02 -7.158464789390563965e-01 -8.071479946374893188e-02 -2.041928023099899292e-01 -5.049406886100769043e-01 -3.976809382438659668e-01 9.319851398468017578e-01 7.127984762191772461e-01 -2.421506643295288086e-01 -2.358250766992568970e-01 -8.430682420730590820e-01 2.684065513312816620e-02 5.803413391113281250e-01 8.412310481071472168e-01 -8.297772407531738281e-01 8.562105894088745117e-01 9.590803384780883789e-01 8.924684524536132812e-01 6.909557152539491653e-03 -5.914765596389770508e-01 -1.277630776166915894e-01 -7.236303091049194336e-01 9.914884716272354126e-02 -9.132443070411682129e-01 -6.786569952964782715e-01 -8.568932414054870605e-01 -2.200970798730850220e-01 -4.392884075641632080e-01 9.723916053771972656e-01 -4.041604995727539062e-01 4.183655232191085815e-02 -2.736171185970306396e-01 5.297281146049499512e-01 7.845295071601867676e-01 3.122818171977996826e-01 2.324377745389938354e-01 3.046531789004802704e-02 3.097651898860931396e-01 1.978604122996330261e-02 1.370672583580017090e-01 9.999120831489562988e-01 1.726792752742767334e-01 6.166554093360900879e-01 9.794046282768249512e-01 4.096449539065361023e-02 8.772286176681518555e-01 -2.539540827274322510e-01 -5.426301956176757812e-01 1.287452280521392822e-01 4.168015420436859131e-01 -1.601632684469223022e-02 -8.426624536514282227e-02 1.710411757230758667e-01 9.859077930450439453e-01 3.786738589406013489e-02 -4.265013039112091064e-01 -9.988393187522888184e-01 -6.169270873069763184e-01 9.034427404403686523e-01 1.509935110807418823e-01 -9.218319058418273926e-01 7.637557387351989746e-02 -3.888285458087921143e-01 -1.519561558961868286e-01 9.786974191665649414e-01 9.692174196243286133e-01 -5.234785079956054688e-01 2.326111942529678345e-01 -2.747054994106292725e-01 9.376623630523681641e-01 -1.493723392486572266e-01 -8.439741730690002441e-01 9.954110383987426758e-01 -6.526758074760437012e-01 -9.377150535583496094e-01 9.697428345680236816e-01 8.271412551403045654e-02 9.066393375396728516e-01 3.225135803222656250e-01 -9.520617723464965820e-01 -9.704564213752746582e-01 9.822020530700683594e-01 7.835975885391235352e-01 9.513899683952331543e-01 -1.944167315959930420e-01 1.345585882663726807e-01 -4.052076339721679688e-01 -9.922807812690734863e-01 -9.978252649307250977e-01 -9.856203794479370117e-01 3.307174146175384521e-01 5.315477401018142700e-02 -4.294604063034057617e-01 8.865802288055419922e-01 -9.065166711807250977e-01 -1.780763640999794006e-02 9.647392034530639648e-01 -6.005471572279930115e-02 9.766441583633422852e-01 9.772925972938537598e-01 -9.926863908767700195e-01 8.507811278104782104e-02 8.976923227310180664e-01 -4.303911328315734863e-01 5.163189768791198730e-01 5.624008178710937500e-02 9.859153032302856445e-01 -2.695623040199279785e-01 3.394203782081604004e-01 7.897043228149414062e-02 -9.964452385902404785e-01 1.897418498992919922e-01 9.911789894104003906e-01 9.014019370079040527e-01 3.762315586209297180e-02 9.699454158544540405e-02 4.315408766269683838e-01 3.664018213748931885e-01 9.989849328994750977e-01 1.422724127769470215e-01 9.059157967567443848e-01 -3.704456984996795654e-02 -9.409636855125427246e-01 -5.089840888977050781e-01 -4.281868636608123779e-01 -9.668027758598327637e-01 -5.381371974945068359e-01 -8.905092477798461914e-01 8.908048272132873535e-02 9.999082088470458984e-01 3.364211618900299072e-01 2.682631611824035645e-01 -9.922574162483215332e-01 3.107305169105529785e-01 5.203254222869873047e-01 1.505810767412185669e-01 -9.506893754005432129e-01 -9.209717512130737305e-01 1.635702848434448242e-01 9.982095360755920410e-01 -3.679511547088623047e-01 -4.089666306972503662e-01 8.553053736686706543e-01 -9.129301905632019043e-01 -9.826527237892150879e-01 2.486686408519744873e-01 9.998145103454589844e-01 3.660543560981750488e-01 2.330953478813171387e-01 2.418375015258789062e-01 2.855459749698638916e-01 2.549771368503570557e-01 -3.587577342987060547e-01 8.887915611267089844e-01 -4.065029323101043701e-02 8.658424019813537598e-01 -3.028917014598846436e-01 -5.131755471229553223e-01 -3.991287201642990112e-03 -7.854012250900268555e-01 -8.891649246215820312e-01 -4.605106413364410400e-01 3.609135746955871582e-01 1.323479562997817993e-01 -9.260678291320800781e-01 -8.888950347900390625e-01 -2.623893134295940399e-02 4.762677550315856934e-01 3.897637724876403809e-01 2.925993688404560089e-02 9.726487994194030762e-01 5.314543843269348145e-02 6.772560477256774902e-01 2.578564286231994629e-01 -9.951903223991394043e-01 -1.651850640773773193e-01 4.157312214374542236e-01 -3.213146924972534180e-01 2.446054965257644653e-01 8.179505467414855957e-01 4.349196702241897583e-02 3.200476169586181641e-01 -6.539136171340942383e-02 9.836701154708862305e-01 -6.344453096389770508e-01 5.816700458526611328e-01 -1.925423294305801392e-01 8.124354481697082520e-01 -3.541648089885711670e-01 -2.866040542721748352e-02 5.553163886070251465e-01 -9.991717934608459473e-01 -1.504788696765899658e-01 -5.882258415222167969e-01 -6.313067674636840820e-02 -2.995384633541107178e-01 -7.314900159835815430e-01 7.396194934844970703e-01 2.591066956520080566e-01 2.603676915168762207e-01 2.060897052288055420e-01 7.273790240287780762e-01 -3.122175335884094238e-01 6.677345633506774902e-01 -9.883425831794738770e-01 -8.269995450973510742e-01 -1.117677018046379089e-01 -3.830406069755554199e-02 -9.865075349807739258e-01 -9.910348057746887207e-01 9.950076937675476074e-01 -8.134130835533142090e-01 -2.514634281396865845e-02 5.924304127693176270e-01 5.104281306266784668e-01 2.705869972705841064e-01 1.467600464820861816e-01 3.045199811458587646e-01 -9.814615845680236816e-01 -3.037101924419403076e-01 8.923713564872741699e-01 3.986932635307312012e-01 9.964143037796020508e-01 2.747733294963836670e-01 -8.849741816520690918e-01 -1.159536391496658325e-01 2.165645509958267212e-01 -4.108318984508514404e-01 -2.110969722270965576e-01 2.820915281772613525e-01 -9.978582859039306641e-01 -1.392112970352172852e-01 -9.983351230621337891e-01 -2.466682717204093933e-02 4.490505754947662354e-01 -9.305526614189147949e-01 3.380397856235504150e-01 -2.194700837135314941e-01 -5.373832583427429199e-01 -2.170181572437286377e-01 -8.478415608406066895e-01 -8.080366849899291992e-01 -4.049425125122070312e-01 -9.559350609779357910e-01 -9.388265013694763184e-01 -9.845710396766662598e-01 2.503787875175476074e-01 -3.698383271694183350e-01 4.848264157772064209e-01 5.151427388191223145e-01 -1.857928745448589325e-02 -2.416789680719375610e-01 9.775014519691467285e-01 6.530983448028564453e-01 9.280183315277099609e-01 2.786108851432800293e-01 3.718412220478057861e-01 2.405864894390106201e-01 9.266235828399658203e-01 7.114708423614501953e-01 1.294848024845123291e-01 -9.224119186401367188e-01 3.506526947021484375e-01 8.728341460227966309e-01 9.985853433609008789e-01 9.839413166046142578e-01 9.911050796508789062e-01 -9.979881644248962402e-01 -2.022899389266967773e-01 4.089193344116210938e-01 8.919320702552795410e-01 7.041708230972290039e-01 5.566781759262084961e-01 -1.382364183664321899e-01 -9.545145034790039062e-01 -8.641298413276672363e-01 3.518258631229400635e-01 -9.409263730049133301e-01 9.970539808273315430e-01 1.745879054069519043e-01 4.060735106468200684e-01 5.010329484939575195e-01 -2.466131597757339478e-01 6.685104221105575562e-02 -8.667457103729248047e-01 -9.473110437393188477e-01 -1.807262301445007324e-01 -6.067753434181213379e-01 -4.846801161766052246e-01 -3.901665210723876953e-01 -9.999513626098632812e-01 3.913689255714416504e-01 -9.075639843940734863e-01 5.026131868362426758e-01 -2.238166034221649170e-01 -3.454537987709045410e-01 3.034230172634124756e-01 6.353822946548461914e-01 9.962497353553771973e-01 -6.325323581695556641e-01 6.017004698514938354e-02 3.078855574131011963e-01 -2.940379083156585693e-01 -7.224645465612411499e-02 -5.987303853034973145e-01 -3.464430868625640869e-01 7.667942047119140625e-01 -2.694438099861145020e-01 2.582279145717620850e-01 1.006963774561882019e-01 -5.171030759811401367e-01
6.390396952629089355e-01 -9.460852146148681641e-01 3.092586100101470947e-01 4.713816642761230469e-01 -7.984001934528350830e-02 6.918470263481140137e-01 9.958589076995849609e-01 -9.873081445693969727e-01 8.428132534027099609e-02 -9.948807358741760254e-01 2.504843771457672119e-01 -9.666067957878112793e-01 9.639208316802978516e-01 -9.949895739555358887e-01 -8.774613142013549805e-01 2.674690485000610352e-01 -1.866695880889892578e-01 2.000403255224227905e-01 -4.854982793331146240e-01 -3.729181587696075439e-01 1.614725291728973389e-01 6.582414358854293823e-02 9.236091375350952148e-01 -8.245542049407958984e-01 9.977457523345947266e-01 9.885212779045104980e-01 -1.255592852830886841e-01 3.053128533065319061e-02 -3.206627964973449707e-01 9.982662796974182129e-01 9.951049685478210449e-01 3.608812391757965088e-01 2.846903204917907715e-01 2.922483384609222412e-01 -9.431495070457458496e-01 -2.272985875606536865e-01 -7.276517748832702637e-01 -4.246470034122467041e-01 9.954608678817749023e-01 -2.449100017547607422e-01 3.372311890125274658e-01 1.615995168685913086e-02 2.854579985141754150e-01 -9.989926815032958984e-01 2.011197507381439209e-01 4.898892343044281006e-01 -9.975675940513610840e-01 -2.458113729953765869e-01 9.839075207710266113e-01 -5.565598011016845703e-01 9.610044956207275391e-01 -3.133152425289154053e-01 9.885125160217285156e-01 -8.887705951929092407e-02 -1.181464120745658875e-01 2.645234763622283936e-01 1.682039350271224976e-02 -3.682403266429901123e-02 -9.992952346801757812e-01 -7.655308246612548828e-01 2.414379864931106567e-01 1.751688271760940552e-01 8.926946520805358887e-01 -2.611137740314006805e-02 -3.676437735557556152e-01 -8.630049824714660645e-01 9.957243204116821289e-01 9.162890315055847168e-01 -1.738806962966918945e-01 9.303276538848876953e-01 8.220418095588684082e-01 9.995754957199096680e-01 -8.804652094841003418e-01 -9.425405263900756836e-01 -1.683664917945861816e-01 -5.705214142799377441e-01 -1.710021793842315674e-01 8.263134360313415527e-01 -5.217614024877548218e-02 -2.521855235099792480e-01 -9.912470579147338867e-01 2.914327085018157959e-01 9.991169571876525879e-01 -1.499422639608383179e-01 9.980064034461975098e-01 -9.374822974205017090e-01 1.233813352882862091e-02 2.725591361522674561e-01 -5.108329653739929199e-02 2.944631278514862061e-01 -9.910686612129211426e-01 -2.346795946359634399e-01 5.453900694847106934e-01 -9.901221394538879395e-01 7.386460900306701660e-01 8.763327002525329590e-01 9.783321022987365723e-01 1.558636724948883057e-01 -9.792693257331848145e-01 -1.614404171705245972e-01 -9.365145564079284668e-01 -4.066089689731597900e-01 -2.091031968593597412e-01 -7.135042548179626465e-02 9.016338735818862915e-02 1.288159638643264771e-01 9.914383292198181152e-01 1.575749963521957397e-01 -1.315608993172645569e-02 -3.219080567359924316e-01 2.432537227869033813e-01 6.170875430107116699e-01 -7.566471099853515625e-01 -9.984204173088073730e-01 -1.564557701349258423e-01 3.476066589355468750e-01 -8.605666160583496094e-01 7.758544087409973145e-01 2.135746181011199951e-01 9.873467683792114258e-01 -5.772198438644409180e-01 -1.754949241876602173e-01 -9.658168554306030273e-01 9.801158905029296875e-01 -3.868592977523803711e-01 2.239054292440414429e-01 -6.400681734085083008e-01 -8.283466845750808716e-02 -5.834780931472778320e-01 -7.724978029727935791e-02 3.673580586910247803e-01 8.562096357345581055e-01 -2.230580896139144897e-01 9.139611572027206421e-02 2.786120176315307617e-01 -9.440609812736511230e-01 9.908402562141418457e-01 -9.988601207733154297e-01 -8.011030554771423340e-01 2.104545086622238159e-01 9.999573826789855957e-01 2.413061261177062988e-01 1.108235940337181091e-01 1.965280026197433472e-01 5.138273835182189941e-01 8.546407222747802734e-01 -7.120659351348876953e-01 9.932336807250976562e-01 4.906877875328063965e-01 1.526249945163726807e-01 1.608020663261413574e-01 -2.076503485441207886e-01 -2.894931435585021973e-01 -1.559461951255798340e-01 1.380252391099929810e-01 -5.360783338546752930e-01 -9.932420253753662109e-01 4.204443395137786865e-01 4.884446784853935242e-02 2.130169719457626343e-01 -2.148681879043579102e-01 3.804654479026794434e-01 -4.724337905645370483e-02 -4.630834460258483887e-01 9.999876022338867188e-01 -1.346712410449981689e-01 -1.148125827312469482e-01 -2.799795269966125488e-01 9.950889348983764648e-01 5.141937732696533203e-01 3.567227721214294434e-01 -5.564456805586814880e-02 -9.953382611274719238e-01 -9.979220628738403320e-01 -6.624828279018402100e-02 -9.330403804779052734e-02 5.346237421035766602e-01 1.171263754367828369e-01 9.852135181427001953e-01 9.974892139434814453e-01 8.238867521286010742e-01 -1.466365903615951538e-01 -2.867040932178497314e-01 -9.941405057907104492e-01 4.293713867664337158e-01 -9.952734112739562988e-01 -8.748543262481689453e-01 3.363365530967712402e-01 4.554154276847839355e-01 9.859240055084228516e-01 6.672499179840087891e-01 -9.931663870811462402e-01 6.810675263404846191e-01 2.368304729461669922e-01 9.757865071296691895e-01 -1.352945566177368164e-01 -6.356840133666992188e-01 -9.985331892967224121e-01 -4.066404998302459717e-01 -9.430763870477676392e-02 -3.750561177730560303e-01 -4.048638343811035156e-01 9.112970829010009766e-01 4.748691618442535400e-02 3.402200341224670410e-01 -6.096072196960449219e-01 -4.182460531592369080e-02 9.379069209098815918e-01 9.966904520988464355e-01 -2.266687005758285522e-01 1.007852554321289062e-01 -9.842827916145324707e-01 -9.618906676769256592e-02 1.413065195083618164e-01 9.948602914810180664e-01 -8.829553127288818359e-01 9.265390634536743164e-01 9.186288714408874512e-01 9.985373616218566895e-01 -2.585649490356445312e-01 -6.988402605056762695e-01 -2.269312739372253418e-02 -1.215348467230796814e-01 5.533161759376525879e-01 -9.984439015388488770e-01 8.413037061691284180e-01 -9.950698018074035645e-01 5.152050778269767761e-02 -3.704097867012023926e-01 9.637929797172546387e-01 -2.485814839601516724e-01 1.096957847476005554e-01 -1.856285631656646729e-01 1.623717844486236572e-01 9.738232493400573730e-01 7.351070642471313477e-02 9.403691887855529785e-01 -4.168678224086761475e-01 2.954899966716766357e-01 -1.263714730739593506e-01 9.957148432731628418e-01 9.997592568397521973e-01 -9.671796560287475586e-01 9.724619984626770020e-01 9.984464049339294434e-01 -1.459568291902542114e-01 9.987800121307373047e-01 -1.340927928686141968e-01 -9.106619954109191895e-01 -9.414345771074295044e-02 2.090987265110015869e-01 4.401731491088867188e-02 -1.506416946649551392e-01 6.679346412420272827e-02 9.877223968505859375e-01 -3.398626148700714111e-01 -1.731010973453521729e-01 -9.985524415969848633e-01 1.828100234270095825e-01 7.088277935981750488e-01 2.321311831474304199e-02 -9.989426732063293457e-01 7.098817825317382812e-02 -9.462650418281555176e-01 1.802629828453063965e-01 9.393759965896606445e-01 8.621501326560974121e-01 -9.997418522834777832e-01 -8.078638464212417603e-02 2.789226174354553223e-01 9.624694585800170898e-01 -3.690334260463714600e-01 -1.423783153295516968e-01 9.999806880950927734e-01 -4.315940141677856445e-01 -9.878175258636474609e-01 6.388195157051086426e-01 -2.447219751775264740e-02 4.211408495903015137e-01 1.274002343416213989e-01 -9.722905755043029785e-01 -9.211319088935852051e-01 9.673786759376525879e-01 9.749984145164489746e-01 5.027650594711303711e-01 -6.631489098072052002e-02 1.267192065715789795e-01 7.973024994134902954e-02 -9.994565844535827637e-01 -9.997658729553222656e-01 -9.989091157913208008e-01 3.264810144901275635e-01 -1.683615595102310181e-01 7.812184095382690430e-01 9.993846416473388672e-01 -9.959582090377807617e-01 -1.987548321485519409e-01 6.723978519439697266e-01 -2.585706412792205811e-01 9.368996620178222656e-01 9.968949556350708008e-01 -6.279733180999755859e-01 -5.768610835075378418e-01 9.301291108131408691e-01 -2.042003571987152100e-01 7.540884017944335938e-01 -2.089278101921081543e-01 9.987522363662719727e-01 7.329172492027282715e-01 -4.935710504651069641e-02 1.376466304063796997e-01 -9.918146729469299316e-01 -1.778195798397064209e-02 9.841518998146057129e-01 8.661105632781982422e-01 1.519721299409866333e-01 -1.081421002745628357e-01 1.994319409132003784e-01 4.504134878516197205e-02 9.997618198394775391e-01 7.364612817764282227e-01 -2.855111062526702881e-01 7.663461565971374512e-02 -9.963958859443664551e-01 -2.501028478145599365e-01 -2.755176424980163574e-01 -9.892967343330383301e-01 2.593643665313720703e-01 -9.981435537338256836e-01 1.463538259267807007e-01 8.849103450775146484e-01 4.608929157257080078e-02 -9.908057749271392822e-02 -2.644456028938293457e-01 2.663123309612274170e-01 2.562138438224792480e-01 -2.624290585517883301e-01 8.787820488214492798e-02 -9.829813838005065918e-01 1.499368399381637573e-01 9.852401614189147949e-01 -8.836545981466770172e-03 -2.418806403875350952e-01 9.587966203689575195e-01 -2.681368887424468994e-01 -9.132601618766784668e-01 9.195344448089599609e-01 9.971325993537902832e-01 -3.288734257221221924e-01 2.792834341526031494e-01 5.688578262925148010e-02 -7.682858407497406006e-02 -7.870045900344848633e-01 -1.572342216968536377e-01 9.987315535545349121e-01 -1.009492129087448120e-01 8.906989693641662598e-01 -9.188178926706314087e-02 5.963350832462310791e-02 9.766409546136856079e-02 -9.442420005798339844e-01 -9.979792237281799316e-01 -6.333308815956115723e-01 -4.391571879386901855e-01 4.754915535449981689e-01 -9.662390947341918945e-01 -9.985027313232421875e-01 -4.094542562961578369e-01 2.953454256057739258e-01 6.939287781715393066e-01 -3.095266520977020264e-01 9.739974141120910645e-01 -1.110539957880973816e-01 2.017838954925537109e-01 -8.082898855209350586e-01 -9.997680783271789551e-01 2.834320366382598877e-01 2.332914471626281738e-01 -1.627251952886581421e-01 1.434855312108993530e-01 7.753390669822692871e-01 3.921649754047393799e-01 -9.145180583000183105e-01 2.441192269325256348e-01 9.999595284461975098e-01 -9.854751080274581909e-02 4.617828428745269775e-01 5.385016649961471558e-02 8.990021944046020508e-01 -3.656682074069976807e-01 -2.066028565168380737e-01 -3.930887207388877869e-02 -9.998211860656738281e-01 -2.961795032024383545e-01 1.544793993234634399e-01 9.156835079193115234e-02 -2.199961841106414795e-01 -5.511941313743591309e-01 9.857832789421081543e-01 -4.112707972526550293e-01 1.351993530988693237e-01 4.570351243019104004e-01 9.832402467727661133e-01 5.389123782515525818e-02 9.245181679725646973e-01 -7.241963744163513184e-01 -9.963719248771667480e-01 -8.861682377755641937e-03 2.709761857986450195e-01 -9.711671471595764160e-01 -8.958615660667419434e-01 9.966754317283630371e-01 -6.787074804306030273e-01 5.826573818922042847e-02 2.328503876924514771e-01 -1.398364752531051636e-01 3.837671577930450439e-01 8.125123381614685059e-01 4.464883208274841309e-01 -9.568709135055541992e-01 1.151934415102005005e-01 1.744567751884460449e-01 -1.291870232671499252e-02 9.731695652008056641e-01 3.187862336635589600e-01 6.891818344593048096e-02 -1.177229434251785278e-01 2.402400225400924683e-02 -3.174189850687980652e-02 8.490807563066482544e-02 2.049788981676101685e-01 -9.797976016998291016e-01 8.300755620002746582e-01 -9.999869465827941895e-01 -8.084617257118225098e-01 3.621515035629272461e-01 -8.776275515556335449e-01 -9.758367538452148438e-01 9.212044626474380493e-02 -1.879034638404846191e-01 -1.525297611951828003e-01 -9.886279702186584473e-01 -9.631990790367126465e-01 8.331129699945449829e-02 -9.478700160980224609e-01 -9.896138310432434082e-01 -9.466689229011535645e-01 2.649009823799133301e-01 -2.923960685729980469e-01 9.165990352630615234e-02 1.490687280893325806e-01 -3.432241380214691162e-01 4.769681021571159363e-02 5.268464684486389160e-01 3.706054985523223877e-01 9.313991665840148926e-01 -7.046709954738616943e-02 1.295678615570068359e-01 8.741936087608337402e-02 9.923409819602966309e-01 1.335898041725158691e-01 -1.576384902000427246e-01 -9.446935653686523438e-01 2.075071036815643311e-01 9.984007477760314941e-01 9.918759465217590332e-01 7.874040603637695312e-01 9.635401964187622070e-01 -9.890187978744506836e-01 -6.210249662399291992e-02 5.165864229202270508e-01 -9.003636240959167480e-01 9.303804039955139160e-01 -2.097914963960647583e-01 3.419494926929473877e-01 -9.969497919082641602e-01 -9.552202224731445312e-01 3.901351094245910645e-01 -8.061034679412841797e-01 8.987711668014526367e-01 -1.425369679927825928e-01 2.154097408056259155e-01 1.281951814889907837e-01 2.447420656681060791e-01 9.939647465944290161e-02 -9.206869602203369141e-01 -9.962682127952575684e-01 6.321103125810623169e-02 2.770212888717651367e-01 -1.009522825479507446e-01 1.387345232069492340e-02 -9.999731779098510742e-01 6.846777796745300293e-01 2.498729899525642395e-02 -2.360449433326721191e-01 -2.049769014120101929e-01 5.479314923286437988e-02 2.363167107105255127e-01 -7.924337387084960938e-01 9.938449263572692871e-01 -9.950191378593444824e-01 -3.272594138979911804e-02 1.397015899419784546e-01 -5.465500522404909134e-03 -1.445449441671371460e-01 -7.843416333198547363e-01 8.068861365318298340e-01 7.663530707359313965e-01 -1.743145138025283813e-01 2.319735288619995117e-01 -1.520034074783325195e-01 -4.486337602138519287e-01
1.270115468651056290e-02 -3.008120507001876831e-02 -1.006191037595272064e-02 1.512933075428009033e-01 -2.375539094209671021e-01 9.838072061538696289e-01 9.265184998512268066e-01 -9.406040906906127930e-01 -4.150020331144332886e-02 -9.963340163230895996e-01 2.395032197237014771e-01 -9.497561454772949219e-01 -6.413015723228454590e-01 5.717533826828002930e-01 -5.410508513450622559e-01 -3.851836621761322021e-01 -2.380874454975128174e-01 1.414914429187774658e-01 -7.096593379974365234e-01 -4.342508912086486816e-01 4.081260561943054199e-01 2.024329453706741333e-01 6.699050068855285645e-01 -3.649752438068389893e-01 9.987622499465942383e-01 9.882974624633789062e-01 -6.758555769920349121e-02 -3.831003606319427490e-01 2.177215069532394409e-01 6.833184957504272461e-01 9.994567632675170898e-01 1.742419749498367310e-01 4.632914066314697266e-01 1.901199072599411011e-01 -9.718158841133117676e-01 -1.997087001800537109e-01 -6.835542321205139160e-01 -3.180688619613647461e-01 9.897610545158386230e-01 -2.447725534439086914e-01 9.196691215038299561e-02 -4.229634702205657959e-01 2.791915833950042725e-01 -9.961518645286560059e-01 1.214091181755065918e-01 3.962949290871620178e-02 -4.572067260742187500e-01 -6.114498153328895569e-02 9.676887392997741699e-01 -7.694410532712936401e-02 9.889550209045410156e-01 -3.376858830451965332e-01 9.309788942337036133e-01 -1.552752703428268433e-01 -8.415781855583190918e-01 1.283582895994186401e-01 9.598044678568840027e-03 3.010516464710235596e-01 -9.999780058860778809e-01 -8.945328593254089355e-01 -2.551395893096923828e-01 7.601517438888549805e-02 9.540852308273315430e-01 -1.986125409603118896e-01 1.360403299331665039e-01 -9.997161030769348145e-01 2.077696770429611206e-01 3.215756714344024658e-01 2.512162327766418457e-01 4.322956204414367676e-01 9.549581408500671387e-01 9.964106082916259766e-01 -9.472888112068176270e-01 -6.734693646430969238e-01 -9.965111613273620605e-01 -1.465974897146224976e-01 -1.787357777357101440e-02 9.235251545906066895e-01 1.957995146512985229e-01 -2.021671533584594727e-01 -8.633245229721069336e-01 2.144499421119689941e-01 9.999369978904724121e-01 -2.458372861146926880e-01 9.390736222267150879e-01 -7.297202348709106445e-01 1.465991139411926270e-01 1.725780367851257324e-01 -1.135627180337905884e-01 1.272957921028137207e-01 -9.712500572204589844e-01 -3.014096915721893311e-01 7.058837413787841797e-01 -9.502538442611694336e-01 -9.899217486381530762e-01 4.395679831504821777e-01 -5.699900910258293152e-02 3.452171012759208679e-02 -9.682778716087341309e-01 -3.773491382598876953e-01 1.197818666696548462e-01 -9.749841690063476562e-01 -5.722295045852661133e-01 -4.725281298160552979e-01 -5.828610435128211975e-02 -5.296286195516586304e-02 9.880596399307250977e-01 4.672020077705383301e-01 -5.135666728019714355e-01 -9.003650546073913574e-01 -1.322465837001800537e-01 9.180182963609695435e-02 1.591224223375320435e-01 -9.861941933631896973e-01 -3.881418406963348389e-01 4.972309991717338562e-02 -9.832162857055664062e-01 8.217635750770568848e-01 -4.096127301454544067e-02 9.958897829055786133e-01 -9.467764496803283691e-01 -9.288443624973297119e-02 -9.670938253402709961e-01 9.964128732681274414e-01 2.983289072290062904e-03 -3.580443263053894043e-01 -9.301067590713500977e-01 -5.994169041514396667e-02 -1.652869284152984619e-01 -4.899058043956756592e-01 9.849330782890319824e-01 9.967983961105346680e-01 1.015067175030708313e-01 4.507125616073608398e-01 2.841557860374450684e-01 -9.316162467002868652e-01 9.905391931533813477e-01 -9.928264021873474121e-01 8.642382621765136719e-01 3.711769580841064453e-01 9.999983310699462891e-01 3.060644567012786865e-01 -4.979445040225982666e-01 6.990298032760620117e-01 -9.191641956567764282e-02 3.560928404331207275e-01 -7.607408761978149414e-01 9.990403652191162109e-01 -8.384760022163391113e-01 -3.971540927886962891e-01 -4.807454347610473633e-01 -1.464987099170684814e-01 8.376156091690063477e-01 -2.191301248967647552e-02 1.222186386585235596e-01 -3.138861954212188721e-01 -2.999214828014373779e-01 -4.110487997531890869e-01 -3.428044319152832031e-01 5.114957690238952637e-01 -2.303198128938674927e-01 -1.260036677122116089e-01 3.494242904707789421e-03 -5.186914801597595215e-01 9.999941587448120117e-01 1.115288287401199341e-01 -1.334237903356552124e-01 -5.406805276870727539e-01 9.777370691299438477e-01 4.566847160458564758e-02 1.341217160224914551e-01 -9.883749485015869141e-01 -9.873096942901611328e-01 -5.560830831527709961e-01 5.613074302673339844e-01 2.875600755214691162e-01 -3.622226119041442871e-01 -1.489407420158386230e-01 9.914773106575012207e-01 9.957218170166015625e-01 8.714209794998168945e-01 -5.742898583412170410e-01 9.995077848434448242e-01 -7.554109692573547363e-01 -7.934336364269256592e-02 -3.492060601711273193e-01 -6.762913465499877930e-01 -9.147209525108337402e-01 2.809291183948516846e-01 1.681668609380722046e-01 7.154548764228820801e-01 -9.294815063476562500e-01 -8.596065044403076172e-01 4.062865972518920898e-01 9.811338186264038086e-01 9.693254716694355011e-03 -9.932253956794738770e-01 -9.768739342689514160e-01 -7.903257608413696289e-01 7.184881251305341721e-04 3.303440511226654053e-01 -1.594581156969070435e-01 -4.808483421802520752e-01 2.597142159938812256e-01 -1.596865803003311157e-01 8.911326527595520020e-01 1.991903036832809448e-01 9.852242469787597656e-01 9.764559864997863770e-01 5.613570287823677063e-02 -5.979435443878173828e-01 7.898047566413879395e-01 -8.509179949760437012e-02 7.413751482963562012e-01 9.798768758773803711e-01 -9.954543709754943848e-01 2.461415529251098633e-01 6.288028955459594727e-01 7.928072810173034668e-01 1.002457290887832642e-01 -9.722492694854736328e-01 -1.324823945760726929e-01 -9.856178164482116699e-01 3.511078655719757080e-01 -8.513833284378051758e-01 -4.184563457965850830e-01 -9.804947972297668457e-01 9.426111727952957153e-02 -4.595460891723632812e-01 9.922654628753662109e-01 6.865800917148590088e-02 -1.350508630275726318e-01 -5.638691782951354980e-01 4.947842359542846680e-01 9.697844982147216797e-01 2.927258908748626709e-01 -9.898467063903808594e-01 -5.121152997016906738e-01 4.519168436527252197e-01 -8.736947923898696899e-02 8.027715682983398438e-01 9.999877214431762695e-01 -3.363134860992431641e-01 8.820614218711853027e-01 9.192204475402832031e-01 2.978425621986389160e-01 9.533518552780151367e-01 1.563329845666885376e-01 2.562833428382873535e-01 1.743293367326259613e-02 1.435288488864898682e-01 -5.513560399413108826e-02 -4.121428132057189941e-01 2.770913541316986084e-01 9.993285536766052246e-01 -2.205123454332351685e-01 -5.021299123764038086e-01 -9.994705319404602051e-01 -3.171985447406768799e-01 6.194083690643310547e-01 -2.708360850811004639e-01 -9.991875886917114258e-01 -8.855453133583068848e-02 -3.813347518444061279e-01 -2.091309726238250732e-01 9.570623040199279785e-01 9.959984421730041504e-01 -9.852187633514404297e-01 3.798713907599449158e-02 -1.146921291947364807e-01 9.950376152992248535e-01 -2.802687585353851318e-01 -8.957989215850830078e-01 9.999053478240966797e-01 -6.790361404418945312e-01 -9.981603622436523438e-01 9.958770275115966797e-01 -1.567627862095832825e-02 9.573130011558532715e-01 3.681073188781738281e-01 -9.974147081375122070e-01 -8.717485666275024414e-01 8.884606361389160156e-01 9.993456006050109863e-01 9.950394630432128906e-01 -2.682774066925048828e-01 5.228592781350016594e-04 2.500524185597896576e-02 -9.992492198944091797e-01 -9.989912509918212891e-01 -8.569167256355285645e-01 5.828095674514770508e-01 5.371766686439514160e-01 9.758633375167846680e-01 9.948923587799072266e-01 -9.989103078842163086e-01 -3.028385341167449951e-01 9.120199084281921387e-01 1.860729455947875977e-01 9.830524325370788574e-01 9.982928037643432617e-01 -9.992573857307434082e-01 3.004846572875976562e-01 9.875842332839965820e-01 -3.557040989398956299e-01 1.758279651403427124e-01 1.862574070692062378e-01 9.859060645103454590e-01 -9.876443147659301758e-01 2.445300072431564331e-01 -1.256751269102096558e-02 2.408108115196228027e-01 3.151934742927551270e-01 9.932321906089782715e-01 9.357757568359375000e-01 1.309743821620941162e-01 1.545507758855819702e-01 1.013472154736518860e-01 2.756254374980926514e-01 9.994469881057739258e-01 3.522689342498779297e-01 -1.083899475634098053e-02 -4.029777646064758301e-01 -7.425879240036010742e-01 -2.612843215465545654e-01 -7.316222786903381348e-01 -8.024270534515380859e-01 7.650497555732727051e-01 -9.301688075065612793e-01 8.248708844184875488e-01 9.988466501235961914e-01 1.142869424074888229e-02 2.237874828279018402e-02 5.248005986213684082e-01 2.098188549280166626e-01 1.589498519897460938e-01 1.084411814808845520e-01 -9.047790765762329102e-01 -7.660022974014282227e-01 3.366012275218963623e-01 9.938412904739379883e-01 3.810133785009384155e-02 7.488549500703811646e-02 9.912086129188537598e-01 -8.668822050094604492e-01 -9.895329475402832031e-01 6.413890123367309570e-01 9.998072981834411621e-01 2.487402111291885376e-01 7.650319337844848633e-01 2.646040618419647217e-01 -1.159875616431236267e-01 7.737307548522949219e-01 2.047281712293624878e-02 7.683674097061157227e-01 1.781695485115051270e-01 -6.984072327613830566e-01 -7.475675642490386963e-02 -1.195075958967208862e-01 2.029228359460830688e-01 -9.983251094818115234e-01 -6.299570798873901367e-01 -4.265364110469818115e-01 -4.816371074412018061e-04 2.157748341560363770e-01 -9.841089844703674316e-01 -6.817484498023986816e-01 1.790274530649185181e-01 4.718468487262725830e-01 4.778784513473510742e-01 -7.117492705583572388e-02 9.976020455360412598e-01 -3.531676530838012695e-01 5.369290709495544434e-01 5.219273567199707031e-01 -9.994772672653198242e-01 3.267553076148033142e-02 1.669738143682479858e-01 -1.239148899912834167e-01 -3.907937705516815186e-01 9.755465984344482422e-01 1.242916285991668701e-01 -8.948664069175720215e-01 1.826436966657638550e-01 9.995397925376892090e-01 -7.558735013008117676e-01 4.353302717208862305e-01 -3.439261019229888916e-01 8.895083069801330566e-01 1.342554390430450439e-01 -4.703182578086853027e-01 9.801322221755981445e-01 -9.992879629135131836e-01 1.493590418249368668e-02 -1.948990114033222198e-02 -3.504061400890350342e-01 -3.714043200016021729e-01 -8.388168215751647949e-01 9.907003045082092285e-01 1.981899887323379517e-01 8.232612907886505127e-02 -6.991186738014221191e-01 -3.354575634002685547e-01 -5.581061244010925293e-01 9.886304140090942383e-01 -9.929851889610290527e-01 -3.738441765308380127e-01 -1.741472184658050537e-01 9.609732776880264282e-02 -6.291366219520568848e-01 -6.596977114677429199e-01 -9.995421022176742554e-02 -9.991409182548522949e-01 -2.364772111177444458e-01 -7.773267030715942383e-01 3.797600865364074707e-01 5.458344221115112305e-01 -2.143539786338806152e-01 -1.911621838808059692e-01 -9.982406497001647949e-01 -1.351029276847839355e-01 6.244155392050743103e-02 -1.154224737547338009e-03 9.915542602539062500e-01 6.230133771896362305e-01 -9.957519769668579102e-01 -1.632133722305297852e-01 2.573460042476654053e-01 -3.962739184498786926e-02 2.718304656445980072e-02 2.977611720561981201e-01 -9.986665844917297363e-01 7.117629051208496094e-01 -9.999467134475708008e-01 -9.718944430351257324e-01 2.051823437213897705e-01 -9.446072578430175781e-01 -3.075197935104370117e-01 -3.252191841602325439e-01 -1.553971171379089355e-01 -3.353703022003173828e-02 -9.285612702369689941e-01 -8.596525192260742188e-01 3.091907799243927002e-01 -9.964144229888916016e-01 -9.987687468528747559e-01 -9.948432445526123047e-01 2.870700955390930176e-01 -5.525040626525878906e-01 -6.200741603970527649e-02 4.162302911281585693e-01 1.491987556219100952e-01 -1.264633983373641968e-01 9.952384829521179199e-01 4.038311541080474854e-01 9.858400225639343262e-01 2.278947979211807251e-01 -2.924141287803649902e-01 -1.998360902070999146e-01 9.968779087066650391e-01 -1.354686319828033447e-01 1.317409574985504150e-01 -9.991096258163452148e-01 5.191636085510253906e-02 9.195297956466674805e-01 9.953231811523437500e-01 9.542662501335144043e-01 9.834433197975158691e-01 -9.961574077606201172e-01 -5.073652863502502441e-01 4.341436326503753662e-01 7.051672935485839844e-01 3.802915215492248535e-01 -1.840082579292356968e-03 4.619263410568237305e-01 -9.933876991271972656e-01 -9.932589530944824219e-01 3.301456868648529053e-01 -9.971427321434020996e-01 9.982981085777282715e-01 -9.580349177122116089e-02 2.349755167961120605e-01 2.323502451181411743e-01 3.037426769733428955e-01 2.836312651634216309e-01 -9.979415535926818848e-01 -9.981679320335388184e-01 -3.323044478893280029e-01 1.647274643182754517e-01 -7.031758129596710205e-02 -1.994003504514694214e-01 -9.999497532844543457e-01 -9.495978951454162598e-01 -7.050347328186035156e-01 1.911765336990356445e-01 -4.908700883388519287e-01 -4.315177798271179199e-01 3.888301253318786621e-01 1.342098880559206009e-02 9.995094537734985352e-01 -9.520308375358581543e-01 6.005082651972770691e-02 1.892003268003463745e-01 -2.970599234104156494e-01 3.112569749355316162e-01 -8.840500712394714355e-01 1.816927790641784668e-01 -4.328754246234893799e-01 3.428036868572235107e-01 -1.105469837784767151e-01 -4.492322206497192383e-01 -5.782900452613830566e-01
9.733444452285766602e-01 -9.570742845535278320e-01 1.673498898744583130e-01 2.261158525943756104e-01 1.244861409068107605e-01 9.985586404800415039e-01 9.947903156280517578e-01 -9.814647436141967773e-01 1.275271922349929810e-01 -9.922261238098144531e-01 1.698871999979019165e-01 -8.029604554176330566e-01 1.314612478017807007e-01 -9.108037352561950684e-01 -7.027228474617004395e-01 -3.946768343448638916e-01 -8.669372648000717163e-02 -3.164889514446258545e-01 -7.037566900253295898e-01 -5.298368930816650391e-01 3.939654827117919922e-01 2.152135521173477173e-01 6.955980062484741211e-01 5.657140016555786133e-01 9.965676665306091309e-01 9.955501556396484375e-01 -1.063847914338111877e-01 -3.531723096966743469e-02 -6.351618468761444092e-02 5.900447964668273926e-01 9.719631075859069824e-01 3.658310696482658386e-02 2.992487549781799316e-01 8.095603436231613159e-02 -9.926352500915527344e-01 -4.114647805690765381e-01 -4.652558565139770508e-01 -3.369765281677246094e-01 9.638642072677612305e-01 -3.177639842033386230e-01 -2.086376398801803589e-01 -8.020760864019393921e-02 2.752523124217987061e-01 -9.956403374671936035e-01 -4.950106889009475708e-02 4.240832626819610596e-01 -3.525596559047698975e-01 -3.153632283210754395e-01 9.762843251228332520e-01 -1.983957439661026001e-01 9.782633781433105469e-01 1.701725833117961884e-02 9.756700992584228516e-01 -4.443221166729927063e-02 -7.597240209579467773e-01 -1.023009121417999268e-01 1.774889677762985229e-01 7.535114139318466187e-02 -9.998451471328735352e-01 -9.881432056427001953e-01 -2.245023399591445923e-01 1.847793906927108765e-01 9.810428619384765625e-01 -3.232586430385708809e-03 -2.746516466140747070e-01 -9.967172145843505859e-01 8.039014339447021484e-01 6.979473829269409180e-01 2.377061992883682251e-01 1.575694233179092407e-01 9.940140843391418457e-01 9.466954469680786133e-01 -9.209045171737670898e-01 -6.126440167427062988e-01 -9.972285032272338867e-01 -3.075261116027832031e-01 3.910571932792663574e-01 9.482396245002746582e-01 3.198217600584030151e-03 3.406346961855888367e-02 -9.967079162597656250e-01 -3.743183566257357597e-03 9.965996146202087402e-01 -7.683759331703186035e-01 7.728610038757324219e-01 -6.351996958255767822e-02 1.043531596660614014e-01 -1.533061563968658447e-01 7.366007566452026367e-02 4.164079725742340088e-01 -9.162059426307678223e-01 -1.081028282642364502e-01 3.013387918472290039e-01 -9.978479146957397461e-01 -9.649430513381958008e-01 1.742403060197830200e-01 8.248612284660339355e-01 -6.895373016595840454e-02 -9.981141686439514160e-01 -5.352982282638549805e-01 6.087682843208312988e-01 -7.795982360839843750e-01 5.797324180603027344e-01 -4.778206348419189453e-01 1.571612954139709473e-01 1.418853700160980225e-01 9.764413833618164062e-01 4.187971055507659912e-01 -3.766884505748748779e-01 -5.740789771080017090e-01 -1.444165706634521484e-01 4.034279584884643555e-01 -3.679642081260681152e-01 -9.049961566925048828e-01 -1.787048727273941040e-01 -1.360947173088788986e-02 -7.241735458374023438e-01 6.514223217964172363e-01 -6.572919897735118866e-03 9.964044690132141113e-01 -7.867483496665954590e-01 3.459908962249755859e-01 -9.537224173545837402e-01 9.918133020401000977e-01 -1.922697871923446655e-01 -3.062510490417480469e-01 3.938276767730712891e-01 4.835914075374603271e-02 -3.761609494686126709e-01 5.340960994362831116e-02 9.845294356346130371e-01 9.448797702789306641e-01 -6.050484180450439453e-01 2.169648855924606323e-01 1.383212357759475708e-01 -9.632050991058349609e-01 9.988535642623901367e-01 -9.898135662078857422e-01 3.837023675441741943e-01 1.327401846647262573e-01 9.999461174011230469e-01 3.188894987106323242e-01 9.370458871126174927e-02 9.313123822212219238e-01 -2.961003184318542480e-01 5.813001394271850586e-01 -6.072469949722290039e-01 9.990537166595458984e-01 -5.878520607948303223e-01 -3.671649396419525146e-01 -2.427550107240676880e-01 3.041367828845977783e-01 8.852894306182861328e-01 2.057948559522628784e-01 1.886690966784954071e-02 -9.515221416950225830e-02 -1.489776819944381714e-01 9.791048765182495117e-01 -2.404501587152481079e-01 -1.073510944843292236e-01 -1.576101928949356079e-01 -2.990302741527557373e-01 -1.305180042982101440e-02 -3.944719731807708740e-01 9.999305009841918945e-01 1.912041902542114258e-01 -1.153529584407806396e-01 -1.402496099472045898e-01 8.945292234420776367e-01 -2.165734767913818359e-01 -1.878774166107177734e-01 7.234048247337341309e-01 -9.783969521522521973e-01 -5.431927442550659180e-01 -5.444877147674560547e-01 -2.140751928091049194e-01 5.009139776229858398e-01 -2.609494626522064209e-01 9.928136467933654785e-01 9.978535175323486328e-01 9.858233332633972168e-01 1.402828991413116455e-01 9.548795223236083984e-01 -7.837608456611633301e-01 7.017937302589416504e-01 -9.712446928024291992e-01 -3.825825154781341553e-01 -7.464625835418701172e-01 1.966626048088073730e-01 9.788226485252380371e-01 8.683423995971679688e-01 -9.620943665504455566e-01 -9.486634731292724609e-01 3.598047196865081787e-01 9.373983144760131836e-01 1.540580540895462036e-01 -9.993619918823242188e-01 -8.842945098876953125e-01 5.342100262641906738e-01 2.524046897888183594e-01 1.103787869215011597e-01 -1.446380764245986938e-01 -8.028413057327270508e-01 5.548378080129623413e-02 3.402772843837738037e-01 6.063423156738281250e-01 -9.966864436864852905e-02 8.946017026901245117e-01 9.615554809570312500e-01 -2.881811857223510742e-01 -1.435848921537399292e-01 2.994593083858489990e-01 -3.039968609809875488e-01 3.789305686950683594e-01 9.507147073745727539e-01 -9.985688328742980957e-01 -1.846410036087036133e-01 9.605165719985961914e-01 6.212121844291687012e-01 -7.953911274671554565e-02 -8.500530123710632324e-01 1.306735426187515259e-01 -5.998446941375732422e-01 1.336413472890853882e-01 -9.946604967117309570e-01 -1.832699328660964966e-01 -9.567494392395019531e-01 -2.070944309234619141e-01 -7.666373252868652344e-01 9.623020887374877930e-01 4.062828421592712402e-01 -2.938342839479446411e-02 -2.462322562932968140e-01 1.501022875308990479e-01 8.902115225791931152e-01 4.890826344490051270e-01 -2.191581577062606812e-02 -4.120498895645141602e-01 1.766011863946914673e-01 9.184896200895309448e-02 9.542660117149353027e-01 9.999940395355224609e-01 3.458382189273834229e-01 7.245408892631530762e-01 8.870246410369873047e-01 4.876957461237907410e-02 9.665253162384033203e-01 1.681223362684249878e-01 7.061401009559631348e-01 -1.452967226505279541e-01 5.977526903152465820e-01 1.789862513542175293e-01 -1.021703407168388367e-01 1.269208788871765137e-01 9.971593022346496582e-01 -3.284797370433807373e-01 -4.255931377410888672e-01 -9.983369112014770508e-01 -3.526981174945831299e-01 8.903543949127197266e-01 8.076535537838935852e-03 -9.990093111991882324e-01 1.628163903951644897e-01 -7.425733804702758789e-01 -1.269443184137344360e-01 9.542874693870544434e-01 9.888138771057128906e-01 -7.961543798446655273e-01 1.099853217601776123e-01 -1.757889986038208008e-01 9.732468724250793457e-01 -2.957388460636138916e-01 2.171742916107177734e-01 9.998624324798583984e-01 -5.823463201522827148e-01 -9.316246509552001953e-01 7.558735609054565430e-01 -1.043164059519767761e-01 9.150738716125488281e-01 4.368641972541809082e-01 -9.749695062637329102e-01 -8.142842054367065430e-01 9.428288340568542480e-01 9.948282241821289062e-01 8.523481488227844238e-01 -3.870614767074584961e-01 6.396964192390441895e-02 3.108427859842777252e-02 -9.972264766693115234e-01 -9.970762729644775391e-01 -5.507488250732421875e-01 9.161432087421417236e-02 1.399542093276977539e-01 7.377084493637084961e-01 9.888654351234436035e-01 -9.942460060119628906e-01 -3.679005429148674011e-02 8.122513890266418457e-01 -2.578561604022979736e-01 9.753857254981994629e-01 9.982443451881408691e-01 -9.943749308586120605e-01 4.050945937633514404e-01 9.618728160858154297e-01 -2.748318612575531006e-01 5.326510667800903320e-01 2.422992140054702759e-01 9.117617011070251465e-01 -6.748884320259094238e-01 -9.151175618171691895e-05 -6.710315495729446411e-02 -9.601286053657531738e-01 -1.301881372928619385e-01 9.930610060691833496e-01 9.546815752983093262e-01 3.387760221958160400e-01 -8.597464859485626221e-02 -2.902179397642612457e-02 4.322857409715652466e-02 9.999758601188659668e-01 3.808932900428771973e-01 8.048049211502075195e-01 -1.981854438781738281e-01 -9.876357316970825195e-01 -4.265577197074890137e-01 -2.790996134281158447e-01 -8.933143615722656250e-01 5.055270716547966003e-02 -7.465019822120666504e-01 5.852593183517456055e-01 9.984167814254760742e-01 5.099920630455017090e-01 -2.425157278776168823e-01 2.947133779525756836e-01 2.181106507778167725e-01 -6.294929236173629761e-02 -4.484163597226142883e-02 -9.214260578155517578e-01 -7.927492260932922363e-01 -1.205865144729614258e-01 9.997749328613281250e-01 -6.584236770868301392e-02 -1.163142845034599304e-01 9.782685041427612305e-01 -6.722155213356018066e-01 -9.529421329498291016e-01 2.782286405563354492e-01 9.999560713768005371e-01 1.329980492591857910e-01 4.209963977336883545e-01 2.604172825813293457e-01 -1.956163197755813599e-01 9.100930094718933105e-01 1.586847007274627686e-01 5.762398838996887207e-01 -2.853977307677268982e-02 3.445562720298767090e-01 -2.581218183040618896e-01 2.542106211185455322e-01 4.442163109779357910e-01 -9.857342839241027832e-01 -4.842266440391540527e-01 -3.507213294506072998e-01 -4.374330341815948486e-01 -2.075216323137283325e-01 -9.207969903945922852e-01 -5.401719808578491211e-01 4.737080335617065430e-01 2.488064467906951904e-01 3.119487464427947998e-01 9.212486445903778076e-03 9.978706836700439453e-01 -1.844000369310379028e-01 1.224353983998298645e-01 4.358633756637573242e-01 -9.994446635246276855e-01 7.594183832406997681e-02 2.119627743959426880e-01 1.694998890161514282e-02 1.699043810367584229e-02 7.806243896484375000e-01 3.188243508338928223e-02 -3.722416460514068604e-01 2.340012490749359131e-01 9.989160895347595215e-01 -3.498769998550415039e-01 3.482981920242309570e-01 -3.306678533554077148e-01 5.265398621559143066e-01 1.148291975259780884e-01 -3.342420756816864014e-01 2.959930300712585449e-01 -9.993240237236022949e-01 -1.144686564803123474e-01 1.450618654489517212e-01 -5.536452680826187134e-02 -3.030867576599121094e-01 -5.761806368827819824e-01 9.995924830436706543e-01 -1.955969035625457764e-01 1.352442055940628052e-01 -3.521900773048400879e-01 -4.510194957256317139e-01 -3.348093032836914062e-01 8.492193818092346191e-01 -9.955350160598754883e-01 -2.919771969318389893e-01 1.827697753906250000e-01 -2.017165161669254303e-02 -9.933167695999145508e-01 -7.566941976547241211e-01 9.727350473403930664e-01 -8.972029089927673340e-01 -1.363057047128677368e-01 -9.415876865386962891e-01 9.866748005151748657e-02 -2.592802643775939941e-01 -6.358432769775390625e-01 -9.522143006324768066e-02 -9.954776763916015625e-01 -6.025811657309532166e-02 7.731673717498779297e-01 3.176894485950469971e-01 9.972637891769409180e-01 6.066445112228393555e-01 -9.674468040466308594e-01 5.389489978551864624e-02 4.706696867942810059e-01 -2.911196351051330566e-01 -6.715466827154159546e-02 1.538418978452682495e-01 -9.989360570907592773e-01 5.014941096305847168e-01 -9.995152354240417480e-01 -8.434479236602783203e-01 2.735350430011749268e-01 -9.334961175918579102e-01 -1.195314526557922363e-02 -2.512662112712860107e-01 -2.621152102947235107e-01 1.738080978393554688e-01 -9.528391361236572266e-01 -9.890807867050170898e-01 3.838048875331878662e-01 -9.859735369682312012e-01 -9.892085194587707520e-01 -9.643377065658569336e-01 4.789467751979827881e-01 -3.735252916812896729e-01 -5.230462551116943359e-02 3.795959055423736572e-01 5.394008010625839233e-02 3.191652894020080566e-02 9.830401539802551270e-01 5.607408881187438965e-01 9.883407950401306152e-01 2.581497654318809509e-02 2.323331534862518311e-01 -1.358933597803115845e-01 9.584504365921020508e-01 9.104733467102050781e-01 -9.991055727005004883e-02 -9.967890977859497070e-01 1.738667041063308716e-01 7.111288309097290039e-01 9.855226874351501465e-01 8.788850307464599609e-01 9.928905367851257324e-01 -9.910491108894348145e-01 -3.759598135948181152e-01 1.842140704393386841e-01 6.829078793525695801e-01 5.618664622306823730e-01 -1.517656743526458740e-01 -3.620620444416999817e-02 -9.902167320251464844e-01 -9.992910027503967285e-01 5.519486665725708008e-01 -9.870344996452331543e-01 9.995898008346557617e-01 -2.780851423740386963e-01 2.644619345664978027e-01 2.214839905500411987e-01 1.961098611354827881e-01 5.167914628982543945e-01 -9.975605010986328125e-01 -9.813017845153808594e-01 -5.005515813827514648e-01 -1.060012429952621460e-01 1.318487338721752167e-03 -2.633311450481414795e-01 -9.998940229415893555e-01 -9.711346626281738281e-01 -7.617896199226379395e-01 2.219350785017013550e-01 -2.655175924301147461e-01 -6.745029240846633911e-02 3.323861360549926758e-01 7.051605582237243652e-01 9.803829789161682129e-01 -3.927007019519805908e-01 -3.209352791309356689e-01 5.150020122528076172e-01 -2.423091232776641846e-02 -3.674549758434295654e-01 -9.143400192260742188e-01 1.698781736195087433e-02 -4.146741926670074463e-01 3.229593336582183838e-01 1.849650591611862183e-01 -3.901819586753845215e-01 -7.795171141624450684e-01
9.633880257606506348e-01 -5.644053220748901367e-01 2.030583024024963379e-01 3.838204219937324524e-02 4.227835536003112793e-01 9.872835278511047363e-01 9.468161463737487793e-01 -9.902128577232360840e-01 1.824818849563598633e-01 -9.529900550842285156e-01 3.277996778488159180e-01 -8.612836003303527832e-01 9.377682805061340332e-01 -9.724714756011962891e-01 -9.295408129692077637e-01 -5.835635960102081299e-02 -3.015466034412384033e-01 -1.079688444733619690e-01 -5.902470946311950684e-01 -3.754614591598510742e-01 6.703395396471023560e-02 2.579413056373596191e-01 8.184788227081298828e-01 -3.151460886001586914e-01 9.997598528861999512e-01 9.939253330230712891e-01 -3.066755533218383789e-01 3.983241505920886993e-03 6.932273972779512405e-03 9.695451855659484863e-01 9.383387565612792969e-01 2.124027013778686523e-01 4.813038706779479980e-01 2.824145853519439697e-01 -9.883189797401428223e-01 -1.055975779891014099e-01 -4.977682232856750488e-01 -1.160414963960647583e-01 9.568593502044677734e-01 1.102688815444707870e-02 2.818051278591156006e-01 -3.188821375370025635e-01 1.749635487794876099e-01 -9.947714209556579590e-01 2.799251675605773926e-01 8.291748166084289551e-01 -5.544471740722656250e-01 -1.645084917545318604e-01 9.946276545524597168e-01 -1.511026769876480103e-01 9.222810864448547363e-01 -9.646995365619659424e-02 9.464234113693237305e-01 -2.557589709758758545e-01 -4.417457282543182373e-01 -1.963907033205032349e-01 -2.737743966281414032e-02 7.427226752042770386e-02 -9.985769987106323242e-01 -9.826613068580627441e-01 -2.745927870273590088e-01 3.103245794773101807e-01 9.485542178153991699e-01 -1.648564338684082031e-01 7.243318110704421997e-02 -9.236327409744262695e-01 9.443012475967407227e-01 8.510758876800537109e-01 5.623403564095497131e-02 -6.010596156120300293e-01 9.919913411140441895e-01 9.964577555656433105e-01 -9.583935141563415527e-01 -5.044740438461303711e-01 -8.917791843414306641e-01 -6.590635776519775391e-01 8.606203645467758179e-02 8.953616023063659668e-01 -5.616409331560134888e-02 -1.153564751148223877e-01 -9.955282211303710938e-01 1.077915877103805542e-01 9.995642304420471191e-01 -4.572649598121643066e-01 9.721708893775939941e-01 7.107251882553100586e-01 2.525795102119445801e-01 1.385640501976013184e-01 -5.788535252213478088e-02 -9.633301943540573120e-02 -9.689475297927856445e-01 -3.106600344181060791e-01 2.519205212593078613e-01 -9.998394846916198730e-01 -4.916165769100189209e-01 5.668039917945861816e-01 9.520298838615417480e-01 1.628594845533370972e-01 -9.938471913337707520e-01 1.970218494534492493e-02 -8.409591913223266602e-01 -6.497989892959594727e-01 5.357859134674072266e-01 -1.065349951386451721e-01 3.385613560676574707e-01 2.821810245513916016e-01 9.908167123794555664e-01 3.071616888046264648e-01 -1.039554178714752197e-01 2.016189992427825928e-01 -5.311369150876998901e-02 5.167943239212036133e-01 -6.540549993515014648e-01 -9.856165051460266113e-01 -4.697062969207763672e-01 -4.876971244812011719e-03 -9.120976328849792480e-01 3.516582548618316650e-01 1.943681971170008183e-03 9.990468025207519531e-01 -9.310059547424316406e-01 3.583253920078277588e-01 -9.306226372718811035e-01 9.843974709510803223e-01 -1.104767769575119019e-01 -1.493290662765502930e-01 9.067856073379516602e-01 3.992297872900962830e-02 -4.642071127891540527e-01 -1.034901440143585205e-01 9.974825382232666016e-01 8.247334957122802734e-01 -7.169056534767150879e-01 2.168782353401184082e-01 3.977042622864246368e-03 -2.834958732128143311e-01 9.941509366035461426e-01 -9.948346018791198730e-01 -6.073331832885742188e-01 1.073241010308265686e-01 9.999785423278808594e-01 4.478096067905426025e-01 2.535112798213958740e-01 7.467139363288879395e-01 -2.368516176939010620e-01 2.521387040615081787e-01 2.030587494373321533e-01 9.956175088882446289e-01 1.840344816446304321e-01 -3.278682231903076172e-01 4.379470273852348328e-02 9.700639545917510986e-02 8.781087994575500488e-01 2.824474275112152100e-01 1.904314011335372925e-01 -1.861411780118942261e-01 -9.149172306060791016e-01 9.830316305160522461e-01 3.145739436149597168e-01 6.023110449314117432e-02 -7.698883861303329468e-02 -1.549171376973390579e-02 -9.840007871389389038e-02 -6.295160055160522461e-01 9.999696016311645508e-01 -3.654362866654992104e-03 9.799624234437942505e-02 -3.917849659919738770e-01 8.866305947303771973e-01 -7.944580316543579102e-01 2.123309075832366943e-01 5.508695840835571289e-01 -9.998252391815185547e-01 -9.625059366226196289e-01 -5.024686455726623535e-01 4.432751238346099854e-02 8.370488882064819336e-01 1.816721856594085693e-01 9.894251227378845215e-01 9.941906332969665527e-01 7.927011251449584961e-01 -8.322887867689132690e-02 9.958264231681823730e-01 -9.550909399986267090e-01 8.180093169212341309e-01 -9.854019284248352051e-01 3.183986619114875793e-02 -8.944632411003112793e-01 4.338442981243133545e-01 9.839695096015930176e-01 9.904239177703857422e-01 -9.550340175628662109e-01 -9.815425872802734375e-01 2.149801254272460938e-01 9.355888962745666504e-01 4.715657830238342285e-01 -9.936821460723876953e-01 -9.808033108711242676e-01 3.860726952552795410e-01 1.570273786783218384e-01 -6.484429538249969482e-02 -3.005892932415008545e-01 -2.834176123142242432e-01 -9.108589030802249908e-03 -1.608512252569198608e-01 -3.910910189151763916e-01 -1.880513429641723633e-01 9.624499678611755371e-01 9.341531395912170410e-01 -3.563159406185150146e-01 -4.309258460998535156e-01 -7.354926466941833496e-01 -4.479824006557464600e-01 4.247985184192657471e-01 9.808165431022644043e-01 -9.835858345031738281e-01 2.529599964618682861e-01 9.127866625785827637e-01 9.681245684623718262e-01 2.156838029623031616e-01 -4.995312690734863281e-01 -5.847412627190351486e-03 -8.347241878509521484e-01 -1.093438565731048584e-01 -9.906097650527954102e-01 9.719728678464889526e-02 -9.619264006614685059e-01 -5.306553468108177185e-02 -8.763820528984069824e-01 9.718809723854064941e-01 -2.319218777120113373e-02 2.097910195589065552e-01 -1.675771665759384632e-03 6.858845055103302002e-02 9.118332266807556152e-01 2.698812484741210938e-01 7.605944275856018066e-01 -2.684621214866638184e-01 7.045865058898925781e-02 -3.047529757022857666e-01 7.753738164901733398e-01 9.999951720237731934e-01 -5.050576329231262207e-01 6.731510162353515625e-01 9.769108891487121582e-01 1.489948630332946777e-01 9.306485056877136230e-01 -5.564205814152956009e-03 -1.805842071771621704e-01 -6.921332329511642456e-02 3.330355286598205566e-01 5.965489894151687622e-02 -2.433267682790756226e-01 7.479794323444366455e-02 9.959269165992736816e-01 -5.293330643326044083e-03 -2.379441559314727783e-01 -9.939636588096618652e-01 -1.228537857532501221e-01 9.805889129638671875e-01 -1.554191261529922485e-01 -9.975769519805908203e-01 2.930544614791870117e-01 -9.186905622482299805e-01 3.140802308917045593e-02 9.612287282943725586e-01 9.637582302093505859e-01 -5.603528618812561035e-01 4.304217696189880371e-01 -3.946636989712715149e-02 9.873070120811462402e-01 -3.036509156227111816e-01 5.731487274169921875e-01 9.999620914459228516e-01 -2.706184983253479004e-01 -9.125227928161621094e-01 9.718310236930847168e-01 -7.067386060953140259e-02 9.761125445365905762e-01 2.666411548852920532e-02 -9.947935342788696289e-01 -7.459822893142700195e-01 9.781652092933654785e-01 9.954323768615722656e-01 8.998606204986572266e-01 -5.915665999054908752e-02 2.535342872142791748e-01 -8.188587427139282227e-02 -9.978726506233215332e-01 -9.983691573143005371e-01 -9.652855992317199707e-01 1.805323511362075806e-01 2.186966389417648315e-01 8.437765240669250488e-01 9.928482770919799805e-01 -9.991922378540039062e-01 1.387799382209777832e-01 7.786636948585510254e-01 -1.215235218405723572e-01 9.601402878761291504e-01 9.926356077194213867e-01 -9.916076064109802246e-01 -4.003599584102630615e-01 7.178099155426025391e-01 -4.205460846424102783e-02 3.551586568355560303e-01 3.846366703510284424e-01 9.885914921760559082e-01 6.083529070019721985e-02 1.303336024284362793e-01 1.391694992780685425e-01 -8.915874958038330078e-01 9.634725004434585571e-02 9.984978437423706055e-01 9.854850172996520996e-01 1.547019630670547485e-01 -5.079555884003639221e-02 3.762098252773284912e-01 1.301237195730209351e-01 9.999895691871643066e-01 3.092869818210601807e-01 8.683463931083679199e-01 -4.839037358760833740e-01 -9.884429574012756348e-01 -5.276820063591003418e-01 -3.724057972431182861e-01 -9.567161798477172852e-01 -3.717528581619262695e-01 -9.741601347923278809e-01 9.586604833602905273e-01 9.962850213050842285e-01 2.242397964000701904e-01 9.781454503536224365e-02 -8.632498979568481445e-01 9.637299925088882446e-02 -6.856556981801986694e-02 -6.620825827121734619e-02 -6.702216863632202148e-01 -9.514787197113037109e-01 5.095004662871360779e-02 9.995095133781433105e-01 2.142418622970581055e-01 -1.320538818836212158e-01 8.652249574661254883e-01 8.008874058723449707e-01 -9.913283586502075195e-01 8.374066352844238281e-01 9.999728798866271973e-01 8.927622437477111816e-02 3.886156976222991943e-01 5.067459940910339355e-01 -1.297784000635147095e-01 9.002749323844909668e-01 6.692124903202056885e-02 9.731032252311706543e-01 2.485361993312835693e-01 8.974633812904357910e-01 -2.922516465187072754e-01 2.264665067195892334e-01 -1.276238006539642811e-03 -9.648588299751281738e-01 -9.588226675987243652e-01 -7.173962891101837158e-02 -1.063808500766754150e-01 -5.790749564766883850e-02 -5.574203133583068848e-01 -9.705030918121337891e-01 4.833526164293289185e-02 1.667153686285018921e-01 1.908155083656311035e-01 4.332530796527862549e-01 9.935851693153381348e-01 -1.451524794101715088e-01 5.125383138656616211e-01 -7.067449688911437988e-01 -9.994055628776550293e-01 1.554204821586608887e-01 -1.139446645975112915e-01 -2.329570800065994263e-01 7.326373457908630371e-02 9.695926904678344727e-01 -3.287878632545471191e-02 -5.016778111457824707e-01 1.324177980422973633e-01 9.986632466316223145e-01 9.178313612937927246e-01 4.800607860088348389e-01 6.233159918338060379e-03 6.466974616050720215e-01 -8.931985497474670410e-02 -1.377126295119524002e-02 8.538719415664672852e-01 -9.981704354286193848e-01 -3.168277740478515625e-01 -1.729662269353866577e-01 -2.906911075115203857e-02 -4.058652818202972412e-01 -6.273857951164245605e-01 9.986501336097717285e-01 -5.486977100372314453e-02 3.790779709815979004e-01 -2.765298485755920410e-01 8.474357128143310547e-01 -3.849444389343261719e-01 5.113027691841125488e-01 -9.979754686355590820e-01 -9.227202534675598145e-01 9.774121642112731934e-02 -9.249421209096908569e-02 -9.927824735641479492e-01 -9.554451704025268555e-01 9.947711825370788574e-01 -7.097039222717285156e-01 -2.037667632102966309e-01 -9.154084920883178711e-01 1.608436256647109985e-01 -1.548102200031280518e-01 -4.438963830471038818e-01 -1.091732829809188843e-01 -9.930993318557739258e-01 -2.321244329214096069e-01 7.854808568954467773e-01 1.305534094572067261e-01 9.988152384757995605e-01 2.528739571571350098e-01 -9.393989443778991699e-01 1.507337242364883423e-01 2.519930005073547363e-01 -9.872777014970779419e-02 -2.694376707077026367e-01 -7.449464499950408936e-02 -9.997289776802062988e-01 6.980322599411010742e-01 -9.997885823249816895e-01 3.096908517181873322e-02 1.484514325857162476e-01 -9.560953974723815918e-01 -7.504687905311584473e-01 -5.662173777818679810e-02 -2.730914056301116943e-01 -2.204395830631256104e-01 -9.560819268226623535e-01 -9.915747046470642090e-01 -4.477829858660697937e-02 -9.852707386016845703e-01 -9.940876364707946777e-01 -9.759147167205810547e-01 5.193109512329101562e-01 -2.248058617115020752e-01 2.790653109550476074e-01 1.414564996957778931e-01 -2.384771220386028290e-02 5.061862245202064514e-02 9.083151221275329590e-01 4.197725951671600342e-01 8.043656945228576660e-01 3.328126072883605957e-01 2.031003087759017944e-01 -8.544659614562988281e-02 9.140938520431518555e-01 4.756475389003753662e-01 -2.209233492612838745e-01 -9.221626520156860352e-01 2.987385094165802002e-01 9.616284370422363281e-01 9.990685582160949707e-01 9.635451436042785645e-01 9.411668181419372559e-01 -9.974861741065979004e-01 -3.509475290775299072e-01 3.208131492137908936e-01 9.589520096778869629e-01 8.754009008407592773e-01 8.820722997188568115e-02 -3.244967460632324219e-01 -9.726656675338745117e-01 -9.908497929573059082e-01 5.094166398048400879e-01 -9.303669333457946777e-01 9.990841150283813477e-01 -2.527345716953277588e-01 3.511267006397247314e-01 -5.220315232872962952e-02 1.222056243568658829e-02 3.406828045845031738e-01 -9.767078161239624023e-01 -9.872225522994995117e-01 -1.512357592582702637e-01 1.101844906806945801e-01 2.017349749803543091e-01 -3.486448526382446289e-01 -9.999781250953674316e-01 -7.414017617702484131e-02 -9.187645316123962402e-01 1.445771455764770508e-01 -1.428173761814832687e-02 -2.764719426631927490e-01 2.338613122701644897e-01 7.117435932159423828e-01 9.699038267135620117e-01 -3.659579455852508545e-01 1.272241771221160889e-01 4.086330235004425049e-01 -9.188441559672355652e-03 -1.608547568321228027e-01 -8.427084088325500488e-01 7.084656953811645508e-01 5.161398649215698242e-01 -2.234113365411758423e-01 3.798771202564239502e-01 8.513225615024566650e-02 -7.686169743537902832e-01
1.117869839072227478e-01 5.710464119911193848e-01 2.092861533164978027e-01 1.319351196289062500e-01 -4.209797978401184082e-01 8.516324162483215332e-01 9.989435672760009766e-01 -9.974528551101684570e-01 -1.532925851643085480e-02 -9.826803207397460938e-01 2.906201779842376709e-01 -9.297112822532653809e-01 1.897199451923370361e-01 -9.482827186584472656e-01 -8.185513019561767578e-01 -7.498237770050764084e-03 -3.029464483261108398e-01 3.221803605556488037e-01 -5.441049337387084961e-01 -6.917288899421691895e-01 4.838519692420959473e-01 2.513650357723236084e-01 8.495430350303649902e-01 3.931457996368408203e-01 9.991351366043090820e-01 4.893284738063812256e-01 -4.013909399509429932e-02 -4.555562138557434082e-01 7.432438433170318604e-02 7.092976570129394531e-01 9.874907732009887695e-01 -2.691784501075744629e-01 3.019941151142120361e-01 1.237759273499250412e-02 -9.695374965667724609e-01 -7.538231462240219116e-02 -7.198888063430786133e-01 1.422178894281387329e-01 9.914547801017761230e-01 -9.479346871376037598e-02 8.449354022741317749e-02 -1.642617583274841309e-01 9.969273954629898071e-02 -9.941423535346984863e-01 2.394904047250747681e-01 8.487007617950439453e-01 -9.901938438415527344e-01 1.242706924676895142e-01 5.361443161964416504e-01 5.009271577000617981e-02 9.549573659896850586e-01 -2.557726204395294189e-02 9.876407384872436523e-01 -1.392184048891067505e-01 1.964996010065078735e-01 -2.293608784675598145e-01 4.278000816702842712e-02 -3.055378235876560211e-02 -9.982643723487854004e-01 7.568333148956298828e-01 -3.496562242507934570e-01 3.527258336544036865e-01 9.627951979637145996e-01 -2.188763320446014404e-01 -5.981695652008056641e-02 -9.967199563980102539e-01 9.153030514717102051e-01 2.019414752721786499e-01 1.601839214563369751e-01 5.874059796333312988e-01 7.736005187034606934e-01 9.964210987091064453e-01 -7.981793880462646484e-01 -9.546211957931518555e-01 -9.894529581069946289e-01 -4.804511964321136475e-01 -5.320620536804199219e-02 4.471859633922576904e-01 2.290086299180984497e-01 9.575077891349792480e-02 -9.307279586791992188e-01 5.274455547332763672e-01 9.997353553771972656e-01 -6.345892548561096191e-01 7.956891655921936035e-01 -8.310237526893615723e-01 3.948349952697753906e-01 1.263191401958465576e-01 2.138534337282180786e-01 2.454233914613723755e-01 -9.275750517845153809e-01 -2.657455205917358398e-01 1.410144716501235962e-01 -9.853711724281311035e-01 -9.584652185440063477e-01 4.198907613754272461e-01 9.634713530540466309e-01 3.985828161239624023e-01 -9.865169525146484375e-01 -3.468751013278961182e-01 3.379141092300415039e-01 -9.972925782203674316e-01 -7.138518244028091431e-02 -1.312463879585266113e-01 -1.091526821255683899e-01 2.513944357633590698e-02 9.776750206947326660e-01 5.025339126586914062e-01 -2.917755246162414551e-01 -3.860687315464019775e-01 -2.036744952201843262e-01 6.647192239761352539e-01 -7.358898967504501343e-02 -9.231263399124145508e-01 -1.675802469253540039e-01 2.732647657394409180e-01 -9.444167613983154297e-01 8.657298684120178223e-01 1.298547089099884033e-01 9.983525276184082031e-01 -9.207444787025451660e-01 1.020165681838989258e-01 -9.597510695457458496e-01 9.968064427375793457e-01 -1.395567357540130615e-01 -4.197584688663482666e-01 -8.586297035217285156e-01 7.228498812764883041e-03 -3.406196236610412598e-01 -2.737692892551422119e-01 9.764007329940795898e-01 9.932333827018737793e-01 6.300348043441772461e-01 1.552803516387939453e-01 2.788334190845489502e-01 -9.876298308372497559e-01 9.828148484230041504e-01 -9.852046370506286621e-01 -4.772734940052032471e-01 8.016417920589447021e-02 9.999013543128967285e-01 1.795301213860511780e-02 -6.900823861360549927e-02 9.441840648651123047e-01 -3.490759134292602539e-01 5.081617832183837891e-01 -9.303932785987854004e-01 9.985335469245910645e-01 -3.286450803279876709e-01 -1.886439919471740723e-01 -5.135144572705030441e-03 -1.915045380592346191e-01 9.190685749053955078e-01 5.558656062930822372e-03 -4.163520410656929016e-02 -3.992133736610412598e-01 -5.916545987129211426e-01 4.435431212186813354e-02 2.653490006923675537e-01 2.243977189064025879e-01 -9.512224793434143066e-02 -1.859868168830871582e-01 -5.386848002672195435e-02 -3.436983823776245117e-01 9.999778866767883301e-01 2.414219379425048828e-01 2.579535841941833496e-01 -3.725907206535339355e-01 9.846193790435791016e-01 6.364516615867614746e-01 1.107866168022155762e-01 -9.862346649169921875e-01 -9.951644539833068848e-01 -6.832622885704040527e-01 5.471215248107910156e-01 -6.217869743704795837e-02 4.138334095478057861e-01 2.153373062610626221e-01 9.958105683326721191e-01 9.992492198944091797e-01 9.443621635437011719e-01 -3.830734491348266602e-01 9.997910261154174805e-01 -4.909898638725280762e-01 8.230112791061401367e-01 -9.626402854919433594e-01 -7.790247201919555664e-01 -6.110250353813171387e-01 4.557268917560577393e-01 8.360378742218017578e-01 9.023386836051940918e-01 -9.839571714401245117e-01 -8.071107864379882812e-01 2.019715458154678345e-01 9.763329625129699707e-01 8.245777338743209839e-02 -9.745277166366577148e-01 -9.074259996414184570e-01 -9.765841364860534668e-01 1.156693175435066223e-01 -4.609245806932449341e-02 -3.432424068450927734e-01 -8.972468376159667969e-01 3.029491901397705078e-01 -2.027231901884078979e-01 2.616122066974639893e-01 2.372763454914093018e-01 9.717387557029724121e-01 9.690985083580017090e-01 -5.865614116191864014e-02 -6.223379820585250854e-02 5.885930061340332031e-01 3.233637660741806030e-02 6.724030375480651855e-01 9.546658396720886230e-01 -6.939292550086975098e-01 4.472687244415283203e-01 9.073585271835327148e-01 6.622580289840698242e-01 -5.511443689465522766e-02 -7.526627779006958008e-01 -1.123026907444000244e-01 -5.046751499176025391e-01 7.697264850139617920e-02 4.913156330585479736e-01 1.086457818746566772e-01 -9.798083901405334473e-01 8.673568069934844971e-02 9.255691170692443848e-01 9.947026371955871582e-01 -1.253619045019149780e-02 6.677607540041208267e-03 -2.902651727199554443e-01 4.964999556541442871e-01 9.340624809265136719e-01 4.383167922496795654e-01 -5.082527995109558105e-01 -1.396550834178924561e-01 2.159466743469238281e-01 -1.363629009574651718e-02 5.535283684730529785e-01 9.999634623527526855e-01 -6.518583297729492188e-01 8.698132634162902832e-01 9.240764379501342773e-01 -2.426411584019660950e-02 9.818462729454040527e-01 2.242539823055267334e-01 5.576847195625305176e-01 1.208221688866615295e-01 1.885079443454742432e-01 -1.162946671247482300e-01 -4.218331873416900635e-01 -9.666221588850021362e-02 9.982421994209289551e-01 1.999695152044296265e-01 -4.587994813919067383e-01 -9.976097941398620605e-01 -1.823170334100723267e-01 2.992350757122039795e-01 5.847438704222440720e-03 -9.681117534637451172e-01 -2.919349819421768188e-02 -8.897251486778259277e-01 -8.963642269372940063e-02 9.879643321037292480e-01 9.891579151153564453e-01 -9.849703311920166016e-01 4.283458366990089417e-02 -3.402473032474517822e-01 9.992253184318542480e-01 4.295575618743896484e-02 -9.869640469551086426e-01 9.995905756950378418e-01 -4.341576099395751953e-01 -9.986956715583801270e-01 9.963415861129760742e-01 -1.571700572967529297e-01 6.535308361053466797e-01 4.007359743118286133e-01 -9.994786977767944336e-01 -9.400603771209716797e-01 6.414281129837036133e-01 9.901854395866394043e-01 9.977982044219970703e-01 -1.632798910140991211e-01 -1.497382968664169312e-01 2.293823510408401489e-01 -9.977661967277526855e-01 -9.999237060546875000e-01 -9.847549796104431152e-01 3.837875425815582275e-01 8.179201930761337280e-02 8.947669863700866699e-01 9.751362204551696777e-01 -9.998019337654113770e-01 -1.638953834772109985e-01 9.682150483131408691e-01 2.566615045070648193e-01 9.880489706993103027e-01 9.870046377182006836e-01 -9.095406532287597656e-01 -2.303212583065032959e-01 9.879575371742248535e-01 -3.471384644508361816e-01 -4.328637421131134033e-01 1.585907936096191406e-01 9.988695383071899414e-01 -6.056947708129882812e-01 2.129385173320770264e-01 -1.108284518122673035e-01 -3.653920590877532959e-01 1.368022114038467407e-01 9.806988835334777832e-01 9.416708350181579590e-01 1.232395470142364502e-01 -2.657491564750671387e-01 -2.482282556593418121e-02 -1.984122581779956818e-02 9.956567883491516113e-01 1.631956845521926880e-01 -3.568435013294219971e-01 -2.942352890968322754e-01 -8.905738592147827148e-01 -5.521679520606994629e-01 -4.409697651863098145e-01 5.092232227325439453e-01 6.783676743507385254e-01 -7.718523144721984863e-01 -1.798383593559265137e-01 9.999735951423645020e-01 5.965188890695571899e-02 3.058325350284576416e-01 -4.998621344566345215e-01 1.253234297037124634e-01 5.754618048667907715e-01 3.480398952960968018e-01 -9.025017023086547852e-01 -7.719325423240661621e-01 5.016040205955505371e-01 9.684497117996215820e-01 -1.686995327472686768e-01 -6.708733737468719482e-02 9.975597262382507324e-01 -6.952825188636779785e-01 -9.316875934600830078e-01 8.203775882720947266e-01 9.997751116752624512e-01 -2.985718473792076111e-02 9.518066644668579102e-01 5.519755482673645020e-01 3.191952779889106750e-02 8.924003839492797852e-01 -2.293018847703933716e-01 6.666108369827270508e-01 -1.400690078735351562e-01 -5.096802115440368652e-01 -2.026705741882324219e-01 -3.371019661426544189e-01 1.975374817848205566e-01 -9.948969483375549316e-01 -6.537390351295471191e-01 -3.377831578254699707e-01 2.610826790332794189e-01 2.602471709251403809e-01 -9.964903593063354492e-01 -6.760203242301940918e-01 3.892953991889953613e-01 1.542547196149826050e-01 2.069099396467208862e-01 -1.170731335878372192e-01 9.280221462249755859e-01 -6.391458958387374878e-02 5.852165818214416504e-01 9.156847000122070312e-01 -9.991361498832702637e-01 5.976229161024093628e-02 2.208519428968429565e-01 9.978673607110977173e-02 1.212565079331398010e-01 1.946432739496231079e-01 -3.749867528676986694e-02 -9.337061643600463867e-01 -1.145106628537178040e-01 9.978339076042175293e-01 5.186947584152221680e-01 2.637130916118621826e-01 -1.896024495363235474e-02 8.077915310859680176e-01 -9.652188420295715332e-02 -4.708894193172454834e-01 4.686877727508544922e-01 -9.993069767951965332e-01 -5.037707686424255371e-01 -1.730905771255493164e-01 -1.248245835304260254e-01 -1.189533174037933350e-01 -8.080317974090576172e-01 9.853284358978271484e-01 -2.196751236915588379e-01 -2.579666674137115479e-01 -2.884230911731719971e-01 3.108709752559661865e-01 -4.082308411598205566e-01 9.784889817237854004e-01 -9.925553202629089355e-01 -5.892547369003295898e-01 -2.327127456665039062e-01 1.785758733749389648e-01 -9.976339936256408691e-01 -9.939010143280029297e-01 9.527016282081604004e-01 -9.990767836570739746e-01 1.832077652215957642e-01 -7.289294898509979248e-02 4.270846843719482422e-01 2.603787779808044434e-01 -6.938527822494506836e-01 -3.483169376850128174e-01 -9.837835431098937988e-01 -2.357388138771057129e-01 4.081137478351593018e-01 9.462660551071166992e-02 9.488369226455688477e-01 5.213072896003723145e-01 -9.788572788238525391e-01 1.734968572854995728e-01 8.498597145080566406e-02 2.033537030220031738e-01 -2.537125051021575928e-01 2.569220066070556641e-01 -9.967424273490905762e-01 7.386196255683898926e-01 -9.993179440498352051e-01 -9.967634677886962891e-01 3.335613757371902466e-02 -9.743842482566833496e-01 -6.071302890777587891e-01 -4.378777742385864258e-01 -2.118531018495559692e-01 -1.511327028274536133e-01 -9.729500412940979004e-01 -8.677139282226562500e-01 2.614991068840026855e-01 -9.797336459159851074e-01 -9.622799754142761230e-01 -9.993602037429809570e-01 1.950755119323730469e-01 -2.444741427898406982e-01 6.904303282499313354e-02 5.205051302909851074e-01 3.666644915938377380e-02 -6.298700720071792603e-02 9.982579350471496582e-01 4.318432807922363281e-01 9.910870790481567383e-01 2.815310657024383545e-01 -1.161889135837554932e-01 -4.128959178924560547e-01 9.934992194175720215e-01 -9.800879955291748047e-01 2.410238236188888550e-01 -9.897831678390502930e-01 2.725477144122123718e-02 7.686872482299804688e-01 9.979798197746276855e-01 9.093636870384216309e-01 9.948847293853759766e-01 -9.914676547050476074e-01 -4.984226822853088379e-01 2.769058644771575928e-01 4.592653512954711914e-01 9.086095690727233887e-01 2.973378300666809082e-01 1.504260152578353882e-01 -9.887911677360534668e-01 -9.930223226547241211e-01 2.487701177597045898e-01 -9.883725643157958984e-01 9.930655360221862793e-01 -1.180854812264442444e-01 2.301012277603149414e-01 -1.107222437858581543e-01 -1.392921060323715210e-02 -8.144575357437133789e-02 -5.988901853561401367e-01 -9.760584831237792969e-01 -3.618348836898803711e-01 -1.647432446479797363e-01 -2.115582823753356934e-01 -2.230799794197082520e-01 -9.999874234199523926e-01 -9.035271406173706055e-01 1.527879666537046432e-02 4.466683268547058105e-01 -2.860873341560363770e-01 -2.147355079650878906e-01 1.912090480327606201e-01 2.649331688880920410e-01 9.999366402626037598e-01 -9.801692366600036621e-01 1.402208805084228516e-01 1.528053581714630127e-01 -3.167217075824737549e-01 -2.544868290424346924e-01 -7.103675603866577148e-01 -1.697964370250701904e-01 2.490770816802978516e-01 3.048202395439147949e-01 -3.477096930146217346e-02 -2.622071206569671631e-01 -4.746281504631042480e-01
2.611691057682037354e-01 -1.602580696344375610e-01 7.726481556892395020e-02 5.511066317558288574e-01 2.498302608728408813e-02 7.337946891784667969e-01 9.961862564086914062e-01 -4.985695481300354004e-01 -1.519964188337326050e-01 -9.892967343330383301e-01 -2.162020951509475708e-01 -8.888670802116394043e-01 9.933237433433532715e-01 -9.736272692680358887e-01 -9.040227532386779785e-01 1.176781356334686279e-01 2.506826072931289673e-03 1.233948320150375366e-01 -8.110191822052001953e-01 -6.915588676929473877e-02 5.419675707817077637e-01 3.044397234916687012e-01 8.396267294883728027e-01 -9.648053646087646484e-01 9.891999959945678711e-01 3.795254230499267578e-01 6.281065940856933594e-02 -6.022889614105224609e-01 7.212351560592651367e-01 9.978579282760620117e-01 9.513051509857177734e-01 1.350056231021881104e-01 6.226162314414978027e-01 8.457937091588973999e-02 -8.071539998054504395e-01 -5.878636240959167480e-01 -4.504136443138122559e-01 -7.810001969337463379e-01 2.483049780130386353e-01 -2.225771695375442505e-01 -4.902729988098144531e-01 -6.233555674552917480e-01 1.938713937997817993e-01 -6.793808937072753906e-01 6.343453377485275269e-02 9.251739978790283203e-01 -4.912116825580596924e-01 -3.135374486446380615e-01 7.769930362701416016e-01 -5.039027929306030273e-01 9.639216065406799316e-01 -2.509156167507171631e-01 9.425598382949829102e-01 -5.075667500495910645e-01 -3.720650374889373779e-01 6.370479464530944824e-01 1.155042126774787903e-01 1.025054827332496643e-01 -9.907966852188110352e-01 -9.412311911582946777e-01 6.033053249120712280e-02 -1.502506732940673828e-01 9.607130885124206543e-01 -1.380559802055358887e-01 -1.113681718707084656e-01 -8.405860066413879395e-01 3.635038137435913086e-01 6.176528334617614746e-01 4.887581244111061096e-02 -8.209633231163024902e-01 -3.360360860824584961e-01 9.662439823150634766e-01 -7.060414552688598633e-01 -7.213285565376281738e-01 4.281618297100067139e-01 -1.991561427712440491e-02 -1.211659610271453857e-01 2.222199141979217529e-01 -4.002475440502166748e-01 -5.590639710426330566e-01 -9.501719474792480469e-01 -9.395685791969299316e-02 9.962677955627441406e-01 -6.018143892288208008e-01 9.894784092903137207e-01 -6.923349499702453613e-01 -7.490336149930953979e-02 3.887354731559753418e-01 -7.104734778404235840e-01 5.648981928825378418e-01 -9.577146768569946289e-01 -5.998600274324417114e-02 7.332161664962768555e-01 -9.964643120765686035e-01 -1.759830564260482788e-01 -4.469062089920043945e-01 7.011170983314514160e-01 -4.232621490955352783e-01 -8.627690672874450684e-01 -2.359171658754348755e-01 -7.638964056968688965e-01 -9.377743005752563477e-01 1.298185437917709351e-01 -6.206636428833007812e-01 1.195750087499618530e-01 5.986923724412918091e-02 9.801090955734252930e-01 6.067008376121520996e-01 -7.195640206336975098e-01 8.216316103935241699e-01 1.643792092800140381e-01 5.558893680572509766e-01 -8.166138082742691040e-02 -9.794330000877380371e-01 -5.367701649665832520e-01 2.808763980865478516e-01 2.181713730096817017e-01 1.447402089834213257e-01 2.930424213409423828e-01 9.578305482864379883e-01 -9.624091982841491699e-01 -5.265292525291442871e-01 -8.790891170501708984e-01 9.982493519783020020e-01 -3.585651516914367676e-01 2.419822290539741516e-02 8.505604267120361328e-01 9.979819506406784058e-02 -6.792884469032287598e-01 -2.494868785142898560e-01 9.965398311614990234e-01 9.695460200309753418e-01 -9.565702676773071289e-01 3.313556015491485596e-01 6.236081123352050781e-01 -9.329874515533447266e-01 9.770225882530212402e-01 -9.806415438652038574e-01 -2.784845829010009766e-01 2.374546378850936890e-01 9.998123645782470703e-01 5.205768942832946777e-01 -6.117268800735473633e-01 3.670999407768249512e-01 1.647144109010696411e-01 -1.980570554733276367e-01 -3.260784447193145752e-01 9.871034026145935059e-01 8.431963324546813965e-01 -4.335621893405914307e-01 -4.515080749988555908e-01 -3.193985521793365479e-01 2.432360351085662842e-01 -3.251459896564483643e-01 5.024932026863098145e-01 -6.301471590995788574e-01 -9.934698939323425293e-01 7.812328934669494629e-01 -4.461026191711425781e-01 3.598776757717132568e-01 -6.883541345596313477e-01 4.681579172611236572e-01 -9.979564696550369263e-02 -5.979996919631958008e-01 9.998575448989868164e-01 -6.689502000808715820e-01 -5.230113267898559570e-01 -7.068688869476318359e-01 6.650718450546264648e-01 5.766491964459419250e-02 4.925698339939117432e-01 -5.611065030097961426e-01 -9.439687132835388184e-01 -9.971136450767517090e-01 1.944498717784881592e-01 6.600050330162048340e-01 -2.466788738965988159e-01 -5.380272269248962402e-01 9.925176501274108887e-01 9.179942607879638672e-01 9.313231706619262695e-01 -6.099867820739746094e-01 9.684265851974487305e-01 -9.894959330558776855e-01 1.516462564468383789e-01 -9.904475212097167969e-01 6.070610880851745605e-01 -8.071278333663940430e-01 6.305983066558837891e-01 6.426348686218261719e-01 5.529527068138122559e-01 -5.785161852836608887e-01 -9.790508747100830078e-01 2.951485514640808105e-01 6.943152546882629395e-01 -3.504114747047424316e-01 -9.810356497764587402e-01 -9.872591495513916016e-01 -3.961341977119445801e-01 -9.378547966480255127e-02 2.949306275695562363e-03 -2.801795303821563721e-01 8.589743971824645996e-01 3.814387917518615723e-01 -3.308911621570587158e-01 -6.549068689346313477e-01 -3.430237174034118652e-01 8.448764085769653320e-01 9.243662357330322266e-01 -3.973796367645263672e-01 -4.537474811077117920e-01 -9.218799471855163574e-01 5.372755229473114014e-02 7.261798381805419922e-01 9.723174571990966797e-01 -9.931135773658752441e-01 9.847427010536193848e-01 9.164201617240905762e-01 9.974679946899414062e-01 -1.743879020214080811e-01 -4.385034143924713135e-01 -1.900500804185867310e-01 -2.258207648992538452e-01 7.259431481361389160e-01 -6.612877249717712402e-01 2.697102129459381104e-01 -9.632414579391479492e-01 -3.184023797512054443e-01 -8.114947080612182617e-01 9.944981336593627930e-01 -1.228229887783527374e-02 -2.494686543941497803e-01 -7.433354854583740234e-01 6.781171560287475586e-01 9.157989025115966797e-01 4.743617773056030273e-01 2.255210876464843750e-01 -5.432172417640686035e-01 5.159612894058227539e-01 -2.627421319484710693e-01 8.248354196548461914e-01 9.989798665046691895e-01 -3.924427032470703125e-01 5.331005454063415527e-01 9.978122115135192871e-01 6.211408972740173340e-01 9.673730731010437012e-01 2.136628776788711548e-01 -4.381326138973236084e-01 -8.907705545425415039e-02 4.907098412513732910e-01 -5.673758387565612793e-01 -4.544395208358764648e-01 2.226528823375701904e-01 9.856321215629577637e-01 -2.063758820295333862e-01 -4.725094139575958252e-01 -9.986637830734252930e-01 5.650783777236938477e-01 7.087309360504150391e-01 2.194205075502395630e-01 -9.950242638587951660e-01 -5.732877254486083984e-01 -8.282626867294311523e-01 8.132478594779968262e-02 8.852830529212951660e-01 6.998385190963745117e-01 -8.790352940559387207e-01 -2.334045767784118652e-01 1.374832540750503540e-01 9.897887110710144043e-01 -3.357226550579071045e-01 -1.920002400875091553e-01 9.991482496261596680e-01 -8.098111152648925781e-01 -9.647731184959411621e-01 9.701581597328186035e-01 5.159435868263244629e-01 8.713130950927734375e-01 6.708972454071044922e-01 -9.954567551612854004e-01 -8.933574557304382324e-01 9.627081751823425293e-01 8.937389850616455078e-01 8.063101768493652344e-01 1.737953908741474152e-02 4.309257566928863525e-01 4.300941526889801025e-01 -9.915106892585754395e-01 -9.997214078903198242e-01 -9.180688261985778809e-01 4.124105274677276611e-01 6.173599362373352051e-01 6.383428573608398438e-01 9.883496761322021484e-01 -9.980573654174804688e-01 -4.539590179920196533e-01 9.757735133171081543e-01 -4.238207936286926270e-01 7.089787125587463379e-01 9.947246313095092773e-01 -6.563055515289306641e-01 -4.064313471317291260e-01 2.500861287117004395e-01 -5.049660205841064453e-01 -3.841659799218177795e-02 1.654516905546188354e-01 9.948812127113342285e-01 2.761612534523010254e-01 3.534386679530143738e-02 -5.679783821105957031e-01 -7.189979553222656250e-01 2.829417884349822998e-01 9.934080243110656738e-01 7.001220583915710449e-01 -4.245949089527130127e-01 1.810178160667419434e-01 4.613229632377624512e-01 5.351113677024841309e-01 9.995186328887939453e-01 3.220864832401275635e-01 7.403565645217895508e-01 -2.400296926498413086e-01 -9.437334537506103516e-01 -5.164977908134460449e-01 -5.941044092178344727e-01 1.186796873807907104e-01 8.347642607986927032e-03 -9.945970177650451660e-01 -1.660659760236740112e-01 9.884247183799743652e-01 1.537111699581146240e-01 5.451904144138097763e-03 -8.248237371444702148e-01 2.914612591266632080e-01 3.247013390064239502e-01 -1.005405858159065247e-01 -9.804462194442749023e-01 -9.972179532051086426e-01 5.237078666687011719e-01 9.951928257942199707e-01 1.036237925291061401e-01 -5.184234976768493652e-01 9.898738861083984375e-01 3.378129303455352783e-01 -9.952458739280700684e-01 8.084537982940673828e-01 9.989018440246582031e-01 -1.238237768411636353e-01 4.713308811187744141e-01 2.546308934688568115e-01 2.953451275825500488e-01 -2.065162360668182373e-01 -2.087849825620651245e-01 9.978286027908325195e-01 -1.535691767930984497e-01 9.435190558433532715e-01 -3.317541480064392090e-01 -4.860616326332092285e-01 1.647130846977233887e-01 -9.991562962532043457e-01 -9.969962239265441895e-01 -6.832602024078369141e-01 -2.092666625976562500e-01 9.378596395254135132e-02 -8.983575105667114258e-01 -9.979279637336730957e-01 1.690773963928222656e-01 5.478255152702331543e-01 6.668441295623779297e-01 -2.274591624736785889e-01 9.935348629951477051e-01 -8.172321915626525879e-01 -2.300815284252166748e-02 -9.233281016349792480e-01 -9.985507130622863770e-01 1.967232227325439453e-01 5.508491396903991699e-01 -4.979568123817443848e-01 -4.729541838169097900e-01 6.742078661918640137e-01 2.756597995758056641e-01 -4.121711254119873047e-01 1.614490449428558350e-01 9.991020560264587402e-01 9.360468387603759766e-01 6.358898282051086426e-01 -6.997789144515991211e-01 9.544742107391357422e-01 -4.952144622802734375e-01 -4.203115403652191162e-01 6.461327075958251953e-01 -9.956486225128173828e-01 3.020079433917999268e-01 2.532777190208435059e-01 -6.458886712789535522e-02 -4.806138277053833008e-01 -8.694295883178710938e-01 9.942386150360107422e-01 3.383386135101318359e-01 6.704038977622985840e-01 7.221000194549560547e-01 9.870461225509643555e-01 -6.782376170158386230e-01 8.151780962944030762e-01 -9.837113618850708008e-01 -9.941815733909606934e-01 -4.097071290016174316e-01 3.347822427749633789e-01 -9.812203645706176758e-01 -9.125493168830871582e-01 9.911370873451232910e-01 -9.427120685577392578e-01 1.032525524497032166e-01 3.500536084175109863e-01 3.519005477428436279e-01 2.981625497341156006e-01 7.402983307838439941e-01 -1.817051023244857788e-01 -9.943906664848327637e-01 -5.875357985496520996e-01 9.341492652893066406e-01 3.653227388858795166e-01 9.970734715461730957e-01 6.138889789581298828e-01 -7.565189003944396973e-01 7.617116719484329224e-02 5.985486507415771484e-01 2.410501986742019653e-01 6.874556094408035278e-02 3.965032994747161865e-01 -9.968509078025817871e-01 4.401507675647735596e-01 -9.997652769088745117e-01 -2.672724127769470215e-01 1.442835181951522827e-01 -8.756592273712158203e-01 -7.540502548217773438e-01 -2.806681692600250244e-01 -2.840377092361450195e-01 9.200502187013626099e-02 -9.213775992393493652e-01 -9.965531229972839355e-01 5.060910582542419434e-01 -8.795375823974609375e-01 -8.467283844947814941e-01 -9.343969821929931641e-01 4.120024442672729492e-01 -5.571413636207580566e-01 3.194956183433532715e-01 6.000685095787048340e-01 -2.933648824691772461e-01 6.123834475874900818e-02 6.852794289588928223e-01 5.162954926490783691e-01 9.968550205230712891e-01 5.633955001831054688e-01 -4.339386224746704102e-01 2.953689992427825928e-01 9.802404642105102539e-01 -5.928750038146972656e-01 2.590908706188201904e-01 -8.728334903717041016e-01 5.982869267463684082e-01 9.927618503570556641e-01 9.970621466636657715e-01 9.742619395256042480e-01 9.979925155639648438e-01 -7.364286780357360840e-01 -3.770889639854431152e-01 6.268746256828308105e-01 -3.430345654487609863e-01 7.894907593727111816e-01 1.425660401582717896e-01 3.394134342670440674e-01 -9.926510453224182129e-01 -9.642620086669921875e-01 2.746470868587493896e-01 -9.921360611915588379e-01 9.986550807952880859e-01 2.038533985614776611e-01 4.687817990779876709e-01 7.000388503074645996e-01 6.097845435142517090e-01 1.910277754068374634e-01 1.803008615970611572e-01 -9.686506390571594238e-01 -5.515787601470947266e-01 2.290856987237930298e-01 3.183105960488319397e-02 -6.321241855621337891e-01 -9.998814463615417480e-01 1.203338578343391418e-01 -8.815737962722778320e-01 6.810007989406585693e-02 -6.102281808853149414e-01 1.351679861545562744e-01 2.811128199100494385e-01 8.866739869117736816e-01 9.493244886398315430e-01 -9.888619780540466309e-01 5.965749546885490417e-02 3.781448304653167725e-01 2.447254508733749390e-01 6.273325085639953613e-01 -5.899224281311035156e-01 2.338197529315948486e-01 9.554761052131652832e-01 5.272292494773864746e-01 -2.399865835905075073e-01 -7.315666079521179199e-01 -7.313554883003234863e-01
4.896067380905151367e-01 -8.957618474960327148e-01 1.218764409422874451e-01 2.715767920017242432e-01 -3.111478388309478760e-01 8.336312770843505859e-01 9.983440637588500977e-01 -7.546986341476440430e-01 -1.399564892053604126e-01 -9.926024079322814941e-01 -2.344324067234992981e-02 -9.793179631233215332e-01 8.594055175781250000e-01 -9.822373390197753906e-01 -9.514629244804382324e-01 -2.189827561378479004e-01 -2.835741266608238220e-03 -1.312527507543563843e-01 -4.830662310123443604e-01 -3.713144958019256592e-01 2.316163033246994019e-01 1.028038784861564636e-01 9.424737691879272461e-01 -6.491918563842773438e-01 9.988639354705810547e-01 9.784105420112609863e-01 -2.954932451248168945e-01 -4.446354806423187256e-01 1.388312876224517822e-01 9.893261790275573730e-01 9.892978072166442871e-01 -2.202777564525604248e-01 2.107813656330108643e-01 9.923021495342254639e-02 -8.732795119285583496e-01 -4.525936543941497803e-01 -3.459926247596740723e-01 -2.742994725704193115e-01 8.518444895744323730e-01 -3.953860402107238770e-01 -2.988834381103515625e-01 -3.207961618900299072e-01 -3.579983254894614220e-03 -9.847919344902038574e-01 5.863102152943611145e-02 9.589997529983520508e-01 -9.958018660545349121e-01 -4.107390642166137695e-01 3.844435214996337891e-01 -2.150550112128257751e-02 9.929226040840148926e-01 -1.143559217453002930e-01 9.934482574462890625e-01 -3.781918585300445557e-01 -6.166858077049255371e-01 1.761948615312576294e-01 -3.777149021625518799e-01 -1.408341526985168457e-01 -9.991343617439270020e-01 -9.408030509948730469e-01 -4.328508377075195312e-01 8.502922952175140381e-02 9.303488731384277344e-01 -3.644610643386840820e-01 -9.363080561161041260e-02 -9.961949586868286133e-01 9.362325668334960938e-01 7.048165202140808105e-01 2.464445829391479492e-01 6.390028446912765503e-02 9.661889076232910156e-01 9.860286116600036621e-01 -8.139594197273254395e-01 -7.051376104354858398e-01 1.770978569984436035e-01 -3.848711401224136353e-02 -5.925000086426734924e-02 7.130640745162963867e-01 -3.926072418689727783e-01 3.381244838237762451e-01 -9.966619610786437988e-01 1.276614069938659668e-01 9.995976686477661133e-01 -7.742255330085754395e-01 9.863110780715942383e-01 -9.456464648246765137e-01 6.343611329793930054e-02 2.353442460298538208e-01 -1.826979517936706543e-01 3.386839628219604492e-01 -9.797700047492980957e-01 -5.511806160211563110e-02 5.409252643585205078e-01 -9.924761652946472168e-01 -9.542374014854431152e-01 6.415878534317016602e-01 6.813185214996337891e-01 -1.479298174381256104e-01 -9.918270707130432129e-01 -2.939820289611816406e-01 5.613706111907958984e-01 -9.528064131736755371e-01 5.251026153564453125e-01 -8.493816107511520386e-02 3.087651133537292480e-01 1.496812254190444946e-01 9.980680942535400391e-01 2.809576392173767090e-01 -3.988361358642578125e-01 -6.675985455513000488e-02 -2.225608974695205688e-01 4.498813450336456299e-01 2.269439212977886200e-02 -9.868779182434082031e-01 -2.812125384807586670e-01 1.068178415298461914e-01 -5.211800336837768555e-01 9.608753919601440430e-01 3.372063860297203064e-02 9.979690313339233398e-01 -9.952421188354492188e-01 -1.478084474802017212e-01 -9.562515020370483398e-01 9.997724890708923340e-01 -1.039472315460443497e-02 -2.708842158317565918e-01 -9.083610773086547852e-01 8.184412866830825806e-02 -6.042009592056274414e-01 -4.649306535720825195e-01 9.904058575630187988e-01 9.962263107299804688e-01 -8.456050157546997070e-01 8.142334222793579102e-02 4.783479571342468262e-01 -9.908214211463928223e-01 9.812920093536376953e-01 -9.948710799217224121e-01 -1.748515516519546509e-01 2.749776244163513184e-01 9.999231696128845215e-01 2.991308271884918213e-01 -1.966514736413955688e-01 2.897266745567321777e-01 -3.134071454405784607e-02 -4.625407978892326355e-02 -8.028110265731811523e-01 9.982118606567382812e-01 6.405824422836303711e-01 -1.448883265256881714e-01 -4.658221900463104248e-01 1.215774938464164734e-01 7.736557722091674805e-01 -1.906380057334899902e-01 4.697740972042083740e-01 -3.665151894092559814e-01 -9.607352018356323242e-01 -8.203153312206268311e-02 -5.944962054491043091e-02 -4.544315859675407410e-02 -4.334684610366821289e-01 -2.142184674739837646e-01 -4.716482162475585938e-01 -3.400591909885406494e-01 9.999256134033203125e-01 -3.983561396598815918e-01 -2.310836613178253174e-01 -5.575210452079772949e-01 8.129200935363769531e-01 6.204652190208435059e-01 4.134919047355651855e-01 -3.147133886814117432e-01 -8.102507591247558594e-01 -9.851494431495666504e-01 8.070985674858093262e-01 1.163679212331771851e-01 -5.077517032623291016e-01 -1.985119581222534180e-01 9.930769801139831543e-01 9.818108677864074707e-01 9.943698644638061523e-01 -1.001600474119186401e-01 8.663451671600341797e-01 -9.173433780670166016e-01 -4.177441298961639404e-01 -5.407502651214599609e-01 3.707953989505767822e-01 -1.602568477392196655e-02 5.311699509620666504e-01 9.435829520225524902e-01 5.447995662689208984e-01 -9.504289627075195312e-01 -1.137451380491256714e-01 2.838340997695922852e-01 8.327399492263793945e-01 -1.845859587192535400e-01 -9.758913516998291016e-01 -9.894827008247375488e-01 -4.844829142093658447e-01 -1.415631771087646484e-01 -1.640790998935699463e-01 -2.672172486782073975e-01 3.388389647006988525e-01 7.264862209558486938e-02 -2.222844660282135010e-01 5.877851508557796478e-03 2.168788164854049683e-01 9.835816025733947754e-01 9.578674435615539551e-01 3.471940755844116211e-01 -3.463504612445831299e-01 -7.893108725547790527e-01 -4.281347692012786865e-01 5.542578697204589844e-01 9.912114739418029785e-01 -9.855045080184936523e-01 9.494015574455261230e-01 8.786653876304626465e-01 9.905124902725219727e-01 -9.645678102970123291e-02 -7.336110472679138184e-01 -2.787326276302337646e-02 -2.977668642997741699e-01 5.358858704566955566e-01 -9.631163477897644043e-01 2.051382660865783691e-01 -9.850628376007080078e-01 -6.333956122398376465e-02 -9.102556109428405762e-01 9.984515905380249023e-01 9.677247703075408936e-02 2.196586504578590393e-02 -2.124606668949127197e-01 5.113416314125061035e-01 8.957857489585876465e-01 2.722289860248565674e-01 6.846554279327392578e-01 -4.394720792770385742e-01 3.690442144870758057e-01 -6.629230082035064697e-02 9.982250332832336426e-01 9.998335838317871094e-01 -6.524561643600463867e-01 8.100475668907165527e-01 9.875794053077697754e-01 2.679145336151123047e-02 9.868067502975463867e-01 -7.361717056483030319e-03 7.253995537757873535e-01 4.409704208374023438e-01 2.650459408760070801e-01 -2.347153872251510620e-01 -1.600056141614913940e-01 2.299557924270629883e-01 9.980107545852661133e-01 -2.918264456093311310e-02 -1.015633717179298401e-01 -9.998624920845031738e-01 6.105073094367980957e-01 5.222752094268798828e-01 -3.750313222408294678e-01 -9.983611702919006348e-01 -2.956208288669586182e-01 -4.970280826091766357e-01 3.985416144132614136e-02 9.236956238746643066e-01 7.376126050949096680e-01 -9.906084537506103516e-01 9.479025611653923988e-04 -2.321091592311859131e-01 9.965304732322692871e-01 9.866090118885040283e-02 -1.970258653163909912e-01 9.999212026596069336e-01 -6.190732121467590332e-01 -9.992003440856933594e-01 9.792659282684326172e-01 -3.946027532219886780e-02 9.538961648941040039e-01 9.282074868679046631e-02 -9.954369664192199707e-01 -7.201711535453796387e-01 9.486563205718994141e-01 9.785597920417785645e-01 5.035294890403747559e-01 3.010421805083751678e-02 3.612030744552612305e-01 2.317781150341033936e-01 -9.989874362945556641e-01 -9.997850060462951660e-01 -9.934297800064086914e-01 4.759471118450164795e-01 9.886886924505233765e-02 9.642452001571655273e-01 9.963654875755310059e-01 -9.990036487579345703e-01 -2.667455673217773438e-01 9.882316589355468750e-01 2.549327909946441650e-04 9.880716204643249512e-01 9.966339468955993652e-01 -8.866740465164184570e-01 -2.710080444812774658e-01 9.376558065414428711e-01 -1.833984851837158203e-01 3.424174487590789795e-01 3.806996047496795654e-01 9.990708827972412109e-01 -5.458595603704452515e-02 2.523591518402099609e-01 -4.391289651393890381e-01 -6.963052153587341309e-01 -3.008921863511204720e-03 9.980438351631164551e-01 9.757620096206665039e-01 1.801130622625350952e-01 -4.836169071495532990e-03 2.997905611991882324e-01 7.309287041425704956e-02 9.999568462371826172e-01 1.142529696226119995e-01 6.579002141952514648e-01 -5.792732834815979004e-01 -9.937076568603515625e-01 -4.313984215259552002e-01 -4.254729449748992920e-01 -4.868848714977502823e-03 8.106436133384704590e-01 -9.893033504486083984e-01 4.621321558952331543e-01 9.938074946403503418e-01 2.305566221475601196e-01 -1.963360309600830078e-01 -7.157721519470214844e-01 2.917264401912689209e-01 1.785599440336227417e-01 8.015330880880355835e-02 -9.942737221717834473e-01 -9.808601140975952148e-01 3.977231085300445557e-01 9.762842059135437012e-01 -1.916703432798385620e-01 -2.118516564369201660e-01 8.533329963684082031e-01 -8.791224956512451172e-01 -9.884023070335388184e-01 8.570614457130432129e-01 9.997329711914062500e-01 -2.562597095966339111e-01 9.250152707099914551e-01 4.232974052429199219e-01 3.850224660709500313e-03 4.620183259248733521e-03 2.113755233585834503e-02 9.909083843231201172e-01 6.877318769693374634e-02 7.904826402664184570e-01 -2.431885153055191040e-01 -1.356713622808456421e-01 2.840818166732788086e-01 -9.996793866157531738e-01 -9.853687882423400879e-01 -4.580826163291931152e-01 -4.094338417053222656e-01 -1.256669014692306519e-01 -7.834196686744689941e-01 -9.898217916488647461e-01 -7.895020395517349243e-02 5.400403141975402832e-01 5.796567797660827637e-01 -1.433496326208114624e-01 9.800640344619750977e-01 -4.741353988647460938e-01 3.272610902786254883e-01 2.793071046471595764e-02 -9.998310208320617676e-01 3.566205501556396484e-02 2.526071071624755859e-01 -4.984685480594635010e-01 -4.764402806758880615e-01 -1.345335990190505981e-01 3.058542907238006592e-01 -8.869565129280090332e-01 -1.385517269372940063e-01 9.997197985649108887e-01 -3.333882093429565430e-01 1.873796433210372925e-01 -4.957517683506011963e-01 7.522497177124023438e-01 -2.729976475238800049e-01 -5.331208109855651855e-01 8.391551375389099121e-01 -9.992724061012268066e-01 1.506874412298202515e-01 7.549537718296051025e-02 2.341919206082820892e-02 -1.597998440265655518e-01 -6.293351650238037109e-01 9.959269762039184570e-01 -1.560869216918945312e-01 3.916986584663391113e-01 1.578937619924545288e-01 8.945075869560241699e-01 -4.495027959346771240e-01 9.416525363922119141e-01 -9.344225525856018066e-01 -9.682965278625488281e-01 -1.515831798315048218e-01 1.433903276920318604e-01 -9.145745038986206055e-01 -9.909633994102478027e-01 8.445769548416137695e-01 -9.785506725311279297e-01 -9.435437619686126709e-02 -4.993059039115905762e-01 2.658644914627075195e-01 3.939117789268493652e-01 8.707827329635620117e-01 -3.534633219242095947e-01 -9.754500985145568848e-01 -6.345548629760742188e-01 3.886819183826446533e-01 -4.723273590207099915e-02 9.992590546607971191e-01 6.119690537452697754e-01 -8.920428156852722168e-01 -3.502166643738746643e-02 4.013986587524414062e-01 -5.570127442479133606e-02 -6.345529109239578247e-02 -3.406666964292526245e-02 -9.923432469367980957e-01 7.774236798286437988e-01 -9.998885989189147949e-01 -9.935495257377624512e-01 8.166175335645675659e-02 -8.952451348304748535e-01 -8.264135718345642090e-01 4.461675882339477539e-02 -1.973895132541656494e-01 -1.630481332540512085e-01 -9.914498925209045410e-01 -9.433862566947937012e-01 5.779828131198883057e-02 -9.319073557853698730e-01 -9.875244498252868652e-01 -9.873768687248229980e-01 5.850113630294799805e-01 -6.674276292324066162e-02 -8.502495288848876953e-02 2.961934506893157959e-01 -3.359826207160949707e-01 -1.297834962606430054e-01 9.995931386947631836e-01 3.661769926548004150e-01 9.966561794281005859e-01 1.531304568052291870e-01 -1.925635933876037598e-01 1.072617173194885254e-01 9.998298287391662598e-01 -1.549434848129749298e-02 9.050565212965011597e-02 -9.831313490867614746e-01 -8.160512894392013550e-02 9.864212274551391602e-01 9.985520243644714355e-01 9.530580639839172363e-01 9.978248476982116699e-01 -9.444426894187927246e-01 -2.210901528596878052e-01 2.542127370834350586e-01 -8.648494482040405273e-01 7.873638868331909180e-01 5.743435025215148926e-02 4.509557485580444336e-01 -9.964495301246643066e-01 -9.767357707023620605e-01 -6.970427185297012329e-02 -9.879754185676574707e-01 9.953056573867797852e-01 2.893822789192199707e-01 1.663105487823486328e-01 4.776610434055328369e-01 3.097917437553405762e-01 3.578586131334304810e-02 -9.393562078475952148e-01 -9.910199046134948730e-01 -2.190254032611846924e-01 -7.221231609582901001e-02 4.606440067291259766e-01 -4.602662622928619385e-01 -9.999729394912719727e-01 -8.676871061325073242e-01 -7.796140313148498535e-01 -4.327532649040222168e-02 -5.576153993606567383e-01 1.597256213426589966e-01 3.471592068672180176e-01 2.559852898120880127e-01 9.906060695648193359e-01 -9.901357889175415039e-01 6.202327460050582886e-02 3.840886354446411133e-01 1.969574391841888428e-01 2.179892808198928833e-01 -8.914276361465454102e-01 9.863498210906982422e-01 7.889884710311889648e-01 5.169178843498229980e-01 6.904169451445341110e-03 -6.992940902709960938e-01 -5.766429901123046875e-01
9.459206461906433105e-01 8.386086672544479370e-03 -3.174967467784881592e-01 1.119962334632873535e-02 -8.102007210254669189e-02 8.856091499328613281e-01 9.471540451049804688e-01 -9.936166405677795410e-01 6.616585701704025269e-02 -8.848858475685119629e-01 2.900782525539398193e-01 -9.117729663848876953e-01 -1.343920081853866577e-01 -9.974641799926757812e-01 -8.761821985244750977e-01 4.970831871032714844e-01 -1.563384681940078735e-01 -1.080259308218955994e-01 -5.720507502555847168e-01 -9.557128697633743286e-02 -2.748593389987945557e-01 -2.563222050666809082e-01 3.998112082481384277e-01 8.576565980911254883e-01 9.989635944366455078e-01 7.673041522502899170e-02 -3.886174559593200684e-01 -1.083875149488449097e-01 4.839457869529724121e-01 6.833494305610656738e-01 9.995967745780944824e-01 3.106848299503326416e-01 5.275226831436157227e-01 -6.692272424697875977e-02 -9.784912467002868652e-01 2.843464314937591553e-01 -4.829870462417602539e-01 1.924199759960174561e-01 8.210068345069885254e-01 -7.463114708662033081e-02 2.028521150350570679e-01 -1.451088581234216690e-02 1.051766276359558105e-01 -9.914410114288330078e-01 2.897178232669830322e-01 1.591103225946426392e-01 -6.419748663902282715e-01 6.549135446548461914e-01 9.422193169593811035e-01 3.625184595584869385e-01 3.590688109397888184e-01 2.972322888672351837e-02 9.964454770088195801e-01 -2.814377844333648682e-01 -6.522260308265686035e-01 1.749445199966430664e-01 -2.339074313640594482e-01 -2.208688259124755859e-01 -9.942862987518310547e-01 8.977297693490982056e-02 -5.564759299159049988e-02 1.980853676795959473e-01 8.837009668350219727e-01 -1.810570210218429565e-01 9.193754196166992188e-02 -9.955530166625976562e-01 9.987466335296630859e-01 1.255582422018051147e-01 6.637571752071380615e-02 9.407514333724975586e-01 9.186948537826538086e-01 9.757468104362487793e-01 -8.642203807830810547e-01 -8.035409450531005859e-01 -9.097524285316467285e-01 -6.464424729347229004e-01 -2.398151159286499023e-01 9.711182713508605957e-01 -7.323967665433883667e-02 1.247548535466194153e-01 -9.969911575317382812e-01 5.706968903541564941e-01 9.977378249168395996e-01 -5.046893954277038574e-01 8.925471901893615723e-01 -8.375194072723388672e-01 1.332243978977203369e-01 2.185064107179641724e-01 3.288451731204986572e-01 -3.592319488525390625e-01 -9.102408289909362793e-01 2.774360179901123047e-01 2.508287131786346436e-01 -9.999631047248840332e-01 -3.242703676223754883e-01 8.486109972000122070e-01 7.727774977684020996e-01 6.699351221323013306e-02 -9.970682263374328613e-01 -6.762234866619110107e-02 -6.739754080772399902e-01 -9.937187433242797852e-01 2.922732234001159668e-01 -3.662459179759025574e-02 2.836437709629535675e-02 2.560464441776275635e-01 9.920156002044677734e-01 1.009426712989807129e-01 1.455192714929580688e-01 -6.873431801795959473e-01 -4.023053050041198730e-01 -9.782885760068893433e-02 8.059438467025756836e-01 -9.374881386756896973e-01 -1.697563230991363525e-01 5.041641741991043091e-02 -8.188287019729614258e-01 6.294249296188354492e-01 -2.376148551702499390e-01 9.733382463455200195e-01 1.042149290442466736e-01 5.035398006439208984e-01 -9.805603027343750000e-01 8.573223352432250977e-01 -3.296860456466674805e-01 -3.330605626106262207e-01 9.186267107725143433e-02 3.328632712364196777e-01 -2.739481627941131592e-01 8.154116570949554443e-02 9.960442185401916504e-01 9.573253989219665527e-01 -6.372970938682556152e-01 1.034567430615425110e-01 6.295403093099594116e-02 1.538734883069992065e-01 9.972948431968688965e-01 -9.791389107704162598e-01 -9.980099797248840332e-01 1.665990799665451050e-01 9.988834857940673828e-01 -2.014619261026382446e-01 -2.678722739219665527e-01 9.996063709259033203e-01 2.726305425167083740e-01 8.640026450157165527e-01 -8.353068232536315918e-01 9.978374242782592773e-01 -7.683970928192138672e-01 -3.614125773310661316e-02 -1.722091436386108398e-01 2.485604882240295410e-01 9.920726418495178223e-01 6.871361136436462402e-01 -1.157731115818023682e-01 4.698687791824340820e-01 -8.455446921288967133e-03 8.856381773948669434e-01 2.369664842262864113e-03 -1.673933565616607666e-01 -2.875744700431823730e-01 5.453708767890930176e-01 -5.869820713996887207e-01 -3.291049003601074219e-01 9.999701380729675293e-01 -1.228968426585197449e-01 1.039019078016281128e-01 -1.055968403816223145e-01 9.130191206932067871e-01 6.687703132629394531e-01 -3.253345936536788940e-02 -7.371307015419006348e-01 -9.994589686393737793e-01 -5.344099998474121094e-01 6.304823607206344604e-02 3.318059444427490234e-01 9.646422863006591797e-01 5.964362993836402893e-02 8.938860893249511719e-01 1.368940770626068115e-01 4.690754115581512451e-01 -3.826915621757507324e-01 9.893086552619934082e-01 -3.435208201408386230e-01 9.557055830955505371e-01 -9.751076102256774902e-01 -8.296940326690673828e-01 -9.355626702308654785e-01 -1.336017847061157227e-01 9.735585451126098633e-01 9.997796416282653809e-01 -7.401655912399291992e-01 -7.036522626876831055e-01 6.113238260149955750e-02 9.962853193283081055e-01 6.191983222961425781e-01 -9.879391193389892578e-01 -9.197145104408264160e-01 -6.437271833419799805e-01 3.432597965002059937e-02 1.887142062187194824e-01 1.389497071504592896e-01 -9.800347089767456055e-01 -1.537064649164676666e-02 -4.083645045757293701e-01 -4.543245732784271240e-01 -1.545730531215667725e-01 9.906911849975585938e-01 9.984557628631591797e-01 -1.127205230295658112e-02 3.359583020210266113e-01 6.722422242164611816e-01 7.731569558382034302e-02 2.364453487098217010e-02 9.381203055381774902e-01 3.406924009323120117e-01 -7.805183529853820801e-01 7.625553011894226074e-01 7.587160468101501465e-01 -2.675507664680480957e-01 -1.329514682292938232e-01 -3.130843937397003174e-01 -7.889002561569213867e-01 -3.696729540824890137e-01 -9.381161928176879883e-01 7.289694547653198242e-01 -9.396917223930358887e-01 1.850900501012802124e-01 -3.591049611568450928e-01 1.794572174549102783e-01 2.914776802062988281e-01 -1.873464584350585938e-01 -1.707234531641006470e-01 -7.887067645788192749e-02 8.792823553085327148e-01 1.137347891926765442e-01 6.158619523048400879e-01 -8.609717339277267456e-02 -3.643242642283439636e-02 -2.522602677345275879e-01 8.625312447547912598e-01 9.998148679733276367e-01 -1.633882820606231689e-01 3.491849899291992188e-01 8.600220084190368652e-01 5.636173486709594727e-01 9.995284080505371094e-01 -9.050491452217102051e-02 8.364142179489135742e-01 -6.619978696107864380e-02 -2.035745680332183838e-01 8.784142322838306427e-03 -3.307320475578308105e-01 -1.509775221347808838e-01 9.838050007820129395e-01 3.030352890491485596e-01 -4.539242088794708252e-01 -9.668941497802734375e-01 -7.900109291076660156e-01 8.509405255317687988e-01 -2.680103778839111328e-01 -9.903031587600708008e-01 -1.143553704023361206e-01 -3.518104255199432373e-01 -6.078552082180976868e-02 8.738582134246826172e-01 9.601148962974548340e-01 -8.575493693351745605e-01 2.212840318679809570e-01 3.731831014156341553e-01 9.949865937232971191e-01 1.369369626045227051e-01 -4.908155500888824463e-01 9.988889098167419434e-01 -7.926991581916809082e-02 -6.891741752624511719e-01 9.946201443672180176e-01 -3.288647532463073730e-01 7.194960713386535645e-01 -8.748143166303634644e-02 -9.286858439445495605e-01 -6.439418792724609375e-01 -7.188688963651657104e-02 9.994723200798034668e-01 9.949190020561218262e-01 2.220125347375869751e-01 2.592782303690910339e-02 -7.703633606433868408e-02 -9.967235922813415527e-01 -9.991420507431030273e-01 -9.995443224906921387e-01 -5.971893668174743652e-01 -4.408263601362705231e-03 9.896293282508850098e-01 9.915199875831604004e-01 -9.991828799247741699e-01 1.605483144521713257e-02 6.385301947593688965e-01 2.452782243490219116e-01 9.320089817047119141e-01 9.902384877204895020e-01 -9.937473535537719727e-01 1.856839060783386230e-01 9.900435209274291992e-01 3.018499016761779785e-01 5.587263964116573334e-03 2.758126258850097656e-01 9.076842069625854492e-01 1.540930867195129395e-01 -1.265205293893814087e-01 2.789460718631744385e-01 -8.841071724891662598e-01 -2.489190697669982910e-01 9.972604513168334961e-01 6.424747109413146973e-01 2.929134964942932129e-01 8.986083418130874634e-02 2.597933709621429443e-01 2.329731434583663940e-01 9.996523857116699219e-01 -2.313785254955291748e-02 -3.932251930236816406e-01 -5.424427986145019531e-02 -9.986834526062011719e-01 -2.165791206061840057e-02 -8.040980249643325806e-02 8.203609585762023926e-01 -2.756715714931488037e-01 -8.359839916229248047e-01 6.552612781524658203e-01 9.994835257530212402e-01 1.546623408794403076e-01 -2.421213835477828979e-01 5.419262051582336426e-01 1.596507281064987183e-01 1.323113292455673218e-01 -1.284296065568923950e-02 -9.285576343536376953e-01 6.921651214361190796e-02 -1.482740193605422974e-01 9.842401742935180664e-01 5.988222360610961914e-01 -3.234193325042724609e-01 9.997026920318603516e-01 8.481632471084594727e-01 -9.752825498580932617e-01 6.515018939971923828e-01 9.997972249984741211e-01 3.496528267860412598e-01 7.717554569244384766e-01 -1.383217275142669678e-01 9.442577138543128967e-03 8.825748562812805176e-01 8.483206480741500854e-02 7.356209754943847656e-01 -2.353715896606445312e-01 -1.798188388347625732e-01 -1.514438390731811523e-01 4.285336732864379883e-01 1.757972985506057739e-01 -9.935140609741210938e-01 -6.615490317344665527e-01 -2.690156921744346619e-02 3.271846473217010498e-01 8.009825348854064941e-01 -6.005762815475463867e-01 -7.339875698089599609e-01 6.665756106376647949e-01 -1.609858423471450806e-01 -6.174064241349697113e-03 2.233874946832656860e-01 9.412189126014709473e-01 1.565018445253372192e-01 5.712405778467655182e-03 8.922371864318847656e-01 -9.970858097076416016e-01 5.807995051145553589e-02 -4.542616605758666992e-01 2.459509968757629395e-01 -7.376758754253387451e-02 7.918410897254943848e-01 -4.016000032424926758e-01 -9.899556040763854980e-01 7.774550467729568481e-02 9.967155456542968750e-01 9.752393960952758789e-01 7.067296504974365234e-01 5.418130382895469666e-02 -7.499313354492187500e-01 1.251169443130493164e-01 1.430194228887557983e-01 8.688254356384277344e-01 -9.967857599258422852e-01 -4.235070049762725830e-01 -2.358726710081100464e-01 3.377953171730041504e-01 6.494402885437011719e-02 -3.178505599498748779e-01 9.985946416854858398e-01 -2.958118021488189697e-01 -3.280135095119476318e-01 -9.000595211982727051e-01 -3.783197700977325439e-01 3.623730316758155823e-02 8.846620321273803711e-01 -9.989057183265686035e-01 -2.949847877025604248e-01 1.731989979743957520e-01 -3.213128745555877686e-01 -9.958465099334716797e-01 -9.872047305107116699e-01 9.473710060119628906e-01 -9.993613362312316895e-01 3.640586137771606445e-01 -7.541472911834716797e-01 -2.911336421966552734e-01 -3.167555630207061768e-01 -9.156625270843505859e-01 -7.432270646095275879e-01 -9.990575909614562988e-01 2.088612467050552368e-01 9.980844259262084961e-01 -7.694695144891738892e-02 9.965651035308837891e-01 3.790559992194175720e-02 -8.971360325813293457e-01 6.701475977897644043e-01 9.993345290422439575e-02 1.382959336042404175e-01 -4.256591796875000000e-01 1.167122051119804382e-01 -9.996888041496276855e-01 9.114919304847717285e-01 -9.933695793151855469e-01 -6.040436029434204102e-01 3.122518360614776611e-01 -9.890465140342712402e-01 5.037892982363700867e-02 -1.680514514446258545e-01 5.154418945312500000e-01 -8.256182819604873657e-02 -9.778636693954467773e-01 -9.981561899185180664e-01 6.135202050209045410e-01 -9.973276257514953613e-01 -9.966418147087097168e-01 -8.525447249412536621e-01 -2.402590513229370117e-01 3.063755035400390625e-01 6.355133652687072754e-02 2.819921970367431641e-01 -7.357671111822128296e-02 -1.237436896190047264e-03 9.449107646942138672e-01 3.339209035038948059e-02 5.812502503395080566e-01 -2.655775547027587891e-01 1.589862555265426636e-01 -4.598612487316131592e-01 9.808290600776672363e-01 -7.854059934616088867e-01 -3.161381781101226807e-01 -9.965912103652954102e-01 2.102543860673904419e-01 8.637599349021911621e-01 9.947562813758850098e-01 7.796099185943603516e-01 7.719678878784179688e-01 -9.499541521072387695e-01 -1.788707226514816284e-01 1.734956949949264526e-01 -5.285299420356750488e-01 6.728665232658386230e-01 3.457623422145843506e-01 1.257205158472061157e-01 -9.781821966171264648e-01 -9.946343898773193359e-01 3.354194462299346924e-01 7.561257481575012207e-02 9.960272908210754395e-01 -1.363675296306610107e-01 7.130461186170578003e-02 1.417019218206405640e-01 -1.341954339295625687e-02 -7.336980849504470825e-02 -6.947699189186096191e-01 -9.862023591995239258e-01 -2.331254631280899048e-01 2.609446346759796143e-01 1.513465195894241333e-01 -9.875974059104919434e-02 -9.999417662620544434e-01 -3.069835007190704346e-01 -1.325493454933166504e-01 -2.390944957733154297e-01 3.156851232051849365e-01 -4.317300319671630859e-01 -2.376374453306198120e-01 3.382401764392852783e-01 9.970092773437500000e-01 -7.946384549140930176e-01 1.504662781953811646e-01 4.247788190841674805e-01 -1.073991730809211731e-01 -4.555587470531463623e-01 -8.617495298385620117e-01 5.231945514678955078e-01 -3.627767860889434814e-01 -4.061057269573211670e-01 6.162069439888000488e-01 -1.388347242027521133e-02 -9.166973829269409180e-01
-4.963698685169219971e-01 7.953883409500122070e-01 -4.540038353297859430e-04 7.374642044305801392e-02 -2.301204353570938110e-01 -1.899942308664321899e-01 9.735912680625915527e-01 -9.928750395774841309e-01 1.639451831579208374e-01 -9.886228442192077637e-01 -1.292082220315933228e-01 -8.208769559860229492e-01 -5.950037837028503418e-01 -9.788207411766052246e-01 -7.010666728019714355e-01 -1.567456573247909546e-01 -4.895912110805511475e-01 1.753723132424056530e-03 -5.130203366279602051e-01 -3.079430460929870605e-01 2.945678867399692535e-02 1.786984950304031372e-01 9.436749815940856934e-01 7.241443991661071777e-01 9.998922944068908691e-01 9.968752264976501465e-01 -1.432197093963623047e-01 -1.718621850013732910e-01 9.418162703514099121e-02 9.508386850357055664e-01 9.855482578277587891e-01 -1.867426186800003052e-01 1.935113519430160522e-01 1.236972734332084656e-01 -7.069818377494812012e-01 -1.108799129724502563e-01 -4.364610612392425537e-01 1.382600069046020508e-01 9.684706330299377441e-01 -2.163956314325332642e-01 2.642411291599273682e-01 6.869324296712875366e-02 3.574548959732055664e-01 -9.987382292747497559e-01 1.437447965145111084e-01 -4.206064939498901367e-01 -7.275192737579345703e-01 -9.049924090504646301e-03 9.188237786293029785e-01 -1.214788854122161865e-01 -2.838716804981231689e-01 -3.731620013713836670e-01 9.985278844833374023e-01 3.463567048311233521e-02 1.596705466508865356e-01 -9.266220778226852417e-02 1.478998512029647827e-01 -2.013657242059707642e-01 -9.999341964721679688e-01 -7.218753099441528320e-01 -1.731885224580764771e-01 1.658120900392532349e-01 8.723810911178588867e-01 4.028851166367530823e-02 -1.585704386234283447e-01 -9.862151741981506348e-01 9.907212257385253906e-01 7.380005121231079102e-01 4.104462452232837677e-03 7.482466697692871094e-01 9.948239922523498535e-01 9.999064207077026367e-01 -9.554171562194824219e-01 -9.778608679771423340e-01 -9.958677291870117188e-01 -1.516786664724349976e-01 -1.029933243989944458e-01 -3.571048676967620850e-01 1.287456452846527100e-01 -4.996408820152282715e-01 -8.833854198455810547e-01 -2.198479510843753815e-02 9.999215602874755859e-01 -8.486634492874145508e-01 9.905588030815124512e-01 -8.680536150932312012e-01 -1.142723634839057922e-01 4.874482378363609314e-02 -1.259531527757644653e-01 -1.579149812459945679e-01 -9.924447536468505859e-01 -1.770886927843093872e-01 2.585725300014019012e-02 -9.990446567535400391e-01 -8.621418476104736328e-01 9.888182878494262695e-01 9.989002943038940430e-01 1.108390986919403076e-01 -9.999361634254455566e-01 2.693215608596801758e-01 -8.971253633499145508e-01 -9.582631587982177734e-01 8.285465836524963379e-02 2.351964563131332397e-01 -5.564009025692939758e-02 8.874848484992980957e-02 9.675784111022949219e-01 3.533417880535125732e-01 -8.296525478363037109e-02 6.320721507072448730e-01 5.425138771533966064e-02 5.860276222229003906e-01 -7.599329948425292969e-01 -9.955704808235168457e-01 -1.398283690214157104e-01 4.344779849052429199e-01 -9.908860921859741211e-01 8.090581297874450684e-01 -3.685530722141265869e-01 9.922056198120117188e-01 -6.592949032783508301e-01 4.488724749535322189e-03 -9.948461055755615234e-01 9.443144202232360840e-01 -3.326212465763092041e-01 -1.945517957210540771e-01 -8.763149380683898926e-01 -3.936041295528411865e-01 -1.668972373008728027e-01 -1.625996232032775879e-01 9.704418182373046875e-01 6.050717234611511230e-01 8.994829058647155762e-01 7.165274769067764282e-02 3.171338438987731934e-01 -7.812224626541137695e-01 9.989039301872253418e-01 -9.990710616111755371e-01 -8.366965651512145996e-01 3.899605870246887207e-01 9.986478686332702637e-01 2.103475779294967651e-01 -1.098938733339309692e-01 9.958810806274414062e-01 -7.215846180915832520e-01 4.472171962261199951e-01 -9.954418540000915527e-01 9.868845343589782715e-01 4.912224113941192627e-01 8.580131083726882935e-02 -1.097525283694267273e-01 -3.287903368473052979e-01 9.816100597381591797e-01 1.873074844479560852e-02 -6.560474634170532227e-02 -3.631114214658737183e-02 -8.362255096435546875e-01 6.976665258407592773e-01 2.287663221359252930e-01 5.092400312423706055e-02 -1.569386273622512817e-01 1.061704456806182861e-01 -1.103561148047447205e-01 -6.005382537841796875e-01 9.999868869781494141e-01 6.712543219327926636e-02 3.698173463344573975e-01 -4.352593123912811279e-01 9.820597767829895020e-01 7.686743140220642090e-01 5.853418111801147461e-01 -8.931133747100830078e-01 -9.994201660156250000e-01 -9.443841576576232910e-01 3.902944624423980713e-01 -9.292016923427581787e-02 3.725930154323577881e-01 -5.145220458507537842e-02 9.943925738334655762e-01 9.962537288665771484e-01 8.852083086967468262e-01 -1.357741560786962509e-02 9.980328679084777832e-01 -9.021692276000976562e-01 9.537528157234191895e-01 -9.996145963668823242e-01 -9.571843147277832031e-01 -2.050318419933319092e-01 -2.935156226158142090e-04 9.977353811264038086e-01 9.927436709403991699e-01 -9.976301789283752441e-01 -6.340211629867553711e-01 1.625385284423828125e-01 9.984460473060607910e-01 2.617796659469604492e-01 -9.563628435134887695e-01 -9.964699149131774902e-01 -5.015235543251037598e-01 1.506874859333038330e-01 1.905901879072189331e-01 -4.461397230625152588e-01 -3.827289640903472900e-01 -1.673208177089691162e-02 1.039655134081840515e-02 6.291319727897644043e-01 1.435813214629888535e-02 9.994968175888061523e-01 9.918537735939025879e-01 -4.585620164871215820e-01 -6.174651384353637695e-01 9.238851666450500488e-01 -6.272256374359130859e-02 3.143633902072906494e-01 9.954456090927124023e-01 -3.019191324710845947e-01 -6.478052735328674316e-01 8.836476802825927734e-01 9.620025157928466797e-01 -2.920937836170196533e-01 -7.007348537445068359e-01 -9.480724111199378967e-03 -9.568373560905456543e-01 3.127839565277099609e-01 -9.805284142494201660e-01 -1.332316696643829346e-01 -9.978026151657104492e-01 1.190885156393051147e-01 8.283038139343261719e-01 5.338736176490783691e-01 3.876263797283172607e-01 1.449010223150253296e-01 -1.886758506298065186e-01 3.643247783184051514e-01 9.954002499580383301e-01 6.778359413146972656e-01 8.179410696029663086e-01 -3.036709129810333252e-01 7.255481183528900146e-02 -2.815896272659301758e-02 5.648390054702758789e-01 9.999995231628417969e-01 -9.685158133506774902e-01 8.949799537658691406e-01 9.739819169044494629e-01 2.219039648771286011e-01 9.982241988182067871e-01 -8.684202283620834351e-02 9.583399891853332520e-01 -1.716705709695816040e-01 2.193628400564193726e-01 -2.690910398960113525e-01 -1.069121211767196655e-01 2.837049402296543121e-02 9.994745850563049316e-01 -1.965235471725463867e-01 -7.126595079898834229e-02 -9.550861716270446777e-01 -6.518476009368896484e-01 9.698902368545532227e-01 -2.672410905361175537e-01 -9.594300985336303711e-01 4.362044334411621094e-01 -9.766988754272460938e-01 3.674825131893157959e-01 9.901806712150573730e-01 9.983015656471252441e-01 -9.959194064140319824e-01 -1.136717572808265686e-01 1.789040863513946533e-02 9.999737143516540527e-01 -1.320497691631317139e-01 -5.756208300590515137e-01 9.999789595603942871e-01 -5.508081242442131042e-02 -5.970584750175476074e-01 9.959765672683715820e-01 3.703608214855194092e-01 7.623440623283386230e-01 1.053444594144821167e-01 -9.373151659965515137e-01 -9.318297505378723145e-01 7.080019116401672363e-01 9.998255968093872070e-01 9.745137691497802734e-01 8.303023874759674072e-02 4.056930541992187500e-03 2.372611761093139648e-01 -9.996542334556579590e-01 -9.999750256538391113e-01 -9.994196295738220215e-01 2.888107299804687500e-02 2.843126058578491211e-01 9.239410161972045898e-01 9.955665469169616699e-01 -9.989275932312011719e-01 -2.143712490797042847e-01 9.419856071472167969e-01 3.433831632137298584e-01 9.871921539306640625e-01 9.992604255676269531e-01 -9.846280217170715332e-01 -6.676173806190490723e-01 9.962812066078186035e-01 -1.229497715830802917e-01 3.372544646263122559e-01 3.234267234802246094e-01 9.974398612976074219e-01 7.870815396308898926e-01 1.866425722837448120e-01 6.538089364767074585e-02 -8.598155379295349121e-01 2.726151645183563232e-01 9.993394613265991211e-01 5.174056887626647949e-01 3.528456687927246094e-01 -4.324189424514770508e-01 1.942985355854034424e-01 4.934940636157989502e-01 9.999489784240722656e-01 8.974212408065795898e-02 -9.928812384605407715e-01 -3.772180080413818359e-01 -9.358729720115661621e-01 3.742122650146484375e-02 -3.706213235855102539e-01 -9.849557876586914062e-01 3.193324208259582520e-01 -9.897475242614746094e-01 3.405790925025939941e-01 9.985984563827514648e-01 1.970371305942535400e-01 -3.376758471131324768e-02 9.488232135772705078e-01 -8.942649513483047485e-02 2.140460163354873657e-01 -5.972005128860473633e-01 6.232701539993286133e-01 -8.920835256576538086e-01 5.292383488267660141e-03 9.993860125541687012e-01 1.456246674060821533e-01 -4.583132863044738770e-01 9.519825577735900879e-01 7.232271879911422729e-02 7.806423306465148926e-01 9.709910154342651367e-01 9.999300241470336914e-01 3.949555754661560059e-02 1.800475642085075378e-02 6.483431458473205566e-01 -1.476793587207794189e-01 8.759793043136596680e-01 -2.585376501083374023e-01 9.621160030364990234e-01 -5.829217433929443359e-01 -1.787136122584342957e-02 -2.185259759426116943e-02 -2.103284597396850586e-01 5.972036719322204590e-02 -2.410686910152435303e-01 -9.328508377075195312e-01 -1.273391991853713989e-01 -2.092268615961074829e-01 -8.599250018596649170e-02 -9.610548615455627441e-01 -9.571264982223510742e-01 4.096276462078094482e-01 1.325832307338714600e-01 2.046018838882446289e-01 2.165836989879608154e-01 9.951433539390563965e-01 -3.616042435169219971e-01 5.319950729608535767e-02 5.385245084762573242e-01 -9.998179078102111816e-01 -8.892768993973731995e-03 1.454905271530151367e-01 1.271289587020874023e-01 2.188688218593597412e-01 9.551306962966918945e-01 5.665916576981544495e-02 -9.868974685668945312e-01 -4.727792367339134216e-02 9.943836927413940430e-01 8.615847826004028320e-01 3.909585773944854736e-01 6.109982728958129883e-02 1.280065923929214478e-01 -2.719694674015045166e-01 -3.144481182098388672e-01 -5.722941756248474121e-01 -9.999922513961791992e-01 -5.124502182006835938e-01 -1.066097915172576904e-01 -3.975252211093902588e-01 1.717562973499298096e-01 -3.265016973018646240e-01 9.985468983650207520e-01 -3.342830017209053040e-02 8.105602860450744629e-02 -8.453410267829895020e-01 8.395028710365295410e-01 -3.138133883476257324e-01 9.011077880859375000e-01 -9.969699978828430176e-01 -8.661690950393676758e-01 -4.176188111305236816e-01 -7.628100365400314331e-02 -9.991292953491210938e-01 3.007833659648895264e-01 9.929127693176269531e-01 -9.994641542434692383e-01 3.679407760500907898e-03 -9.497022032737731934e-01 3.577972650527954102e-01 -2.650457918643951416e-01 -6.515966057777404785e-01 -6.374385356903076172e-01 -9.839533567428588867e-01 -1.121250614523887634e-01 9.293528199195861816e-01 -6.783094257116317749e-03 9.929459095001220703e-01 1.572005450725555420e-01 -7.810104489326477051e-01 -4.304532334208488464e-02 2.227364331483840942e-01 -1.321925036609172821e-02 2.929398417472839355e-02 3.429874479770660400e-01 -9.992731809616088867e-01 9.896892309188842773e-01 -9.999414682388305664e-01 -8.501105904579162598e-01 2.208172976970672607e-01 -9.698424339294433594e-01 -9.782088398933410645e-01 -1.415251046419143677e-01 1.168682798743247986e-01 -7.593566924333572388e-02 -9.779217839241027832e-01 -9.990593791007995605e-01 3.562131822109222412e-01 -9.997728466987609863e-01 -9.972813129425048828e-01 -9.872717261314392090e-01 6.409502029418945312e-01 1.655981391668319702e-01 1.908569186925888062e-01 5.194420814514160156e-01 -1.137911230325698853e-01 1.367465555667877197e-01 8.856266736984252930e-01 8.141508698463439941e-02 3.931204080581665039e-01 5.006662607192993164e-01 -3.840299323201179504e-02 7.731849700212478638e-02 9.264973998069763184e-01 -3.852492272853851318e-01 2.932491600513458252e-01 -9.995149374008178711e-01 1.518800556659698486e-01 9.900913238525390625e-01 9.998504519462585449e-01 8.566059470176696777e-01 4.811626672744750977e-01 -9.999150633811950684e-01 -3.679751157760620117e-01 4.668287336826324463e-01 5.205644369125366211e-01 9.869797825813293457e-01 1.894785016775131226e-01 3.470820486545562744e-01 -9.901273250579833984e-01 -9.945804476737976074e-01 4.308375120162963867e-01 -8.836724758148193359e-01 9.990517497062683105e-01 -2.602481245994567871e-01 5.916163325309753418e-02 2.410251498222351074e-01 -1.419170643202960491e-03 1.849437952041625977e-01 -9.289335012435913086e-01 -9.605432748794555664e-01 -3.396829068660736084e-01 -3.718350827693939209e-02 2.330465167760848999e-01 5.826063454151153564e-02 -9.999996423721313477e-01 1.077319961041212082e-02 -7.045577168464660645e-01 1.473346799612045288e-01 7.695128209888935089e-03 1.965211927890777588e-01 9.328383952379226685e-03 -6.785713434219360352e-01 9.998472332954406738e-01 -9.863516092300415039e-01 2.238306254148483276e-01 1.176213175058364868e-01 -4.262909591197967529e-01 9.516754001379013062e-02 -9.937787652015686035e-01 7.446588277816772461e-01 3.042441904544830322e-01 1.983212381601333618e-01 6.355748325586318970e-02 -3.635545670986175537e-01 -8.246544003486633301e-01
-3.996441066265106201e-01 8.549886345863342285e-01 2.840040922164916992e-01 3.622669279575347900e-01 -2.579877674579620361e-01 9.298716187477111816e-01 9.988712072372436523e-01 -9.946800470352172852e-01 -2.126234769821166992e-02 -9.592995047569274902e-01 3.746261596679687500e-01 -8.529817461967468262e-01 8.476629853248596191e-01 -9.870178103446960449e-01 -8.786233067512512207e-01 -1.586423367261886597e-01 -1.037452742457389832e-01 3.407124578952789307e-01 -7.418254613876342773e-01 -1.449207812547683716e-01 4.100798368453979492e-01 1.771584302186965942e-01 7.917102575302124023e-01 -7.855862975120544434e-01 9.781426191329956055e-01 4.767727479338645935e-02 -1.276050955057144165e-01 -2.585335075855255127e-01 1.876906752586364746e-01 9.804123640060424805e-01 9.926822185516357422e-01 -1.359807252883911133e-01 3.497370183467864990e-01 1.080168411135673523e-01 -9.814741015434265137e-01 -2.588048577308654785e-01 -5.233716368675231934e-01 -1.077270805835723877e-01 9.221792221069335938e-01 -1.688026338815689087e-01 -3.561813011765480042e-02 1.074797064065933228e-01 2.181323617696762085e-01 -3.608211278915405273e-01 1.252371519804000854e-01 9.460902214050292969e-01 -3.301206827163696289e-01 -1.174307987093925476e-01 9.169741272926330566e-01 5.695192143321037292e-02 9.854207634925842285e-01 -4.782056212425231934e-01 9.897533655166625977e-01 -2.804569303989410400e-01 -3.032846152782440186e-01 -2.948696911334991455e-01 -2.382857352495193481e-01 -1.324347406625747681e-01 -9.973701238632202148e-01 -1.380689889192581177e-01 -1.351875532418489456e-02 6.090560182929039001e-02 9.774293303489685059e-01 1.414523720741271973e-01 -2.429890260100364685e-02 -9.959453940391540527e-01 8.481791615486145020e-01 7.077711224555969238e-01 1.179191246628761292e-01 4.737586379051208496e-01 9.105864167213439941e-01 9.593011736869812012e-01 1.584523171186447144e-01 -7.997096180915832520e-01 -9.954087138175964355e-01 -4.307675063610076904e-01 2.890183627605438232e-01 4.507015049457550049e-01 2.819046378135681152e-01 2.386264353990554810e-01 -9.396983981132507324e-01 2.319834828376770020e-01 9.968267679214477539e-01 -4.169079065322875977e-01 9.799591898918151855e-01 1.598680466413497925e-01 2.062434107065200806e-01 -1.342453509569168091e-01 -1.679760813713073730e-01 -1.139045804738998413e-01 -9.796366691589355469e-01 3.460703045129776001e-02 2.674157023429870605e-01 -9.969915151596069336e-01 -9.317514896392822266e-01 -8.061616420745849609e-01 6.363531351089477539e-01 2.376459538936614990e-01 -9.378383755683898926e-01 -2.049539536237716675e-01 -7.814500927925109863e-01 -9.933640360832214355e-01 -8.271243572235107422e-01 -1.712897866964340210e-01 1.244312599301338196e-01 2.337646037340164185e-01 8.866858482360839844e-01 4.421123564243316650e-01 -1.468544751405715942e-01 -8.451542258262634277e-01 -4.802321083843708038e-03 3.654605150222778320e-01 3.731346456333994865e-03 -9.820725917816162109e-01 -2.084566801786422729e-01 1.195293590426445007e-01 -8.614356815814971924e-02 8.666253685951232910e-01 -1.872776895761489868e-01 9.991601705551147461e-01 -9.031692147254943848e-01 4.666331708431243896e-01 -9.830316901206970215e-01 9.977230429649353027e-01 -2.123986631631851196e-01 -4.379855692386627197e-01 9.725869894027709961e-01 -3.664970025420188904e-02 -4.628478884696960449e-01 -1.684071868658065796e-01 9.347093105316162109e-01 9.935731887817382812e-01 -6.099521517753601074e-01 3.852558135986328125e-01 1.631975173950195312e-02 -1.963376998901367188e-01 9.868391752243041992e-01 -9.961180090904235840e-01 5.250071287155151367e-01 1.312522888183593750e-01 9.998744726181030273e-01 3.799544274806976318e-02 -1.909556686878204346e-01 9.348403811454772949e-01 -2.699992954730987549e-01 3.534239903092384338e-02 -8.829965591430664062e-01 9.624302983283996582e-01 4.324145615100860596e-01 -2.022014260292053223e-01 -1.349595487117767334e-01 -1.083193812519311905e-02 9.551972150802612305e-01 -1.106571499258279800e-02 -2.902757823467254639e-01 1.528148800134658813e-01 -9.635535478591918945e-01 9.106269478797912598e-01 1.710355877876281738e-01 1.361909974366426468e-02 -5.499553084373474121e-01 -3.545597568154335022e-02 -1.929143518209457397e-01 -7.363469600677490234e-01 9.995027184486389160e-01 1.295949667692184448e-01 -2.711953222751617432e-01 -4.888182282447814941e-01 8.176311850547790527e-01 9.875789284706115723e-01 2.387809455394744873e-01 -5.975564718246459961e-01 -9.688046574592590332e-01 -9.827541708946228027e-01 2.528902888298034668e-01 6.554827839136123657e-02 8.379732370376586914e-01 1.143337860703468323e-01 9.998060464859008789e-01 9.779759645462036133e-01 9.485948085784912109e-01 1.456063389778137207e-01 9.977707862854003906e-01 -9.626392722129821777e-01 9.950854182243347168e-01 -9.979907870292663574e-01 -3.924537897109985352e-01 -5.102143883705139160e-01 2.610888183116912842e-01 -1.482801735401153564e-01 9.588603973388671875e-01 -8.450756072998046875e-01 -9.367772340774536133e-01 8.809345215559005737e-02 9.599686264991760254e-01 9.752395004034042358e-02 -9.478120207786560059e-01 -9.833914637565612793e-01 -9.875432252883911133e-01 1.513208448886871338e-01 3.541706502437591553e-01 -4.566146433353424072e-01 -3.327272236347198486e-01 -5.179521813988685608e-02 2.824679613113403320e-01 -4.916879907250404358e-02 -5.370780825614929199e-02 -3.886179625988006592e-01 5.972465276718139648e-01 -2.950060665607452393e-01 3.366404026746749878e-02 7.581701278686523438e-01 1.655633002519607544e-01 3.686673045158386230e-01 9.777331352233886719e-01 -9.217395186424255371e-01 7.133219838142395020e-01 8.958023190498352051e-01 9.786264896392822266e-01 -1.682077720761299133e-02 -8.995395302772521973e-01 -3.063955605030059814e-01 -1.436792761087417603e-01 -4.512024670839309692e-02 8.999251127243041992e-01 1.111897528171539307e-01 -9.851939082145690918e-01 -1.916020661592483521e-01 -9.357842057943344116e-02 9.884057641029357910e-01 4.095062017440795898e-01 4.026576131582260132e-02 -1.334665268659591675e-01 4.225700795650482178e-01 9.852399826049804688e-01 4.370529055595397949e-01 -6.001064181327819824e-01 -1.312231458723545074e-02 2.349337637424468994e-01 4.898671805858612061e-01 6.848834156990051270e-01 9.998290538787841797e-01 -6.515724956989288330e-02 5.076311230659484863e-01 9.883848428726196289e-01 2.575232982635498047e-01 7.414807677268981934e-01 9.939145296812057495e-02 1.976402848958969116e-01 -3.546864986419677734e-01 4.817735850811004639e-01 1.329809129238128662e-01 -3.338041901588439941e-01 5.600964277982711792e-02 9.969268441200256348e-01 -2.187428474426269531e-01 -3.955393731594085693e-01 -9.991199374198913574e-01 -4.749615490436553955e-01 8.437695503234863281e-01 9.799342602491378784e-02 -4.076059162616729736e-01 -1.059286817908287048e-01 -9.543386101722717285e-01 -1.244246144779026508e-03 9.547826051712036133e-01 9.955094456672668457e-01 -2.081018090248107910e-01 5.659406632184982300e-02 -2.975732684135437012e-01 9.540005326271057129e-01 8.471740037202835083e-02 -3.041840195655822754e-01 9.923100471496582031e-01 -5.527608394622802734e-01 -9.908590912818908691e-01 9.008312225341796875e-01 -9.709339588880538940e-02 7.375950217247009277e-01 6.103921532630920410e-01 -9.987906813621520996e-01 -9.902786016464233398e-01 9.164633154869079590e-01 9.810924530029296875e-01 9.964695572853088379e-01 3.812711685895919800e-02 1.311913877725601196e-01 3.879230618476867676e-01 -9.992612600326538086e-01 -9.981290698051452637e-01 -6.182640790939331055e-01 1.007155776023864746e-01 6.057689338922500610e-02 1.760338693857192993e-01 9.917646646499633789e-01 -9.136323332786560059e-01 1.463971436023712158e-01 9.197037816047668457e-01 6.274313479661941528e-02 9.910600185394287109e-01 9.842134714126586914e-01 -8.514140248298645020e-01 -3.718116283416748047e-01 8.038626909255981445e-01 -2.428022772073745728e-01 8.413153141736984253e-02 5.122046470642089844e-01 9.481701850891113281e-01 -6.156873106956481934e-01 1.167533248662948608e-01 -2.669166922569274902e-01 -8.920205235481262207e-01 2.082132399082183838e-01 9.429834485054016113e-01 2.097564935684204102e-01 -1.184464544057846069e-01 3.156300634145736694e-02 1.223067417740821838e-01 3.647077679634094238e-01 9.845772981643676758e-01 -2.676346004009246826e-01 8.879014849662780762e-01 -2.481838613748550415e-01 6.418612003326416016e-01 -5.162877440452575684e-01 -3.527462482452392578e-01 2.261494845151901245e-01 4.319577515125274658e-01 -9.794555902481079102e-01 2.212107628583908081e-01 9.998812675476074219e-01 1.294156014919281006e-01 -2.836425788700580597e-02 -7.656467556953430176e-01 1.398158222436904907e-01 -4.499325901269912720e-02 2.587709017097949982e-02 -8.830782771110534668e-01 -9.848316311836242676e-01 -5.917929857969284058e-02 9.811498522758483887e-01 1.239198744297027588e-01 -1.911551058292388916e-01 9.951229691505432129e-01 -6.253871321678161621e-01 -9.730751514434814453e-01 7.269462347030639648e-01 9.997645020484924316e-01 1.910668164491653442e-01 8.689752221107482910e-01 5.474403500556945801e-01 3.880473971366882324e-01 -1.397336274385452271e-01 7.374726980924606323e-02 9.783639311790466309e-01 -2.099495083093643188e-01 3.592789173126220703e-01 -2.324290424585342407e-01 -1.691714227199554443e-01 3.897100985050201416e-01 -9.978572130203247070e-01 -9.726352095603942871e-01 -2.384875565767288208e-01 -6.094975769519805908e-02 -2.432260215282440186e-01 -8.552387356758117676e-01 -9.819966554641723633e-01 4.120711684226989746e-01 2.253077328205108643e-01 4.050649702548980713e-02 6.689494848251342773e-02 9.885227084159851074e-01 -3.014573156833648682e-01 1.220629885792732239e-01 -6.495288014411926270e-01 -9.952794313430786133e-01 -3.462292021140456200e-03 2.201009541749954224e-01 1.246815994381904602e-01 -3.068573176860809326e-01 6.268594861030578613e-01 -3.448546528816223145e-01 -4.301497936248779297e-01 -1.425752229988574982e-02 9.978818893432617188e-01 9.339705705642700195e-01 6.820157766342163086e-01 -2.583228051662445068e-02 9.920340180397033691e-01 5.342636629939079285e-02 -8.560597151517868042e-02 6.956424117088317871e-01 -9.935954809188842773e-01 2.848224639892578125e-01 1.777106337249279022e-02 -3.649328276515007019e-02 -4.954643920063972473e-02 -7.818152904510498047e-01 9.911390542984008789e-01 -1.138878613710403442e-01 -4.481372833251953125e-01 -1.246237680315971375e-01 8.811017870903015137e-01 -4.702940285205841064e-01 9.874962568283081055e-01 -9.631930589675903320e-01 -9.680530428886413574e-01 -7.711941003799438477e-02 1.157739683985710144e-01 -9.591366648674011230e-01 -9.362685680389404297e-01 9.740761518478393555e-01 -9.823210239410400391e-01 3.892167657613754272e-02 -1.134936437010765076e-01 3.278716504573822021e-01 -6.423700600862503052e-03 -8.843884468078613281e-01 -1.906017586588859558e-02 -7.680278420448303223e-01 -1.267401427030563354e-01 8.840122222900390625e-01 2.618609070777893066e-01 9.967195391654968262e-01 4.018228948116302490e-01 -9.057803153991699219e-01 3.737987279891967773e-01 4.340005218982696533e-01 2.593429684638977051e-01 -4.058299213647842407e-02 3.539852499961853027e-01 -9.832007884979248047e-01 3.865441381931304932e-01 -9.888579249382019043e-01 -4.530552327632904053e-01 1.968240141868591309e-01 -8.629448413848876953e-01 -6.853089332580566406e-01 -2.193982303142547607e-01 -2.831073105335235596e-01 8.072076737880706787e-02 -6.934062838554382324e-01 -8.907220363616943359e-01 1.684566400945186615e-02 -6.940566301345825195e-01 -5.622465610504150391e-01 -9.950485825538635254e-01 2.609672248363494873e-01 -6.162407994270324707e-01 6.379620730876922607e-02 5.763247609138488770e-01 -9.227292239665985107e-02 1.929132789373397827e-01 9.455081820487976074e-01 3.062596917152404785e-01 9.975523948669433594e-01 1.079048737883567810e-01 -2.731486558914184570e-01 -1.154341027140617371e-01 7.361788749694824219e-01 -9.221500158309936523e-01 1.381994485855102539e-01 -9.786232113838195801e-01 2.241946458816528320e-01 9.733176231384277344e-01 9.402069449424743652e-01 9.349728822708129883e-01 9.962415099143981934e-01 -9.958839416503906250e-01 -5.547279715538024902e-01 2.216940522193908691e-01 5.442090034484863281e-01 8.494702577590942383e-01 2.048614323139190674e-01 2.006835043430328369e-01 -9.839190840721130371e-01 -8.471240997314453125e-01 4.368270039558410645e-01 -9.988223910331726074e-01 9.681268930435180664e-01 -5.460952222347259521e-02 3.750378265976905823e-02 -2.125784456729888916e-01 -8.473986387252807617e-02 1.884579062461853027e-01 -2.103567868471145630e-01 -9.777182340621948242e-01 -7.871952056884765625e-01 -2.679561376571655273e-01 -2.095619589090347290e-01 -2.939245402812957764e-01 -9.999222755432128906e-01 -5.656963586807250977e-01 -7.853694558143615723e-01 3.034864366054534912e-01 -5.953457206487655640e-03 -6.540258228778839111e-02 5.810824036598205566e-02 3.243944942951202393e-01 9.985983967781066895e-01 -5.369939804077148438e-01 1.388303935527801514e-04 5.315324068069458008e-01 -3.390452265739440918e-01 -2.688640654087066650e-01 -7.356948256492614746e-01 1.421560794115066528e-01 7.970039546489715576e-02 4.382411241531372070e-01 -3.898118389770388603e-03 -3.505803048610687256e-01 -2.426717877388000488e-01
9.932952523231506348e-01 -5.008794665336608887e-01 4.075945019721984863e-01 4.927325621247291565e-02 -5.563004016876220703e-01 9.949572086334228516e-01 9.995089769363403320e-01 -9.714395403861999512e-01 -2.885537920519709587e-03 -9.970047473907470703e-01 1.916467249393463135e-01 -9.660788178443908691e-01 6.675845980644226074e-01 -9.587464928627014160e-01 -7.094783186912536621e-01 -3.706452846527099609e-01 1.940689422190189362e-02 8.206814527511596680e-02 -5.227942466735839844e-01 -5.173293948173522949e-01 5.465286374092102051e-01 3.926493823528289795e-01 -1.496308296918869019e-01 4.724940955638885498e-01 9.806456565856933594e-01 9.533220529556274414e-01 -2.060112357139587402e-01 -6.988180428743362427e-02 -8.923298865556716919e-02 7.055243849754333496e-01 9.545099139213562012e-01 -6.847657263278961182e-02 2.371575981378555298e-01 3.327713310718536377e-01 -9.952846765518188477e-01 -2.437902837991714478e-01 -6.602035760879516602e-01 -4.467229247093200684e-01 9.808885455131530762e-01 -2.868708372116088867e-01 3.230248764157295227e-02 -1.393446624279022217e-01 1.821083873510360718e-01 -9.980284571647644043e-01 -1.621161550283432007e-01 8.215169906616210938e-01 -9.260377287864685059e-01 -9.124009869992733002e-03 4.795638024806976318e-01 -9.887444972991943359e-02 9.583821892738342285e-01 -3.469664976000785828e-02 9.786189198493957520e-01 -9.997659176588058472e-02 -5.773221850395202637e-01 1.600026711821556091e-02 -5.447929352521896362e-02 -1.496369987726211548e-01 -9.997956156730651855e-01 -9.922336935997009277e-01 8.462927490472793579e-02 1.899107992649078369e-01 9.886440634727478027e-01 5.771300569176673889e-02 -3.239257037639617920e-01 -9.888885617256164551e-01 5.989871621131896973e-01 5.018454194068908691e-01 9.549861773848533630e-03 7.792046070098876953e-01 9.627704024314880371e-01 9.982720613479614258e-01 -8.563128113746643066e-01 -6.349398493766784668e-01 -9.684710502624511719e-01 -6.204554438591003418e-01 3.114197254180908203e-01 9.859558939933776855e-01 1.751981228590011597e-01 -1.005040630698204041e-01 -9.861138463020324707e-01 2.952789962291717529e-01 9.839136004447937012e-01 -6.536559462547302246e-01 8.562625646591186523e-01 -8.113228082656860352e-01 9.276746213436126709e-02 2.256006598472595215e-01 2.069183737039566040e-01 1.515709459781646729e-01 -9.410082697868347168e-01 -6.336634606122970581e-02 4.838349223136901855e-01 -9.819089174270629883e-01 -9.341782927513122559e-01 -3.881409391760826111e-02 8.806726336479187012e-01 1.267574876546859741e-01 -9.984303712844848633e-01 -3.609182834625244141e-01 -3.076573610305786133e-01 -8.095793128013610840e-01 -7.241861820220947266e-01 -3.074064850807189941e-01 2.224059402942657471e-01 3.375527262687683105e-01 8.429275751113891602e-01 4.690735042095184326e-01 -3.330149650573730469e-01 -9.054990410804748535e-01 -1.102536618709564209e-01 3.445861339569091797e-01 6.663582324981689453e-01 -9.605126380920410156e-01 -2.378901839256286621e-01 3.168571293354034424e-01 -8.789710402488708496e-01 9.701406359672546387e-01 3.045713715255260468e-02 9.898906946182250977e-01 -9.626051783561706543e-01 2.779515385627746582e-01 -9.721670150756835938e-01 9.984536170959472656e-01 -4.430232942104339600e-02 -2.432069629430770874e-01 2.983657121658325195e-01 4.282147157937288284e-03 -2.322209924459457397e-01 -3.014864027500152588e-01 9.939992427825927734e-01 9.724404215812683105e-01 6.227307915687561035e-01 1.217294782400131226e-01 1.717445552349090576e-01 -9.495909810066223145e-01 9.879944920539855957e-01 -9.906323552131652832e-01 1.266867816448211670e-01 -1.700651943683624268e-01 9.999824166297912598e-01 -3.462907299399375916e-02 -9.825287759304046631e-02 6.909858584403991699e-01 -2.039600461721420288e-01 8.550263643264770508e-01 -9.354185461997985840e-01 9.995068907737731934e-01 -9.015327095985412598e-01 -4.793749153614044189e-01 -2.137062400579452515e-01 2.539461851119995117e-01 9.126333594322204590e-01 -2.635861933231353760e-01 -6.693967431783676147e-02 -1.817286312580108643e-01 -4.967296123504638672e-01 9.202495813369750977e-01 -1.397913545370101929e-01 -1.632182449102401733e-01 -2.386947721242904663e-01 -2.633535563945770264e-01 -1.140204817056655884e-01 -3.383790552616119385e-01 9.999642372131347656e-01 5.126663446426391602e-01 -5.512014031410217285e-02 -4.047327339649200439e-01 9.792215824127197266e-01 2.895508408546447754e-01 -7.148121297359466553e-02 -9.045747518539428711e-01 -9.952589273452758789e-01 -7.551464438438415527e-01 8.096967637538909912e-02 -2.368323355913162231e-01 -1.691008806228637695e-01 1.468426883220672607e-01 9.970452785491943359e-01 9.985512495040893555e-01 9.917887449264526367e-01 1.684462726116180420e-01 9.342806935310363770e-01 -5.551115870475769043e-01 7.141304016113281250e-01 -9.803338050842285156e-01 -7.247480154037475586e-01 -1.423055529594421387e-01 2.856623530387878418e-01 8.164449930191040039e-01 2.331606447696685791e-01 -9.589473605155944824e-01 -9.431117773056030273e-01 2.641095519065856934e-01 9.798392057418823242e-01 3.753693774342536926e-02 -9.971171021461486816e-01 -9.160531163215637207e-01 -1.584074646234512329e-01 4.719614982604980469e-01 3.544801771640777588e-01 -2.264138162136077881e-01 -6.082605719566345215e-01 2.783401012420654297e-01 1.461534053087234497e-01 9.113474488258361816e-01 3.468054234981536865e-01 8.878941535949707031e-01 9.841997027397155762e-01 2.099806629121303558e-02 -4.242718815803527832e-01 -5.280436873435974121e-01 -9.515882283449172974e-02 5.245626568794250488e-01 9.854693412780761719e-01 -9.978893995285034180e-01 4.410948753356933594e-01 9.638913273811340332e-01 7.467028498649597168e-01 4.175578057765960693e-02 -9.645715355873107910e-01 -9.582971036434173584e-02 -7.515503168106079102e-01 3.049957752227783203e-01 -8.376864790916442871e-01 -8.186268210411071777e-01 -9.682083725929260254e-01 8.162146550603210926e-04 -7.288624048233032227e-01 9.965931773185729980e-01 3.112237453460693359e-01 1.774898022413253784e-01 7.405271381139755249e-02 1.020593643188476562e-01 8.836573958396911621e-01 4.950826764106750488e-01 -8.739026188850402832e-01 -3.583255410194396973e-01 2.753718495368957520e-01 2.994289100170135498e-01 9.316363930702209473e-01 9.999599456787109375e-01 -1.362114995718002319e-01 8.855729103088378906e-01 8.802882432937622070e-01 1.904029101133346558e-01 9.518532156944274902e-01 2.259699255228042603e-01 6.687825322151184082e-01 -4.275921583175659180e-01 4.038560092449188232e-01 8.167994022369384766e-02 5.893427133560180664e-02 -2.041863650083541870e-02 9.981470108032226562e-01 -1.867446899414062500e-01 -5.284261703491210938e-01 -9.989486932754516602e-01 4.836041107773780823e-02 1.795804947614669800e-01 3.214896619319915771e-01 -9.980536103248596191e-01 1.486325077712535858e-02 -7.377907633781433105e-01 5.980531498789787292e-02 9.762287735939025879e-01 9.701322317123413086e-01 -5.617752671241760254e-01 1.400488168001174927e-01 -1.423166692256927490e-01 9.888725280761718750e-01 1.202084347605705261e-01 -9.629536271095275879e-01 9.998897910118103027e-01 -4.926010966300964355e-01 -9.907823801040649414e-01 8.820810317993164062e-01 -3.228410184383392334e-01 9.714283943176269531e-01 3.176814317703247070e-01 -9.726140499114990234e-01 -9.007958769798278809e-01 9.081455469131469727e-01 9.965885281562805176e-01 5.756782889366149902e-01 -3.675442636013031006e-01 -2.683813571929931641e-01 2.077268511056900024e-01 -9.969758391380310059e-01 -9.985501170158386230e-01 7.545962184667587280e-02 3.974869549274444580e-01 2.398043870925903320e-01 8.062274456024169922e-01 9.960734844207763672e-01 -9.745672941207885742e-01 2.462848648428916931e-02 6.441303491592407227e-01 -1.883069276809692383e-01 9.971728324890136719e-01 9.979962110519409180e-01 -9.974770545959472656e-01 -3.626057878136634827e-02 9.903903603553771973e-01 -7.191611826419830322e-02 -2.623741142451763153e-02 -2.464063018560409546e-01 8.866155147552490234e-01 -9.671095013618469238e-01 3.523825705051422119e-01 8.237753063440322876e-02 -9.451274871826171875e-01 9.473965317010879517e-02 9.943490028381347656e-01 9.768834710121154785e-01 3.129434287548065186e-01 -8.824281394481658936e-02 -3.662430644035339355e-01 8.182863891124725342e-02 9.997290968894958496e-01 6.957304477691650391e-02 8.062219619750976562e-01 -2.196766585111618042e-01 -8.144576549530029297e-01 -3.196507692337036133e-01 -4.786029160022735596e-01 -7.067025303840637207e-01 8.102435469627380371e-01 -7.932864427566528320e-01 2.494551390409469604e-01 9.942380189895629883e-01 -1.426210403442382812e-01 -3.090476393699645996e-01 -3.151457309722900391e-01 1.750035136938095093e-01 -3.821425884962081909e-02 3.127793073654174805e-01 -8.820036649703979492e-01 -7.581731677055358887e-01 2.667853236198425293e-01 9.980384111404418945e-01 -1.479482203722000122e-01 4.688321799039840698e-02 9.774041771888732910e-01 -8.741010427474975586e-01 -5.860897898674011230e-01 6.752490401268005371e-01 9.998229146003723145e-01 -2.420593202114105225e-01 8.810449838638305664e-01 3.840378820896148682e-01 -2.744053900241851807e-01 9.448097348213195801e-01 3.201856911182403564e-01 7.460498809814453125e-01 4.480731207877397537e-03 3.649001568555831909e-02 -1.011175513267517090e-01 3.999632969498634338e-02 2.659214138984680176e-01 -9.994196295738220215e-01 -6.837587356567382812e-01 -3.866517841815948486e-01 -1.410140246152877808e-01 2.315633185207843781e-02 -9.900929927825927734e-01 -7.050898671150207520e-01 5.669201612472534180e-01 1.145844981074333191e-01 2.483453899621963501e-01 9.201243519783020020e-02 9.808598160743713379e-01 9.272536262869834900e-03 5.316443443298339844e-01 6.845751404762268066e-01 -9.980647563934326172e-01 2.889516651630401611e-01 4.281586706638336182e-01 1.667914390563964844e-01 -1.315125524997711182e-01 7.641014456748962402e-01 2.671065330505371094e-01 -6.517215371131896973e-01 9.576415270566940308e-02 9.994032382965087891e-01 -2.718987762928009033e-01 2.463179081678390503e-01 -6.692015379667282104e-02 8.376848101615905762e-01 1.503060460090637207e-01 -2.372471988201141357e-01 2.870423197746276855e-01 -9.996114373207092285e-01 -3.810365796089172363e-01 -9.909893572330474854e-02 1.229570284485816956e-01 -3.749450445175170898e-01 -5.984148979187011719e-01 9.976245164871215820e-01 -1.247016638517379761e-01 -3.011118061840534210e-02 -5.368267893791198730e-01 -2.574484646320343018e-01 -4.281020760536193848e-01 9.726285934448242188e-01 -9.881922006607055664e-01 -5.800682902336120605e-01 -9.175804443657398224e-03 2.232784330844879150e-01 -9.869046807289123535e-01 1.673248410224914551e-01 9.396761059761047363e-01 -9.198725223541259766e-01 6.843577325344085693e-02 -3.576589822769165039e-01 4.393683671951293945e-01 1.705199331045150757e-01 -7.806963920593261719e-01 -3.741937279701232910e-01 -9.965910911560058594e-01 2.144458442926406860e-01 7.382794618606567383e-01 3.346199095249176025e-01 9.895972609519958496e-01 3.816697597503662109e-01 -8.705736398696899414e-01 1.049036979675292969e-01 -8.534756302833557129e-02 3.944782540202140808e-02 -9.547565132379531860e-02 -3.556581437587738037e-01 -9.989959001541137695e-01 4.065514504909515381e-01 -9.999240040779113770e-01 -9.696508646011352539e-01 1.116220653057098389e-01 -8.917631506919860840e-01 -1.717523336410522461e-01 -1.814585328102111816e-01 -1.529961526393890381e-01 1.203236654400825500e-01 -9.368613958358764648e-01 -5.328537225723266602e-01 5.735670924186706543e-01 -9.000715613365173340e-01 -9.843750596046447754e-01 -9.817783832550048828e-01 5.327809453010559082e-01 -2.570743858814239502e-01 4.788003861904144287e-03 3.321545124053955078e-01 1.237826719880104065e-01 2.540750801563262939e-01 9.990220069885253906e-01 5.256034731864929199e-01 9.974138140678405762e-01 8.503436110913753510e-03 -5.475025251507759094e-02 -8.166383951902389526e-03 9.753364920616149902e-01 7.347803115844726562e-01 3.051801919937133789e-01 -9.974465370178222656e-01 -8.882947266101837158e-02 8.152350783348083496e-01 9.911408424377441406e-01 8.924213647842407227e-01 9.981136322021484375e-01 -9.954754114151000977e-01 -4.767393469810485840e-01 1.612302511930465698e-01 4.736628830432891846e-01 7.272073030471801758e-01 -1.153000593185424805e-01 1.624855697154998779e-01 -9.987883567810058594e-01 -9.994094967842102051e-01 4.687874615192413330e-01 -9.897172451019287109e-01 9.988645911216735840e-01 -1.874589174985885620e-01 1.629255414009094238e-01 4.714252427220344543e-03 2.749471068382263184e-01 3.949477970600128174e-01 -9.875709414482116699e-01 -9.914267063140869141e-01 -4.760923087596893311e-01 -3.879283964633941650e-01 -1.029101535677909851e-01 -8.806188404560089111e-02 -9.999814033508300781e-01 -9.851850867271423340e-01 -2.676809728145599365e-01 4.754601716995239258e-01 -1.038507893681526184e-01 -1.846370100975036621e-02 2.953400611877441406e-01 9.596944451332092285e-01 9.987508058547973633e-01 -7.331820130348205566e-01 -3.380165100097656250e-01 3.639770150184631348e-01 -3.557548820972442627e-01 -4.787980318069458008e-01 -6.862348318099975586e-01 1.898434385657310486e-02 -5.376279354095458984e-01 3.947334885597229004e-01 -1.517169028520584106e-01 -3.085025548934936523e-01 -4.300433397293090820e-01
-6.339811086654663086e-01 4.114284217357635498e-01 2.662395238876342773e-01 3.970686793327331543e-01 -4.855577349662780762e-01 7.451280355453491211e-01 9.978051781654357910e-01 -5.684669017791748047e-01 -3.104143738746643066e-01 -8.770150542259216309e-01 2.950567007064819336e-01 -9.823166728019714355e-01 9.984419345855712891e-01 -8.621094822883605957e-01 -9.555665254592895508e-01 1.784014105796813965e-01 2.303644865751266479e-01 2.248978316783905029e-01 -7.004558444023132324e-01 -1.254874616861343384e-01 6.428784132003784180e-01 1.935875713825225830e-01 8.756765127182006836e-01 -9.904813766479492188e-01 9.939519762992858887e-01 5.724850296974182129e-01 -4.036231338977813721e-02 -6.849415302276611328e-01 3.563970327377319336e-02 9.999571442604064941e-01 9.472383260726928711e-01 -5.345394611358642578e-01 2.564411461353302002e-01 -1.440673768520355225e-01 -7.596994638442993164e-01 -3.245256245136260986e-01 -4.879444241523742676e-01 -1.043941006064414978e-01 9.681168794631958008e-01 -1.694152504205703735e-01 -4.384100139141082764e-01 -5.140802860260009766e-01 3.186625838279724121e-01 -9.793065786361694336e-01 2.642964124679565430e-01 9.944047331809997559e-01 -9.499781131744384766e-01 -1.342305392026901245e-01 -4.457134008407592773e-01 -1.302010416984558105e-01 9.707311391830444336e-01 5.271953344345092773e-02 9.618923068046569824e-01 -5.079755783081054688e-01 9.478700160980224609e-01 4.465612471103668213e-01 8.354195207357406616e-02 -1.187086999416351318e-01 -9.716258645057678223e-01 7.848755121231079102e-01 -1.943201124668121338e-01 1.672261208295822144e-01 9.701348543167114258e-01 1.109964251518249512e-01 4.539282023906707764e-01 -9.977869391441345215e-01 1.824675202369689941e-01 9.265587329864501953e-01 -2.587243020534515381e-01 -5.833418965339660645e-01 7.459995746612548828e-01 8.090791702270507812e-01 5.419006943702697754e-01 -9.697773456573486328e-01 -8.850566148757934570e-01 5.551814287900924683e-02 1.334232389926910400e-01 -2.933917343616485596e-01 -6.375207006931304932e-02 -2.852183878421783447e-01 -1.830663979053497314e-01 -2.625662088394165039e-01 9.995222687721252441e-01 -9.158126115798950195e-01 9.997515678405761719e-01 -9.977810978889465332e-01 1.737956255674362183e-01 -8.433101326227188110e-02 -5.316387414932250977e-01 2.121157497167587280e-01 -9.981992840766906738e-01 -1.118034422397613525e-01 8.480390310287475586e-01 -5.561074018478393555e-01 -6.742690801620483398e-01 -2.492172643542289734e-03 9.842121601104736328e-01 -2.615650296211242676e-01 -8.533306121826171875e-01 -7.850290834903717041e-02 9.326729178428649902e-01 -7.656415700912475586e-01 3.645077943801879883e-01 -5.478864312171936035e-01 -4.126426950097084045e-02 -3.696282207965850830e-01 7.262600660324096680e-01 5.180776715278625488e-01 -5.891185402870178223e-01 -7.085309028625488281e-01 -1.177353337407112122e-01 9.235546588897705078e-01 -5.484346300363540649e-02 -9.993615150451660156e-01 -5.818577408790588379e-01 -3.666169941425323486e-03 -3.033103644847869873e-01 9.913246631622314453e-01 2.968353033065795898e-01 9.837346076965332031e-01 -6.526612043380737305e-01 -3.951997458934783936e-01 -9.907547235488891602e-01 9.883514046669006348e-01 -3.735650181770324707e-01 -3.552553653717041016e-01 -9.621124267578125000e-01 -4.236114323139190674e-01 -8.048173189163208008e-01 -7.654061913490295410e-01 7.763710618019104004e-01 7.862319946289062500e-01 6.327557563781738281e-01 3.227917850017547607e-01 6.321095824241638184e-01 -9.197781682014465332e-01 8.943011164665222168e-01 -9.979357719421386719e-01 9.850212335586547852e-01 2.140062749385833740e-01 9.961869120597839355e-01 3.521526455879211426e-01 -5.944070816040039062e-01 6.984657645225524902e-01 -2.624793946743011475e-01 -5.746671557426452637e-01 -9.275247454643249512e-01 9.857449531555175781e-01 9.867501258850097656e-01 -1.713125705718994141e-01 -3.404690623283386230e-01 -4.924046620726585388e-02 9.489364027976989746e-01 -4.967166483402252197e-01 2.073164284229278564e-01 -5.308914184570312500e-01 -9.998175501823425293e-01 -9.088811874389648438e-01 -5.074384063482284546e-02 -1.247569103725254536e-03 -6.086956262588500977e-01 -9.924059361219406128e-02 -2.305569052696228027e-01 -7.229986786842346191e-01 9.991550445556640625e-01 -2.833837866783142090e-01 -4.641653001308441162e-01 -6.076667904853820801e-01 9.759056568145751953e-01 -6.542722880840301514e-02 4.704754352569580078e-01 -9.898636341094970703e-01 -9.463201761245727539e-01 -9.999518990516662598e-01 8.638802766799926758e-01 6.779411435127258301e-01 -9.673929214477539062e-01 -5.183986574411392212e-02 9.970554709434509277e-01 9.992750883102416992e-01 9.987465739250183105e-01 -6.287707090377807617e-01 9.968740344047546387e-01 -9.959021806716918945e-01 -2.809093892574310303e-01 -6.462521553039550781e-01 -8.532211780548095703e-01 -3.215280175209045410e-01 5.525320768356323242e-01 5.941976308822631836e-01 -7.539641261100769043e-01 -8.180291056632995605e-01 -6.983054876327514648e-01 1.555707901716232300e-01 9.340018033981323242e-01 -3.840606510639190674e-01 -7.048580050468444824e-01 -9.997184872627258301e-01 -9.709756374359130859e-01 -2.404816597700119019e-01 -6.718184798955917358e-02 1.408270746469497681e-01 9.010103344917297363e-01 5.120524764060974121e-01 -5.876761674880981445e-01 -9.368085265159606934e-01 -3.473892211914062500e-01 9.775390625000000000e-01 7.315993309020996094e-01 -3.043569922447204590e-01 7.082042098045349121e-01 -8.315684795379638672e-01 5.097551345825195312e-01 8.127560615539550781e-01 9.978817701339721680e-01 6.227067112922668457e-01 9.936783313751220703e-01 6.895999908447265625e-01 9.999313354492187500e-01 -2.132160663604736328e-01 -9.854103326797485352e-01 -3.226401209831237793e-01 9.116418361663818359e-01 1.753367483615875244e-01 1.758216768503189087e-01 -9.017779231071472168e-01 -9.988895058631896973e-01 3.715194761753082275e-04 9.004763960838317871e-01 9.984467625617980957e-01 3.637023866176605225e-01 -3.851398527622222900e-01 -5.167873501777648926e-01 7.087135314941406250e-01 9.924629330635070801e-01 5.687055587768554688e-01 6.165204048156738281e-01 -6.123922467231750488e-01 5.322225093841552734e-01 9.439064562320709229e-02 5.468347072601318359e-01 9.991793632507324219e-01 -9.814365506172180176e-01 9.047786593437194824e-01 9.997638463973999023e-01 3.462907373905181885e-01 8.347772359848022461e-01 8.592025190591812134e-02 4.254178702831268311e-01 5.609244704246520996e-01 3.228513300418853760e-01 -3.637380003929138184e-01 -4.668609499931335449e-01 2.970605790615081787e-01 9.957503676414489746e-01 -2.775208950042724609e-01 -3.103952407836914062e-01 -9.997903108596801758e-01 8.503680825233459473e-01 7.010936737060546875e-01 4.049022868275642395e-02 -7.956110239028930664e-01 -6.007179617881774902e-01 -9.930259585380554199e-01 4.306378364562988281e-01 9.842472076416015625e-01 9.505729079246520996e-01 -9.553653001785278320e-01 -2.690900862216949463e-01 3.038074634969234467e-02 9.987103343009948730e-01 1.273264884948730469e-01 -6.341812014579772949e-01 9.784165024757385254e-01 -8.502495288848876953e-01 -9.846925139427185059e-01 9.878414869308471680e-01 4.656956493854522705e-01 6.067339181900024414e-01 4.915678799152374268e-01 -9.471071362495422363e-01 -2.142311185598373413e-01 9.932194948196411133e-01 8.415313959121704102e-01 2.407903820276260376e-01 -3.801234066486358643e-01 -1.181295141577720642e-01 4.867728948593139648e-01 -9.990271329879760742e-01 -9.995067119598388672e-01 -6.563088893890380859e-01 5.761005282402038574e-01 6.275398135185241699e-01 -3.209015727043151855e-01 9.955811500549316406e-01 -9.997773170471191406e-01 -3.364190161228179932e-01 9.964022040367126465e-01 -5.010795593261718750e-02 9.921823740005493164e-01 9.426010847091674805e-01 -8.730204701423645020e-01 -9.918718338012695312e-01 8.457067608833312988e-01 -6.145673394203186035e-01 -2.527866363525390625e-01 1.812260001897811890e-01 9.960881471633911133e-01 9.623007774353027344e-01 2.450809031724929810e-01 -3.983990252017974854e-01 5.545537546277046204e-02 4.534787833690643311e-01 9.845731258392333984e-01 4.450707435607910156e-01 -3.412929177284240723e-01 3.286136090755462646e-01 6.133922338485717773e-01 4.908835291862487793e-01 9.584872722625732422e-01 -2.049431055784225464e-01 -6.352018713951110840e-01 -1.269565671682357788e-01 9.856836497783660889e-02 -5.206243395805358887e-01 -5.872402787208557129e-01 -5.148174762725830078e-01 9.021707773208618164e-01 -9.998849034309387207e-01 1.508718132972717285e-01 9.994760155677795410e-01 1.695234924554824829e-01 -6.536230444908142090e-02 -8.236587047576904297e-01 3.107870519161224365e-01 5.434842109680175781e-01 3.793103396892547607e-01 -9.548400640487670898e-01 -9.996343851089477539e-01 5.134574174880981445e-01 8.483619689941406250e-01 -3.766076862812042236e-01 -1.110071465373039246e-01 9.911543130874633789e-01 -4.158038198947906494e-01 -3.998715579509735107e-01 9.939134716987609863e-01 9.994696974754333496e-01 1.538832485675811768e-01 9.812752604484558105e-01 6.253885030746459961e-01 1.976180374622344971e-01 -5.897523164749145508e-01 -2.412537038326263428e-01 9.999462962150573730e-01 -1.621455252170562744e-01 7.444946169853210449e-01 -1.685744971036911011e-01 -7.033513784408569336e-01 2.182313352823257446e-01 -7.799624800682067871e-01 -9.999377727508544922e-01 -4.073615074157714844e-01 1.311437040567398071e-01 2.596112191677093506e-01 -9.252560734748840332e-01 -9.999520182609558105e-01 -4.259342327713966370e-03 4.416328072547912598e-01 7.091922760009765625e-01 -4.513919055461883545e-01 9.660161137580871582e-01 -5.370104908943176270e-01 3.196376562118530273e-01 -6.444544792175292969e-01 -9.978267550468444824e-01 -3.031392991542816162e-01 4.542967379093170166e-01 -1.148594021797180176e-01 -1.849033832550048828e-01 9.355800151824951172e-01 -8.388298749923706055e-02 -3.257471621036529541e-01 4.503900706768035889e-01 9.943441152572631836e-01 6.981696486473083496e-01 7.246725559234619141e-01 -4.612857699394226074e-01 9.951966404914855957e-01 -9.105794876813888550e-02 -4.495669007301330566e-01 9.915106892585754395e-01 -9.899112582206726074e-01 1.622847765684127808e-01 3.406945168972015381e-01 -4.697272181510925293e-01 -2.808810770511627197e-01 -8.497136235237121582e-01 9.131943583488464355e-01 2.460843175649642944e-01 2.547399103641510010e-01 9.344386458396911621e-01 9.996133446693420410e-01 -7.060340642929077148e-01 4.127604365348815918e-01 -6.780778765678405762e-01 -9.998075366020202637e-01 -2.846565246582031250e-01 3.314790725708007812e-01 -6.489592194557189941e-01 -9.502999186515808105e-01 -1.575191766023635864e-01 -9.967758059501647949e-01 2.282337695360183716e-01 9.513221383094787598e-01 4.611573815345764160e-01 5.622223615646362305e-01 9.629061222076416016e-01 -2.216158360242843628e-01 -9.664561152458190918e-01 -7.064351439476013184e-01 -7.134510874748229980e-01 2.022666484117507935e-01 9.874895811080932617e-01 4.528931975364685059e-01 -9.682115912437438965e-01 -1.653977632522583008e-01 4.366614818572998047e-01 5.105320811271667480e-01 3.327764272689819336e-01 4.447580277919769287e-01 -9.891000986099243164e-01 5.351783037185668945e-01 -9.986330270767211914e-01 -9.937353134155273438e-01 3.926317393779754639e-01 -8.429415225982666016e-01 -9.914885163307189941e-01 -3.018015921115875244e-01 -4.766972661018371582e-01 -3.457256853580474854e-01 -9.669199585914611816e-01 -9.381389617919921875e-01 5.868915915489196777e-01 -9.735199213027954102e-01 -9.873946309089660645e-01 -9.823534488677978516e-01 4.115180671215057373e-01 -6.235564947128295898e-01 -1.996862515807151794e-02 4.405829012393951416e-01 -3.060532212257385254e-01 -4.324749857187271118e-02 9.931308031082153320e-01 6.153506040573120117e-01 9.992944598197937012e-01 2.722848951816558838e-01 2.250194363296031952e-02 -2.042841315269470215e-01 8.636179566383361816e-01 -8.647385835647583008e-01 4.899534881114959717e-01 -9.891298413276672363e-01 5.345803499221801758e-01 9.997872710227966309e-01 9.977423548698425293e-01 9.976775050163269043e-01 9.995073676109313965e-01 -3.638457059860229492e-01 -4.160876274108886719e-01 5.834778547286987305e-01 9.665666222572326660e-01 9.898679256439208984e-01 2.741648554801940918e-01 3.932479321956634521e-01 -9.496812224388122559e-01 -7.450757026672363281e-01 3.282988071441650391e-01 -9.955341219902038574e-01 9.877972602844238281e-01 3.801072537899017334e-01 1.939512193202972412e-01 3.829925954341888428e-01 2.593474984169006348e-01 -4.762101545929908752e-02 4.651577472686767578e-01 -9.852902889251708984e-01 -5.963304638862609863e-01 -1.628081649541854858e-01 -8.877301216125488281e-02 -3.510653376579284668e-01 -9.999410510063171387e-01 -8.422031998634338379e-01 -8.501104116439819336e-01 3.147074282169342041e-01 -6.179920434951782227e-01 -2.038137428462505341e-02 3.051587343215942383e-01 7.536128759384155273e-01 9.996540546417236328e-01 -9.951472282409667969e-01 1.690958142280578613e-01 -2.967225015163421631e-02 1.897278875112533569e-01 5.034503340721130371e-01 -9.876583814620971680e-01 -6.365723609924316406e-01 9.916484951972961426e-01 8.675834536552429199e-01 -2.331640571355819702e-01 -5.984843373298645020e-01 3.018917739391326904e-01
9.633352160453796387e-01 -4.208290278911590576e-01 3.790018558502197266e-01 -2.273845076560974121e-01 4.628902301192283630e-02 9.896504878997802734e-01 9.979617595672607422e-01 -9.786018133163452148e-01 -1.477394402027130127e-01 -9.777625203132629395e-01 4.923576116561889648e-02 -9.627734422683715820e-01 8.949089050292968750e-01 -9.929062128067016602e-01 -7.161006331443786621e-01 -1.259978115558624268e-01 -2.472619526088237762e-02 2.619198858737945557e-01 -6.624827384948730469e-01 -3.417473137378692627e-01 4.944149553775787354e-01 1.825195997953414917e-01 8.271536231040954590e-01 -3.691560626029968262e-01 9.871286153793334961e-01 9.348246455192565918e-01 1.812618970870971680e-01 -2.486136108636856079e-01 -2.013342827558517456e-01 9.430710673332214355e-01 9.440565705299377441e-01 -5.515034198760986328e-01 4.896397888660430908e-01 -6.270465906709432602e-03 -9.896071553230285645e-01 -3.821851611137390137e-01 -4.107192158699035645e-01 1.811178326606750488e-01 9.886953234672546387e-01 4.386892169713973999e-02 1.104504689574241638e-01 -1.088785156607627869e-01 1.570086479187011719e-01 -9.924360513687133789e-01 -1.977372020483016968e-01 9.713758826255798340e-01 -9.776084423065185547e-01 2.932330593466758728e-02 7.490974664688110352e-02 5.509342532604932785e-03 9.543732404708862305e-01 2.530354559421539307e-01 9.996359944343566895e-01 6.433995813131332397e-02 -1.819518059492111206e-01 -3.722882568836212158e-01 -6.454642862081527710e-02 -3.131350278854370117e-01 -9.974752664566040039e-01 -7.414708733558654785e-01 -1.306949555873870850e-01 1.304340809583663940e-01 9.789808988571166992e-01 1.742704361677169800e-01 -1.489098072052001953e-01 -9.952986836433410645e-01 7.837816476821899414e-01 5.397721529006958008e-01 2.413355708122253418e-01 4.770254194736480713e-01 9.202272891998291016e-01 9.526035785675048828e-01 -5.513404607772827148e-01 -6.250185370445251465e-01 -9.372953176498413086e-01 -4.077522456645965576e-01 1.656478643417358398e-01 2.203165739774703979e-01 -8.104900270700454712e-02 -4.538975656032562256e-02 -9.769851565361022949e-01 4.033948183059692383e-01 9.969502091407775879e-01 -8.838858604431152344e-01 9.349783658981323242e-01 -9.349902868270874023e-01 8.058016188442707062e-03 -1.387462466955184937e-01 -7.749477028846740723e-02 2.086443454027175903e-01 -9.281939864158630371e-01 1.937148123979568481e-01 2.098254561424255371e-01 -9.947225451469421387e-01 -8.345977067947387695e-01 7.157455086708068848e-01 9.803572893142700195e-01 3.280597925186157227e-01 -9.907495975494384766e-01 -9.902276843786239624e-02 -6.711964011192321777e-01 -4.217352867126464844e-01 5.994548201560974121e-01 6.289971619844436646e-02 -4.057464376091957092e-02 1.813971996307373047e-01 9.290006756782531738e-01 4.957423210144042969e-01 -1.957723051309585571e-01 -9.521273970603942871e-01 2.563569247722625732e-01 5.483832359313964844e-01 -5.858702063560485840e-01 -9.415234923362731934e-01 3.104505129158496857e-02 1.321306973695755005e-01 -8.607315421104431152e-01 8.499154448509216309e-01 5.355869606137275696e-02 9.771392345428466797e-01 -8.710408210754394531e-01 3.787756860256195068e-01 -9.408591389656066895e-01 9.939833283424377441e-01 -1.093192175030708313e-01 -4.366462230682373047e-01 -5.180661082267761230e-01 -4.274148046970367432e-01 -5.232604146003723145e-01 -4.171819984912872314e-01 9.866142868995666504e-01 7.776914238929748535e-01 7.984814643859863281e-01 1.781136915087699890e-02 5.353061482310295105e-02 -9.832484722137451172e-01 9.655691385269165039e-01 -9.851687550544738770e-01 7.576169371604919434e-01 -1.373747289180755615e-01 9.999240040779113770e-01 1.817745715379714966e-01 3.779542446136474609e-02 9.423291087150573730e-01 -3.876885771751403809e-01 6.694918870925903320e-01 -7.844676375389099121e-01 9.995838999748229980e-01 8.203741312026977539e-01 -1.502992808818817139e-01 -9.701809287071228027e-02 4.247458651661872864e-02 5.986429452896118164e-01 -3.192467391490936279e-01 -9.345997124910354614e-02 -2.790928184986114502e-01 -9.327977299690246582e-01 5.494632124900817871e-01 1.523634642362594604e-01 -1.224988698959350586e-01 -1.603503376245498657e-01 -3.518947660923004150e-01 -4.963968694210052490e-02 -3.855783641338348389e-01 9.999703764915466309e-01 3.744359314441680908e-01 -7.202333956956863403e-02 -1.798165440559387207e-01 9.954734444618225098e-01 1.607256233692169189e-01 -4.214567542076110840e-01 -3.655455112457275391e-01 -9.856879115104675293e-01 -9.594420790672302246e-01 1.160460337996482849e-01 -1.816181838512420654e-01 -3.366984426975250244e-01 1.189034432172775269e-01 9.971068501472473145e-01 9.997879862785339355e-01 9.967013597488403320e-01 -5.883187055587768555e-02 9.809758067131042480e-01 -9.205396771430969238e-01 6.219197511672973633e-01 -9.371114969253540039e-01 1.562037914991378784e-01 2.950094342231750488e-01 1.705681979656219482e-01 9.845018982887268066e-01 7.701286077499389648e-01 -9.830882549285888672e-01 -7.185828089714050293e-01 1.595898866653442383e-01 9.332408905029296875e-01 -1.136970967054367065e-01 -9.854558110237121582e-01 -9.526990056037902832e-01 -2.009583711624145508e-01 4.301508963108062744e-01 -4.537691548466682434e-02 -2.186684757471084595e-01 -3.863275349140167236e-01 2.905696928501129150e-01 -7.296473532915115356e-02 -7.270216345787048340e-01 1.759874671697616577e-01 8.458827137947082520e-01 8.855417966842651367e-01 4.005366191267967224e-02 3.865094482898712158e-02 -7.946282029151916504e-01 1.718911528587341309e-01 5.324469804763793945e-01 9.578815698623657227e-01 -9.221798777580261230e-01 9.178159236907958984e-01 8.549504876136779785e-01 9.264879822731018066e-01 -8.547613769769668579e-02 6.678716838359832764e-02 7.044738158583641052e-03 7.229193449020385742e-01 1.543452441692352295e-01 -7.767532467842102051e-01 -8.849557042121887207e-01 -9.677706956863403320e-01 -2.963278070092201233e-02 2.916890978813171387e-01 9.760914444923400879e-01 2.384502291679382324e-01 1.047200337052345276e-01 1.241515129804611206e-01 1.500163227319717407e-01 9.041737914085388184e-01 4.013559818267822266e-01 5.997806787490844727e-01 -1.582147628068923950e-01 3.345223069190979004e-01 3.337378203868865967e-01 4.177780151367187500e-01 9.999682307243347168e-01 -5.580661296844482422e-01 8.486023545265197754e-01 9.837115406990051270e-01 -3.004917204380035400e-01 9.795837998390197754e-01 3.043303787708282471e-01 1.173701230436563492e-02 -1.763295754790306091e-02 4.526834487915039062e-01 -2.281035762280225754e-03 -2.133459299802780151e-01 1.112248227000236511e-01 9.883052110671997070e-01 -1.155880391597747803e-01 -4.171270728111267090e-01 -9.965721964836120605e-01 -2.065315470099449158e-02 4.100356400012969971e-01 1.595236212015151978e-01 -9.692218899726867676e-01 1.818104684352874756e-01 -9.522961974143981934e-01 -2.352410256862640381e-01 9.854775071144104004e-01 9.861134886741638184e-01 -8.558183908462524414e-01 -1.674657873809337616e-02 -2.223450094461441040e-01 9.813756942749023438e-01 1.375457793474197388e-01 -9.340310692787170410e-01 9.998577237129211426e-01 -3.782684504985809326e-01 -9.424684643745422363e-01 8.894569277763366699e-01 -1.152071878314018250e-01 4.767821431159973145e-01 4.603619277477264404e-01 -9.351885914802551270e-01 -4.100249111652374268e-01 9.767740368843078613e-01 9.847438931465148926e-01 4.907588958740234375e-01 -1.024818643927574158e-01 2.321521937847137451e-02 4.173061251640319824e-01 -9.975178241729736328e-01 -9.996330738067626953e-01 -4.882642626762390137e-01 1.458553820848464966e-01 1.966069936752319336e-01 -7.992550134658813477e-01 9.751704335212707520e-01 -9.976431131362915039e-01 -3.374427929520606995e-02 9.162299036979675293e-01 -1.862755417823791504e-02 9.877320528030395508e-01 9.752449393272399902e-01 -9.864679574966430664e-01 -7.584001123905181885e-02 8.268488645553588867e-01 -5.608277320861816406e-01 -3.813205659389495850e-01 1.446051001548767090e-01 9.963709712028503418e-01 7.604625821113586426e-01 -9.643872827291488647e-02 -2.836880683898925781e-01 -9.364648461341857910e-01 4.231002032756805420e-01 9.718922376632690430e-01 9.847033023834228516e-01 1.633781492710113525e-01 -1.765196770429611206e-01 7.696317136287689209e-02 3.721581399440765381e-01 9.969452619552612305e-01 -1.641234755516052246e-02 8.699641227722167969e-01 -7.186117023229598999e-02 -2.854809761047363281e-01 -4.620900154113769531e-01 -9.333385527133941650e-02 -4.046883583068847656e-01 7.850742936134338379e-01 -9.330147504806518555e-01 8.427561521530151367e-01 9.987492561340332031e-01 2.690892815589904785e-01 -6.860636919736862183e-02 -9.279759526252746582e-01 2.527649402618408203e-01 4.363108575344085693e-01 2.067023813724517822e-01 -7.968648076057434082e-01 -9.422160387039184570e-01 3.069901168346405029e-01 9.992083907127380371e-01 -1.834561377763748169e-01 -1.238554269075393677e-01 8.035957813262939453e-01 -8.949283957481384277e-01 1.190168038010597229e-01 8.160477280616760254e-01 9.998893141746520996e-01 1.908082962036132812e-01 6.004627943038940430e-01 3.533731400966644287e-01 2.630971968173980713e-01 6.313331723213195801e-01 -1.616054922342300415e-01 9.169693589210510254e-01 -3.567357063293457031e-01 7.258042693138122559e-01 -1.984228193759918213e-01 1.360995173454284668e-01 2.772513628005981445e-01 -9.749187827110290527e-01 -9.285458922386169434e-01 -9.459591470658779144e-03 -7.867790758609771729e-02 -2.562016807496547699e-02 -9.116008281707763672e-01 -9.274172186851501465e-01 7.713952660560607910e-01 5.834680423140525818e-02 1.829861402511596680e-01 -4.036367833614349365e-01 8.685403466224670410e-01 -6.837461888790130615e-02 5.181960463523864746e-01 2.913993895053863525e-01 -9.997745156288146973e-01 -1.543042212724685669e-01 3.190609812736511230e-01 2.830533385276794434e-01 5.806962144561111927e-04 -5.306183695793151855e-01 2.625060975551605225e-01 -7.602323293685913086e-01 1.868068128824234009e-01 9.985373020172119141e-01 -4.973801225423812866e-02 4.260414540767669678e-01 -2.026588767766952515e-01 8.917226195335388184e-01 -6.475357338786125183e-03 -1.822826862335205078e-01 -1.875846385955810547e-01 -9.995513558387756348e-01 -3.401772975921630859e-01 -8.216205984354019165e-02 -3.427695333957672119e-01 -2.433332055807113647e-01 -6.634048819541931152e-01 9.984412789344787598e-01 -2.056783735752105713e-01 -1.550492346286773682e-01 8.486976623535156250e-01 8.751352429389953613e-01 -6.322236657142639160e-01 3.668469786643981934e-01 -9.059857726097106934e-01 -9.410531520843505859e-01 -1.292944103479385376e-01 2.865379117429256439e-02 -9.750809073448181152e-01 -3.341350257396697998e-01 9.789357185363769531e-01 -8.015238046646118164e-01 -2.789898775517940521e-02 -7.032790780067443848e-01 3.397909700870513916e-01 5.804755166172981262e-02 1.857019364833831787e-01 -5.154218673706054688e-01 -9.411181807518005371e-01 -1.460162848234176636e-01 -3.813607990741729736e-01 2.384775131940841675e-01 9.560511112213134766e-01 6.492449641227722168e-01 -9.531209468841552734e-01 2.422213703393936157e-01 4.071356058120727539e-01 7.122022658586502075e-02 -9.745720773935317993e-02 2.802084386348724365e-01 -9.935343265533447266e-01 9.055062532424926758e-01 -9.995988011360168457e-01 -9.862322807312011719e-01 -7.123517990112304688e-02 2.488598227500915527e-02 -7.700334787368774414e-01 -3.559586107730865479e-01 -3.544587492942810059e-01 -1.179552897810935974e-01 -8.028481602668762207e-01 -5.191843509674072266e-01 1.217616125941276550e-01 -2.515496611595153809e-01 -8.404791951179504395e-01 -9.940377473831176758e-01 2.858836352825164795e-01 -3.117814064025878906e-01 1.062439829111099243e-01 3.248901367187500000e-01 -4.207286238670349121e-01 1.953948885202407837e-01 9.916049242019653320e-01 3.388794958591461182e-01 9.487723708152770996e-01 1.801956593990325928e-01 3.856459259986877441e-01 1.040281131863594055e-01 9.540576934814453125e-01 -6.931155920028686523e-01 2.344687432050704956e-01 -9.735190272331237793e-01 9.647028893232345581e-02 9.138965010643005371e-01 9.947874546051025391e-01 9.631468057632446289e-01 9.777390956878662109e-01 -9.871068596839904785e-01 -2.286936789751052856e-01 3.515683412551879883e-01 8.790539503097534180e-01 8.918670415878295898e-01 2.094435393810272217e-01 4.295706748962402344e-02 -9.946911931037902832e-01 -9.877600669860839844e-01 5.988857150077819824e-01 -8.192116618156433105e-01 7.345762848854064941e-01 3.169696629047393799e-01 1.170427072793245316e-02 -3.612666204571723938e-02 3.169652447104454041e-02 7.402651011943817139e-02 -9.883443713188171387e-01 -8.725668191909790039e-01 -6.765363216400146484e-01 -4.032480120658874512e-01 -2.042459547519683838e-01 -1.524217873811721802e-01 -9.999446272850036621e-01 -8.907319307327270508e-01 -4.072373211383819580e-01 5.499715805053710938e-01 -3.264359831809997559e-01 2.632403373718261719e-01 -1.523531675338745117e-01 -2.920575067400932312e-02 9.991421103477478027e-01 -6.540606617927551270e-01 1.307842601090669632e-02 2.858729958534240723e-01 -3.453289866447448730e-01 -2.301808744668960571e-01 -8.516985177993774414e-01 -4.217230379581451416e-01 8.810405731201171875e-01 2.838099300861358643e-01 -1.192086376249790192e-02 -2.722946107387542725e-01 -4.910090565681457520e-01
9.920433759689331055e-01 4.753942787647247314e-01 -5.575363524258136749e-03 1.232708320021629333e-01 -1.236724555492401123e-01 9.558123946189880371e-01 9.809100031852722168e-01 -9.903389811515808105e-01 1.851373165845870972e-01 -9.745877385139465332e-01 -2.124023810029029846e-02 -9.576600790023803711e-01 9.642981290817260742e-01 -9.861666560173034668e-01 -7.011377215385437012e-01 -1.587146967649459839e-01 -1.721086539328098297e-02 -2.242045998573303223e-01 -4.493604972958564758e-02 -2.295222431421279907e-01 1.271197050809860229e-01 4.362834095954895020e-01 -3.961384296417236328e-02 -1.671013683080673218e-01 9.962848424911499023e-01 9.318757653236389160e-01 1.447140574455261230e-01 -6.394854187965393066e-01 2.998167872428894043e-01 7.898215651512145996e-01 9.877256155014038086e-01 -2.940919250249862671e-02 1.234622076153755188e-01 -6.294243782758712769e-02 -9.869707822799682617e-01 -5.113910511136054993e-02 -4.117408096790313721e-01 -3.370279669761657715e-01 8.228188157081604004e-01 6.179439648985862732e-02 3.745412081480026245e-02 -3.130419850349426270e-01 2.079203575849533081e-01 -9.678310155868530273e-01 1.522935628890991211e-01 9.594642519950866699e-01 -9.516938924789428711e-01 6.858751177787780762e-02 1.033802106976509094e-01 -1.107709929347038269e-01 9.864436388015747070e-01 -9.547074884176254272e-02 9.156944751739501953e-01 -2.511659637093544006e-03 -7.409077882766723633e-02 5.495594143867492676e-01 -1.714122146368026733e-01 -3.446447476744651794e-02 -9.969535470008850098e-01 -8.904193639755249023e-01 4.240608587861061096e-02 -2.667988240718841553e-01 9.017710089683532715e-01 -8.209552615880966187e-02 1.283829659223556519e-01 -9.894720315933227539e-01 5.840562582015991211e-01 1.428626179695129395e-01 1.220645084977149963e-01 -9.219138026237487793e-01 9.854500889778137207e-01 9.695458412170410156e-01 -7.940426468849182129e-01 -8.664607405662536621e-01 -9.659526348114013672e-01 -2.695094645023345947e-01 7.044503092765808105e-02 7.535218596458435059e-01 -1.111355796456336975e-01 7.346721738576889038e-02 -9.506571888923645020e-01 4.097426682710647583e-02 9.989243149757385254e-01 -1.780562698841094971e-01 8.809310793876647949e-01 -9.135941863059997559e-01 7.968249730765819550e-03 3.478813469409942627e-01 -1.672082096338272095e-01 7.756261527538299561e-02 -8.976475000381469727e-01 -1.522977352142333984e-01 5.018025636672973633e-01 -9.985674619674682617e-01 -8.555138111114501953e-01 -1.095621958374977112e-01 9.508485794067382812e-01 -8.163065463304519653e-02 -9.715009927749633789e-01 -8.078511059284210205e-02 1.477650366723537445e-04 -9.138785004615783691e-01 -3.790038526058197021e-01 -6.796663999557495117e-02 -1.274548918008804321e-01 4.118208885192871094e-01 9.720169901847839355e-01 4.026351273059844971e-01 -1.184848919510841370e-01 -2.192874997854232788e-01 9.233228862285614014e-02 2.682842016220092773e-01 9.494046568870544434e-01 -9.398350119590759277e-01 -3.954874873161315918e-01 -2.963649332523345947e-01 -4.797502458095550537e-01 8.886557817459106445e-01 9.875290095806121826e-02 9.977784752845764160e-01 -6.289724111557006836e-01 -1.456010937690734863e-01 -6.098777055740356445e-01 9.993019104003906250e-01 4.113933742046356201e-01 2.643314301967620850e-01 -4.177579879760742188e-01 -4.110378623008728027e-01 -1.942196041345596313e-01 -1.285588294267654419e-01 9.987863898277282715e-01 9.357947707176208496e-01 7.585475444793701172e-01 -9.517645090818405151e-02 5.602885484695434570e-01 -9.796417951583862305e-01 9.056686758995056152e-01 -9.668814539909362793e-01 9.763501584529876709e-02 6.060239672660827637e-02 9.999951720237731934e-01 3.046626448631286621e-01 1.953540146350860596e-01 -1.231621950864791870e-01 -6.268792748451232910e-01 7.193011045455932617e-01 -3.945345282554626465e-01 9.992116689682006836e-01 -5.693699121475219727e-01 -3.134186863899230957e-01 -3.337268531322479248e-02 -1.708175241947174072e-01 8.889456987380981445e-01 -2.945427000522613525e-01 1.964986324310302734e-02 -1.816885471343994141e-01 -6.651926636695861816e-01 6.996838450431823730e-01 -2.760374844074249268e-01 -1.057862117886543274e-01 -1.961311697959899902e-01 -4.637878537178039551e-01 -1.328193396329879761e-01 -2.480373829603195190e-01 9.999142885208129883e-01 -4.105167090892791748e-02 -8.817079663276672363e-02 -3.558401167392730713e-01 9.870530962944030762e-01 -3.815920650959014893e-01 3.221528828144073486e-01 -6.969925761222839355e-01 -9.755989909172058105e-01 -8.007099032402038574e-01 3.388994634151458740e-01 3.121633529663085938e-01 -2.232516855001449585e-01 -4.272777438163757324e-01 9.969840645790100098e-01 9.977723956108093262e-01 9.398988485336303711e-01 1.980557441711425781e-01 9.987851977348327637e-01 -6.430763006210327148e-01 9.045948386192321777e-01 -5.568900704383850098e-01 8.167374730110168457e-01 -2.146088778972625732e-01 6.467149257659912109e-01 9.884784817695617676e-01 2.129530161619186401e-01 -9.344716072082519531e-01 -9.890787601470947266e-01 4.788112044334411621e-01 9.329167604446411133e-01 5.809200927615165710e-02 -9.835219979286193848e-01 -9.134647250175476074e-01 -4.421118795871734619e-01 -7.717903703451156616e-02 -1.871591806411743164e-01 2.578834891319274902e-01 -7.410318255424499512e-01 1.452405750751495361e-01 -2.180323004722595215e-01 2.632761001586914062e-01 3.560874760150909424e-01 9.441463351249694824e-01 8.847486376762390137e-01 2.095437981188297272e-02 -6.049176454544067383e-01 -2.901977300643920898e-01 -1.956389546394348145e-01 4.007174372673034668e-01 9.574638605117797852e-01 -9.942813515663146973e-01 7.874796390533447266e-01 9.407950639724731445e-01 8.044936656951904297e-01 3.117835223674774170e-01 -8.566603660583496094e-01 -6.229787319898605347e-02 -3.609491288661956787e-01 5.067430138587951660e-01 -6.530385613441467285e-01 -9.760566353797912598e-01 -8.450839519500732422e-01 2.271348834037780762e-01 -8.594745397567749023e-01 9.928222298622131348e-01 -9.938459098339080811e-02 2.811719179153442383e-01 2.487077377736568451e-02 5.753158330917358398e-01 4.090351760387420654e-01 7.136400938034057617e-01 4.719643294811248779e-01 -3.530579507350921631e-01 2.377768605947494507e-01 4.796078428626060486e-02 3.664412200450897217e-01 9.999848008155822754e-01 1.927025616168975830e-01 2.004768252372741699e-01 9.556452035903930664e-01 6.971649825572967529e-02 9.959191679954528809e-01 -2.739481031894683838e-01 9.811646938323974609e-01 -8.185961842536926270e-02 3.378013372421264648e-01 1.425529122352600098e-01 2.226956747472286224e-02 -1.713811419904232025e-02 9.863816499710083008e-01 -2.096578925848007202e-01 -7.101892493665218353e-03 -9.997683167457580566e-01 1.894581019878387451e-01 9.632583856582641602e-01 1.849348396062850952e-01 -9.976143836975097656e-01 -1.797540634870529175e-01 -8.292855620384216309e-01 4.846832901239395142e-02 9.957239627838134766e-01 8.030193448066711426e-01 -5.018870234489440918e-01 2.165096104145050049e-01 -5.400277972221374512e-01 9.980207085609436035e-01 2.704823911190032959e-01 -9.537150263786315918e-01 9.991626739501953125e-01 -1.620620787143707275e-01 -9.936442971229553223e-01 9.867374300956726074e-01 -2.046737521886825562e-01 9.522328972816467285e-01 3.002643287181854248e-01 -9.433147907257080078e-01 -6.024366617202758789e-01 9.080494046211242676e-01 9.408944249153137207e-01 7.126304507255554199e-01 -2.451789230108261108e-01 -6.808524578809738159e-02 -2.154854834079742432e-01 -9.975054860115051270e-01 -9.987721443176269531e-01 -7.095522284507751465e-01 5.159326195716857910e-01 5.603070259094238281e-01 8.959113359451293945e-01 9.778764247894287109e-01 -9.989861845970153809e-01 8.347584307193756104e-02 9.702149033546447754e-01 2.219467461109161377e-01 9.924032688140869141e-01 9.781309366226196289e-01 -9.534201622009277344e-01 3.411917090415954590e-01 6.514633297920227051e-01 -3.277713954448699951e-01 -3.754664212465286255e-04 -1.790005862712860107e-01 9.971237182617187500e-01 3.310350179672241211e-01 -1.027778610587120056e-01 -2.280405461788177490e-01 -8.480942249298095703e-01 3.109166324138641357e-01 9.885917305946350098e-01 9.925541281700134277e-01 -2.522052079439163208e-02 3.081315159797668457e-01 -9.506724029779434204e-02 -8.058125525712966919e-02 9.998274445533752441e-01 7.919861376285552979e-02 9.609877467155456543e-01 -3.132430911064147949e-01 -6.190811395645141602e-01 -4.178051054477691650e-01 -1.889293193817138672e-01 -6.581032276153564453e-01 7.712118625640869141e-01 -8.731136918067932129e-01 3.924481272697448730e-01 9.992220401763916016e-01 3.151479065418243408e-01 -2.295835465192794800e-01 -9.215917587280273438e-01 4.087046682834625244e-01 3.379973173141479492e-01 6.510536372661590576e-02 -9.423393607139587402e-01 -8.632100820541381836e-01 5.700458288192749023e-01 9.987858533859252930e-01 -1.557362675666809082e-01 7.134268432855606079e-02 9.564155340194702148e-01 -8.891905546188354492e-01 -8.897249698638916016e-01 4.404788911342620850e-01 9.999646544456481934e-01 -1.629118248820304871e-02 5.772970318794250488e-01 4.979091584682464600e-01 -2.567292191088199615e-02 9.414098858833312988e-01 -2.270231395959854126e-02 8.060292601585388184e-01 9.004787355661392212e-02 2.841375470161437988e-01 5.382069572806358337e-02 -2.252493947744369507e-01 -3.572247549891471863e-02 -9.997317194938659668e-01 -7.913389801979064941e-01 -1.192720979452133179e-02 -3.773023188114166260e-01 -8.093155175447463989e-02 -9.733777046203613281e-01 -7.686322927474975586e-01 -2.160337120294570923e-01 1.782549172639846802e-01 4.439778029918670654e-01 1.845870167016983032e-01 9.827575087547302246e-01 -4.104691445827484131e-01 4.576795399188995361e-01 7.759773135185241699e-01 -9.945765137672424316e-01 2.718412578105926514e-01 4.465951025485992432e-01 -1.570805609226226807e-01 -2.101961076259613037e-01 4.110331237316131592e-01 -2.893901765346527100e-01 -3.108216226100921631e-01 -1.794350915588438511e-03 9.981019496917724609e-01 2.973532974720001221e-01 -7.712611556053161621e-02 -3.598353266716003418e-01 6.490046381950378418e-01 -1.430928558111190796e-01 -2.983986437320709229e-01 9.328736066818237305e-01 -9.988401532173156738e-01 -2.414640486240386963e-01 7.819024845957756042e-03 -1.858305782079696655e-01 9.590427577495574951e-02 -5.468881726264953613e-01 9.939112067222595215e-01 2.234277129173278809e-01 2.666383087635040283e-01 -2.821421623229980469e-01 2.687311172485351562e-01 -4.022911489009857178e-01 8.507197499275207520e-01 -9.724758267402648926e-01 -7.089348435401916504e-01 3.274472057819366455e-02 3.000133335590362549e-01 -9.768851399421691895e-01 -7.533235549926757812e-01 6.040417551994323730e-01 -9.945206642150878906e-01 -2.556326985359191895e-01 -5.828647613525390625e-01 4.304938316345214844e-01 2.763980329036712646e-01 -3.021121621131896973e-01 -2.795963585376739502e-01 -9.993757605552673340e-01 -5.560879707336425781e-01 -3.120909035205841064e-01 2.768641114234924316e-01 9.977349042892456055e-01 5.416511893272399902e-01 -9.307705760002136230e-01 -9.205967187881469727e-03 3.005884587764739990e-01 -2.165141049772500992e-03 -1.185805499553680420e-01 2.123344093561172485e-01 -9.980971813201904297e-01 4.475026726722717285e-01 -9.989613294601440430e-01 -8.740659356117248535e-01 2.537400722503662109e-01 -8.989490866661071777e-01 -1.670926623046398163e-02 -2.155089825391769409e-01 -2.073479443788528442e-01 -4.741029068827629089e-02 -9.703331589698791504e-01 -8.482565283775329590e-01 2.786549329757690430e-01 -9.810763001441955566e-01 -9.794535636901855469e-01 -9.874171018600463867e-01 3.422706723213195801e-01 -1.432562023401260376e-01 -4.141532778739929199e-01 1.400150507688522339e-01 2.765763401985168457e-01 1.594918370246887207e-01 9.937736988067626953e-01 1.227489039301872253e-01 9.831600189208984375e-01 3.768148720264434814e-01 -2.698204219341278076e-01 -2.135113030672073364e-01 9.895130395889282227e-01 3.524039983749389648e-01 9.640218690037727356e-03 -9.829959273338317871e-01 -1.402396112680435181e-01 8.661249279975891113e-01 9.964487552642822266e-01 9.671919345855712891e-01 9.931330084800720215e-01 -7.869409918785095215e-01 4.866512492299079895e-02 4.998162090778350830e-01 9.661102294921875000e-01 5.554462075233459473e-01 8.399584889411926270e-02 3.635828793048858643e-01 -9.927694201469421387e-01 -9.680185317993164062e-01 2.171940505504608154e-01 -9.566963911056518555e-01 9.985721111297607422e-01 -1.480246335268020630e-01 2.458888590335845947e-01 -9.489065408706665039e-02 -1.395666878670454025e-02 2.335092984139919281e-03 -9.273153543472290039e-01 -9.885259866714477539e-01 -7.176750898361206055e-01 -2.657368481159210205e-01 3.922027945518493652e-01 -2.374419569969177246e-01 -9.999926090240478516e-01 -8.319107294082641602e-01 -8.767543435096740723e-01 3.358684778213500977e-01 1.006912589073181152e-01 3.011362254619598389e-01 3.650983572006225586e-01 9.310572147369384766e-01 9.961264133453369141e-01 -9.308295845985412598e-01 1.665946543216705322e-01 3.552308678627014160e-01 -2.745797336101531982e-01 2.202309072017669678e-01 -7.193145155906677246e-01 8.044108152389526367e-01 8.042091131210327148e-01 1.903210133314132690e-01 -2.869704067707061768e-01 -4.911917448043823242e-01 -4.871809184551239014e-01
1.323813199996948242e-02 9.583984017372131348e-01 -1.509766373783349991e-02 1.934982687234878540e-01 -8.217006921768188477e-01 -9.163324832916259766e-01 9.994732141494750977e-01 -9.927273988723754883e-01 8.043836802244186401e-02 -8.907485008239746094e-01 6.341245025396347046e-02 7.010370492935180664e-01 -4.460687637329101562e-01 -9.928573369979858398e-01 -7.038697004318237305e-01 -2.194157987833023071e-01 -3.231397867202758789e-01 1.468787044286727905e-01 -5.022585391998291016e-01 -3.551343083381652832e-01 5.008489489555358887e-01 4.441485106945037842e-01 8.174149990081787109e-01 2.787893414497375488e-01 9.996348619461059570e-01 9.469528198242187500e-01 -1.885424852371215820e-01 -4.847196936607360840e-01 3.256023526191711426e-01 9.948869347572326660e-01 8.864673972129821777e-01 -1.620186865329742432e-01 1.590710282325744629e-01 -1.588364876806735992e-02 -7.682017683982849121e-01 -2.229233272373676300e-02 -4.594574272632598877e-01 8.430945128202438354e-02 -4.934991896152496338e-01 -1.627165377140045166e-01 4.002996385097503662e-01 -1.023207530379295349e-01 1.429040879011154175e-01 -5.988439321517944336e-01 1.337477862834930420e-01 5.461827516555786133e-01 -3.106200397014617920e-01 -2.243785709142684937e-01 9.957499504089355469e-01 -4.939875304698944092e-01 4.034867882728576660e-01 -3.020131289958953857e-01 9.817110896110534668e-01 2.430968731641769409e-01 7.144091278314590454e-02 2.148385345935821533e-01 3.589203953742980957e-01 -1.724846512079238892e-01 -9.983630180358886719e-01 -9.258775115013122559e-01 4.739899188280105591e-02 -3.661617264151573181e-02 8.834381699562072754e-01 2.808994054794311523e-01 9.011020511388778687e-02 -9.950516819953918457e-01 9.578734040260314941e-01 8.675764799118041992e-01 3.314838707447052002e-01 -3.913131058216094971e-01 9.486081004142761230e-01 9.914823770523071289e-01 4.781473055481910706e-02 -9.234055280685424805e-01 -9.802711606025695801e-01 -1.411766409873962402e-01 -2.675842046737670898e-01 -9.126341342926025391e-01 -2.052225768566131592e-01 -6.665016412734985352e-01 -5.378124713897705078e-01 -9.514448791742324829e-02 9.991996288299560547e-01 -8.488404154777526855e-01 9.967178702354431152e-01 -5.213033556938171387e-01 1.404859274625778198e-01 9.301469475030899048e-02 -4.660817384719848633e-01 4.028416275978088379e-01 -9.965409040451049805e-01 -4.073947072029113770e-01 1.943439841270446777e-01 -9.200711846351623535e-01 -7.108473777770996094e-01 9.554907083511352539e-01 9.978812336921691895e-01 1.478308290243148804e-01 -9.611915946006774902e-01 7.422461360692977905e-02 -9.974312782287597656e-01 -9.564300775527954102e-01 -8.364900350570678711e-01 -5.973708257079124451e-02 8.238619565963745117e-02 -1.741508208215236664e-02 9.710054993629455566e-01 3.990061283111572266e-01 -3.450841605663299561e-01 -2.884953320026397705e-01 2.442657202482223511e-01 2.496327757835388184e-01 7.521725296974182129e-01 -9.975069761276245117e-01 -3.768965303897857666e-01 4.203299880027770996e-01 -6.479256749153137207e-01 9.775415658950805664e-01 -4.157151281833648682e-01 9.998958706855773926e-01 -2.299152016639709473e-01 -3.337155878543853760e-01 -9.963014721870422363e-01 9.958542585372924805e-01 -7.986786216497421265e-02 -3.151279687881469727e-01 -7.684779763221740723e-01 1.698403246700763702e-02 -4.777587056159973145e-01 -2.726251780986785889e-01 8.682026863098144531e-01 9.545730948448181152e-01 9.948661923408508301e-01 4.542833864688873291e-01 5.196946859359741211e-01 -9.058124423027038574e-01 9.996122121810913086e-01 -9.985490441322326660e-01 -8.180266022682189941e-01 5.841383934020996094e-01 9.989872574806213379e-01 1.985272914171218872e-01 5.665282160043716431e-02 8.363930583000183105e-01 -3.617759048938751221e-01 -8.456674814224243164e-01 -9.979429841041564941e-01 9.829068183898925781e-01 5.031322240829467773e-01 -3.490804433822631836e-01 -3.340002000331878662e-01 -1.587132364511489868e-01 9.983322024345397949e-01 3.918986767530441284e-02 6.692918390035629272e-02 -3.317602574825286865e-01 -9.715963602066040039e-01 3.444145619869232178e-01 1.715997457504272461e-01 2.857668101787567139e-01 -2.163308709859848022e-01 8.129854500293731689e-02 1.190758273005485535e-01 -3.636384606361389160e-01 9.994737505912780762e-01 -3.961623311042785645e-01 1.796441227197647095e-01 -5.391383767127990723e-01 9.984517693519592285e-01 5.177792310714721680e-01 5.561547875404357910e-01 -9.955337047576904297e-01 -8.238793611526489258e-01 -9.938092231750488281e-01 8.608576655387878418e-01 1.288078725337982178e-01 -1.664071381092071533e-01 -3.012600727379322052e-02 9.999594092369079590e-01 9.987555742263793945e-01 9.501252174377441406e-01 -3.714554309844970703e-01 9.976449012756347656e-01 -9.350211024284362793e-01 8.979510068893432617e-01 -9.989107847213745117e-01 -7.940376996994018555e-01 -6.737669110298156738e-01 2.378275394439697266e-01 9.571724534034729004e-01 9.548335075378417969e-01 -9.785907864570617676e-01 -9.165411591529846191e-01 2.478869706392288208e-01 9.997828602790832520e-01 -2.400622814893722534e-01 -9.492241144180297852e-01 -9.974740147590637207e-01 -7.827469110488891602e-01 2.850340306758880615e-02 -6.798206269741058350e-02 -6.524195671081542969e-01 -6.411538124084472656e-01 2.781826257705688477e-01 -1.691086590290069580e-01 8.664798140525817871e-01 2.725135982036590576e-01 6.986691355705261230e-01 9.647122621536254883e-01 -4.568088650703430176e-01 7.809277772903442383e-01 9.155880212783813477e-01 -3.257363140583038330e-01 5.277365446090698242e-01 9.979479908943176270e-01 -9.289165735244750977e-01 -5.425592660903930664e-01 4.693823456764221191e-01 9.948780536651611328e-01 5.228734388947486877e-02 -9.830544590950012207e-01 2.661249414086341858e-02 1.387712508440017700e-01 4.123510420322418213e-01 -3.047151258215308189e-03 5.886010527610778809e-01 -9.978880286216735840e-01 -3.795269131660461426e-01 -4.046603143215179443e-01 9.951780438423156738e-01 8.613269776105880737e-02 2.626821994781494141e-01 -4.694580137729644775e-01 5.649411678314208984e-01 9.969820380210876465e-01 7.375175952911376953e-01 6.098092794418334961e-01 -2.328311502933502197e-01 3.348080217838287354e-01 4.406266845762729645e-03 -1.780901998281478882e-01 9.999819397926330566e-01 -9.427760243415832520e-01 5.248866081237792969e-01 9.856973290443420410e-01 2.088152766227722168e-01 9.791492819786071777e-01 3.656612038612365723e-01 9.291587471961975098e-01 -1.989617347717285156e-01 1.179741919040679932e-01 -1.756933778524398804e-01 -6.177135705947875977e-01 1.085425093770027161e-01 9.983887076377868652e-01 -3.519800603389739990e-01 -2.103468626737594604e-01 -9.991856217384338379e-01 -8.249452710151672363e-02 9.920688271522521973e-01 -1.200989931821823120e-01 1.735409051179885864e-01 -3.050452172756195068e-01 -9.987937808036804199e-01 4.078860580921173096e-01 9.965255260467529297e-01 9.970687627792358398e-01 -9.073848128318786621e-01 2.082670181989669800e-01 -6.035762429237365723e-01 9.900525212287902832e-01 -5.411714911460876465e-01 -9.246333837509155273e-01 9.307982325553894043e-01 -4.706266522407531738e-01 -8.467634916305541992e-01 9.861172437667846680e-01 3.661677539348602295e-01 2.241384536027908325e-01 3.178037106990814209e-01 -9.904456734657287598e-01 -9.507713317871093750e-01 8.992419838905334473e-01 9.698671698570251465e-01 9.708323478698730469e-01 -3.296753764152526855e-01 2.378957867622375488e-01 -1.730334907770156860e-01 -9.992312192916870117e-01 -9.990046620368957520e-01 -9.596737027168273926e-01 4.835763871669769287e-01 3.344051539897918701e-01 6.065294742584228516e-01 9.863651990890502930e-01 -9.961316585540771484e-01 1.362214833498001099e-01 9.253226518630981445e-01 -2.412509769201278687e-01 9.782998561859130859e-01 9.994020462036132812e-01 -9.667235612869262695e-01 -6.430429816246032715e-01 9.976207017898559570e-01 -4.547158777713775635e-01 -3.779939413070678711e-01 6.130914688110351562e-01 9.175459742546081543e-01 9.180037975311279297e-01 5.917429327964782715e-01 -5.588735640048980713e-02 -7.823155522346496582e-01 1.886625885963439941e-01 7.887722849845886230e-01 8.475938439369201660e-01 1.718150228261947632e-01 -1.506435126066207886e-01 2.861812114715576172e-01 5.260992050170898438e-01 9.991821646690368652e-01 2.043492496013641357e-01 -8.877964615821838379e-01 -5.297555923461914062e-01 6.888308525085449219e-01 -4.204529225826263428e-01 -5.043740272521972656e-01 -8.416972160339355469e-01 8.385276794433593750e-01 -9.959887862205505371e-01 -7.053108215332031250e-01 9.855527281761169434e-01 -7.193224132061004639e-02 8.063910156488418579e-02 -1.317233964800834656e-02 4.095330461859703064e-02 3.930625617504119873e-01 1.490065008401870728e-01 2.350573241710662842e-01 -9.751753807067871094e-01 3.406876027584075928e-01 9.957424402236938477e-01 -3.159507811069488525e-01 -2.353311628103256226e-01 9.222230911254882812e-01 -7.611215710639953613e-01 7.577959895133972168e-01 9.182040095329284668e-01 9.998272657394409180e-01 -2.210150957107543945e-01 8.383513689041137695e-01 6.873500943183898926e-01 8.802684396505355835e-02 1.842001527547836304e-01 -2.630639970302581787e-01 9.952458143234252930e-01 -1.353790760040283203e-01 3.170829713344573975e-01 -1.513847261667251587e-01 -4.822165966033935547e-01 -2.399804443120956421e-02 -3.546819090843200684e-01 -9.931145310401916504e-01 -4.516038596630096436e-01 -3.595629334449768066e-01 4.071711003780364990e-02 -9.827466607093811035e-01 -9.955225586891174316e-01 -6.920489072799682617e-01 4.225065708160400391e-01 9.687714278697967529e-02 1.468134522438049316e-01 9.976148009300231934e-01 -5.921442508697509766e-01 4.795731902122497559e-01 -4.024417102336883545e-01 -9.994460940361022949e-01 4.506424814462661743e-02 3.353270888328552246e-01 -3.876532614231109619e-01 7.417751103639602661e-02 8.204146027565002441e-01 9.812777489423751831e-02 -8.272947669029235840e-01 6.499180197715759277e-02 9.936626553535461426e-01 9.895539283752441406e-01 2.743933200836181641e-01 -7.617058604955673218e-02 9.478469491004943848e-01 -3.896292746067047119e-01 -3.272199630737304688e-01 -4.483449161052703857e-01 -9.988554120063781738e-01 -4.367371797561645508e-01 4.426841810345649719e-02 -2.307621389627456665e-01 -2.768512666225433350e-01 -6.481992602348327637e-01 9.964121580123901367e-01 2.251333594322204590e-01 3.549633920192718506e-01 -9.121171832084655762e-01 9.290755391120910645e-01 -4.126656055450439453e-01 9.543473720550537109e-01 -8.830326795578002930e-01 -9.812455773353576660e-01 -3.031373322010040283e-01 2.891693115234375000e-01 -9.966325163841247559e-01 2.206955105066299438e-01 9.827824234962463379e-01 -9.937797784805297852e-01 1.455791890621185303e-01 -9.680776596069335938e-01 5.030501484870910645e-01 -1.194416880607604980e-01 -9.745475053787231445e-01 7.892097830772399902e-01 -9.720065593719482422e-01 8.572373772040009499e-04 4.917362630367279053e-01 1.536893844604492188e-01 9.955902099609375000e-01 6.905611604452133179e-02 -6.204223036766052246e-01 -6.699480116367340088e-02 -1.141455322504043579e-01 6.465900689363479614e-02 2.229055613279342651e-01 5.189146399497985840e-01 -9.586661458015441895e-01 8.752672672271728516e-01 -9.993945956230163574e-01 -8.546978235244750977e-01 3.567975163459777832e-01 -9.988643527030944824e-01 -9.622392654418945312e-01 -4.012823700904846191e-01 -7.914076000452041626e-02 6.130512803792953491e-03 -7.837693691253662109e-01 -9.628693461418151855e-01 3.682962656021118164e-01 -9.563098549842834473e-01 -5.542230606079101562e-01 -9.882705807685852051e-01 3.551985621452331543e-01 -2.631123065948486328e-01 2.504578828811645508e-01 3.983553946018218994e-01 3.450286388397216797e-01 -2.519232928752899170e-01 -8.641268014907836914e-01 6.082656979560852051e-01 9.907977581024169922e-01 6.246677637100219727e-01 -1.191880628466606140e-01 9.863324463367462158e-03 8.560810685157775879e-01 -9.799765348434448242e-01 -1.942961476743221283e-02 -9.993778467178344727e-01 2.669566273689270020e-01 9.965152144432067871e-01 9.973937869071960449e-01 7.712845206260681152e-01 9.949098229408264160e-01 -9.968003034591674805e-01 -1.206734254956245422e-01 4.682168066501617432e-01 8.877143263816833496e-01 9.574719667434692383e-01 1.264788806438446045e-01 6.522805690765380859e-01 1.197651680558919907e-02 -8.137785196304321289e-01 -2.197227999567985535e-02 -9.997562170028686523e-01 9.962034821510314941e-01 -3.666021525859832764e-01 1.379108875989913940e-01 1.333041489124298096e-01 2.335949838161468506e-01 -1.489275693893432617e-01 2.592646479606628418e-01 -9.951257705688476562e-01 -1.185648292303085327e-01 1.300597488880157471e-01 -1.528177708387374878e-01 -1.955274790525436401e-01 -9.999881386756896973e-01 3.850120306015014648e-01 -4.479938745498657227e-01 2.486570477485656738e-01 1.236563995480537415e-01 2.897010371088981628e-02 1.765669882297515869e-01 1.533350348472595215e-01 9.999629259109497070e-01 -6.795470118522644043e-01 -1.843961030244827271e-01 3.337763547897338867e-01 -2.259956449270248413e-01 1.999535113573074341e-01 -5.156849026679992676e-01 2.900946736335754395e-01 -7.461212575435638428e-02 3.126554191112518311e-01 -3.426777422428131104e-01 -2.594416439533233643e-01 5.626519322395324707e-01
8.437007069587707520e-01 8.248996734619140625e-01 -7.734959572553634644e-02 3.039689660072326660e-01 2.967899441719055176e-01 9.980869889259338379e-01 9.789322018623352051e-01 -8.440573811531066895e-01 -1.267284750938415527e-01 -9.932135343551635742e-01 2.704963088035583496e-01 -9.621565341949462891e-01 9.808214306831359863e-01 -9.736864566802978516e-01 -9.187601804733276367e-01 1.157440766692161560e-01 1.847714930772781372e-01 1.771401315927505493e-01 -6.797639727592468262e-01 -3.521025478839874268e-01 6.968631744384765625e-01 5.168591141700744629e-01 -7.462179660797119141e-02 -9.355155229568481445e-01 9.982229471206665039e-01 9.721252322196960449e-01 -1.862695515155792236e-01 -3.674576282501220703e-01 4.784130752086639404e-01 9.953638315200805664e-01 9.596756100654602051e-01 2.855792641639709473e-01 3.900561034679412842e-01 -9.254019707441329956e-02 -9.961012601852416992e-01 -3.357563540339469910e-02 -7.698093056678771973e-01 -6.248010993003845215e-01 9.251089096069335938e-01 -8.617594838142395020e-02 -3.940224647521972656e-01 -1.390313953161239624e-01 3.732489943504333496e-01 -9.626364111900329590e-01 2.506855428218841553e-01 9.834852814674377441e-01 -9.898443222045898438e-01 1.162985712289810181e-01 8.274009227752685547e-01 -4.461201727390289307e-01 9.995670318603515625e-01 -2.152920365333557129e-01 7.171414494514465332e-01 -4.548943042755126953e-01 4.853038191795349121e-01 2.826619148254394531e-01 -1.813043802976608276e-01 -3.882804885506629944e-02 -9.992187619209289551e-01 -5.128639340400695801e-01 -2.892682850360870361e-01 -4.822731316089630127e-01 8.970408439636230469e-01 1.631481051445007324e-01 -2.645313041284680367e-03 -8.890897631645202637e-01 8.651058077812194824e-01 7.708987593650817871e-01 3.664684295654296875e-02 -8.883979916572570801e-01 8.378961682319641113e-01 9.981193542480468750e-01 -5.819794535636901855e-01 -9.662105441093444824e-01 -9.311075806617736816e-01 -3.397098183631896973e-01 -3.615027964115142822e-01 8.999823927879333496e-01 -7.159422338008880615e-02 -8.700817823410034180e-02 -5.104299783706665039e-01 2.295653801411390305e-03 9.932827353477478027e-01 1.144709438085556030e-01 9.913900494575500488e-01 -8.761339187622070312e-01 4.880292117595672607e-01 4.859872758388519287e-01 -6.272127628326416016e-01 6.136599183082580566e-02 -9.842429161071777344e-01 -3.251233994960784912e-01 5.161177515983581543e-01 -9.317622184753417969e-01 -8.282952904701232910e-01 -9.829268455505371094e-01 9.444283843040466309e-01 -2.557002305984497070e-01 -5.573152899742126465e-01 -2.756337523460388184e-01 8.476868271827697754e-01 -9.533463716506958008e-01 -3.866497576236724854e-01 -2.482607215642929077e-01 -2.143373638391494751e-01 3.878621160984039307e-01 -3.984934687614440918e-01 3.762972354888916016e-01 -3.238807618618011475e-01 3.368888199329376221e-01 -3.182622790336608887e-02 8.965001106262207031e-01 8.797082901000976562e-01 -9.928130507469177246e-01 3.398350253701210022e-02 2.953948676586151123e-01 -5.221652984619140625e-01 -3.020588457584381104e-01 1.487194746732711792e-01 9.897610545158386230e-01 -9.168664813041687012e-01 -2.066424861550331116e-02 -9.510428309440612793e-01 9.274737834930419922e-01 -6.105849146842956543e-01 -2.912901639938354492e-01 1.458147317171096802e-01 1.687817275524139404e-02 -3.822443485260009766e-01 -4.454694092273712158e-01 9.979763627052307129e-01 9.542892575263977051e-01 5.667276382446289062e-01 7.725448906421661377e-02 5.621596574783325195e-01 -9.966257810592651367e-01 8.078708052635192871e-01 -9.911247491836547852e-01 8.270993828773498535e-01 5.489763617515563965e-02 9.999892711639404297e-01 5.307711362838745117e-01 -8.102286607027053833e-02 -6.615251302719116211e-01 -2.504987716674804688e-01 8.205145001411437988e-01 -1.114022657275199890e-01 9.972968101501464844e-01 -4.173835366964340210e-02 -6.847901940345764160e-01 -5.291238427162170410e-01 4.268059432506561279e-01 -2.127038687467575073e-01 -5.482217073440551758e-01 6.076812148094177246e-01 5.430090427398681641e-02 -9.903601408004760742e-01 1.036901492625474930e-02 1.492928364314138889e-03 2.759574949741363525e-01 -2.324630618095397949e-01 -1.511593610048294067e-01 7.574187964200973511e-02 -3.948188424110412598e-01 9.996464252471923828e-01 1.713601648807525635e-01 -5.077088475227355957e-01 -7.708845138549804688e-01 7.992364764213562012e-01 1.545267999172210693e-01 8.150811493396759033e-02 -9.133533239364624023e-01 -7.764340639114379883e-01 -9.952890872955322266e-01 -2.364042252302169800e-01 3.765268921852111816e-01 -7.721742987632751465e-01 1.948265284299850464e-01 9.979218244552612305e-01 9.984821081161499023e-01 8.303465843200683594e-01 -2.613756656646728516e-01 9.758078455924987793e-01 -9.425814747810363770e-01 6.442838311195373535e-01 -9.909830093383789062e-01 -8.247932791709899902e-01 6.349197030067443848e-01 2.097142487764358521e-01 8.895865678787231445e-01 -9.572311043739318848e-01 -9.159547090530395508e-01 -9.932657480239868164e-01 1.045958846807479858e-01 9.385401606559753418e-01 2.657768428325653076e-01 3.935757577419281006e-01 -9.945037961006164551e-01 -2.623704671859741211e-01 4.464569687843322754e-01 3.308074772357940674e-01 5.915943905711174011e-02 6.982622742652893066e-01 3.825117349624633789e-01 -2.509797513484954834e-01 4.492921829223632812e-01 -1.709102690219879150e-01 8.630930781364440918e-01 7.476470470428466797e-01 2.138900011777877808e-01 -4.547012150287628174e-01 -4.504487812519073486e-01 -1.319770365953445435e-01 6.666516065597534180e-01 9.854605793952941895e-01 -8.965982198715209961e-01 9.755883812904357910e-01 9.980357885360717773e-01 9.946025013923645020e-01 2.261685132980346680e-01 -9.702067375183105469e-01 1.635560998693108559e-03 1.496200114488601685e-01 1.385779827833175659e-01 6.483669281005859375e-01 3.229050636291503906e-01 -9.883415102958679199e-01 -1.495884731411933899e-02 -1.663998961448669434e-01 9.956228137016296387e-01 1.127142757177352905e-01 1.326824724674224854e-02 -4.198835194110870361e-01 2.682883143424987793e-01 9.321074485778808594e-01 5.520097017288208008e-01 -9.709622859954833984e-01 -3.083253800868988037e-01 2.713482677936553955e-01 2.484977096319198608e-01 8.950582146644592285e-01 9.999681711196899414e-01 -4.727772176265716553e-01 9.048561453819274902e-01 9.958397150039672852e-01 4.229402244091033936e-01 8.773635625839233398e-01 2.585449516773223877e-01 5.088829398155212402e-01 -1.545016318559646606e-01 4.725162684917449951e-01 1.379631310701370239e-01 -2.980563640594482422e-01 4.870774745941162109e-01 9.993413090705871582e-01 -1.418073773384094238e-01 -4.389350116252899170e-01 -9.998546242713928223e-01 5.677527785301208496e-01 -5.167279839515686035e-01 -3.183651864528656006e-01 -9.924232959747314453e-01 2.484122477471828461e-02 -8.995884060859680176e-01 1.238691285252571106e-01 9.364675879478454590e-01 9.841616749763488770e-01 -8.785133957862854004e-01 9.520977735519409180e-02 -1.806258559226989746e-01 8.546634316444396973e-01 -2.769600450992584229e-01 -9.910565614700317383e-01 9.995416402816772461e-01 -5.936918258666992188e-01 -9.904474020004272461e-01 9.902445673942565918e-01 4.262125194072723389e-01 8.847482800483703613e-01 4.150597155094146729e-01 -9.952690601348876953e-01 -9.565908908843994141e-01 8.472433090209960938e-01 9.731143712997436523e-01 6.427646875381469727e-01 -2.765416800975799561e-01 9.153433144092559814e-02 2.868008017539978027e-01 -9.973638653755187988e-01 -9.977630376815795898e-01 1.603796780109405518e-01 4.705918133258819580e-01 5.256380438804626465e-01 1.396517902612686157e-01 9.909516572952270508e-01 -9.664850234985351562e-01 -1.342773735523223877e-01 8.892587423324584961e-01 -2.296734601259231567e-02 9.929065108299255371e-01 9.982721209526062012e-01 -1.502392441034317017e-01 -7.921928763389587402e-01 7.264764308929443359e-01 -3.593858778476715088e-01 1.219210922718048096e-01 -3.846879117190837860e-03 9.934132695198059082e-01 5.961869359016418457e-01 4.664242267608642578e-01 2.243805825710296631e-01 -2.441988140344619751e-01 -4.363648220896720886e-02 8.113223314285278320e-01 9.417120814323425293e-01 -1.306684315204620361e-01 1.774207353591918945e-01 3.611722588539123535e-01 2.488264441490173340e-01 9.996048808097839355e-01 6.575924903154373169e-02 -1.024431586265563965e-01 -1.334244459867477417e-01 1.410251706838607788e-01 -5.739327073097229004e-01 -6.313555240631103516e-01 -9.440807700157165527e-01 -6.478984653949737549e-02 -9.935044050216674805e-01 6.250274777412414551e-01 9.718151092529296875e-01 -3.233016468584537506e-03 1.153682470321655273e-01 -8.461068868637084961e-01 2.660234272480010986e-01 -6.305471062660217285e-02 3.340342938899993896e-01 -9.893955588340759277e-01 -9.977003931999206543e-01 3.816213607788085938e-01 9.866417050361633301e-01 -1.673336476087570190e-01 -3.390122354030609131e-01 9.974582195281982422e-01 -5.250311493873596191e-01 -4.696491360664367676e-01 8.916648030281066895e-01 9.997600317001342773e-01 -4.808706790208816528e-02 9.592280387878417969e-01 5.028446316719055176e-01 -2.833985686302185059e-01 -6.828026175498962402e-01 -1.680987179279327393e-01 9.946445822715759277e-01 3.054828345775604248e-01 -1.262575834989547729e-01 -1.583840996026992798e-01 -5.993095040321350098e-01 3.061485886573791504e-01 -9.501519203186035156e-01 -9.943338632583618164e-01 -4.518256783485412598e-01 -1.936093159019947052e-02 3.110150694847106934e-01 -9.958910942077636719e-01 -9.951931238174438477e-01 2.922296226024627686e-01 3.272960186004638672e-01 3.535588681697845459e-01 -7.578833401203155518e-02 9.879922866821289062e-01 -3.321070075035095215e-01 3.825235962867736816e-01 -5.691891312599182129e-01 -9.585723876953125000e-01 1.604886949062347412e-01 1.751429773867130280e-02 -2.853335142135620117e-01 9.467817097902297974e-02 8.445488810539245605e-01 7.393890619277954102e-02 -8.814528584480285645e-01 5.495747327804565430e-01 9.977471828460693359e-01 -6.865363717079162598e-01 5.240781903266906738e-01 -3.660950362682342529e-01 9.930185675621032715e-01 -2.353585660457611084e-01 -3.699213266372680664e-01 9.031539559364318848e-01 -9.972414970397949219e-01 -2.229403890669345856e-02 -6.362830996513366699e-01 -1.886852681636810303e-01 -4.153516590595245361e-01 -6.941532492637634277e-01 9.644907712936401367e-01 2.182260751724243164e-01 4.813072681427001953e-01 -5.445939898490905762e-01 9.664567112922668457e-01 -4.738363325595855713e-01 9.923680424690246582e-01 -2.373384535312652588e-01 -9.910376667976379395e-01 -9.552191197872161865e-02 3.860154449939727783e-01 -9.996351599693298340e-01 -5.823307037353515625e-01 9.030275940895080566e-01 -9.577971696853637695e-01 3.794168233871459961e-01 7.974430918693542480e-01 4.311521649360656738e-01 1.612679362297058105e-01 2.492618858814239502e-01 -1.431181877851486206e-01 -9.498490691184997559e-01 -6.989738941192626953e-01 8.017792701721191406e-01 2.049836888909339905e-02 9.814534783363342285e-01 5.224274992942810059e-01 -9.858318567276000977e-01 1.594191193580627441e-01 1.057437807321548462e-01 2.425960600376129150e-01 -3.833740204572677612e-02 4.392559230327606201e-01 -6.615223288536071777e-01 7.437192797660827637e-01 -9.985121488571166992e-01 -9.133336544036865234e-01 3.323967158794403076e-01 -9.075635671615600586e-01 -7.072653770446777344e-01 -2.077964097261428833e-01 -4.495730102062225342e-01 2.165903747081756592e-01 -9.905712604522705078e-01 -9.207936525344848633e-01 3.650804460048675537e-01 -9.591441750526428223e-01 -8.691281676292419434e-01 -9.962128400802612305e-01 7.840703725814819336e-01 -6.443162560462951660e-01 2.945390045642852783e-01 -8.816251158714294434e-02 3.386152982711791992e-01 3.523498475551605225e-01 9.790146946907043457e-01 7.103048563003540039e-01 9.993938207626342773e-01 9.127626568078994751e-02 -1.270651072263717651e-01 -6.374172568321228027e-01 6.328828334808349609e-01 9.454594850540161133e-01 3.813082277774810791e-01 -9.904668331146240234e-01 4.402198791503906250e-01 9.932332634925842285e-01 9.988909363746643066e-01 8.878638744354248047e-01 9.990681409835815430e-01 -3.988806605339050293e-01 1.002780906856060028e-02 6.631386280059814453e-01 7.412523627281188965e-01 6.940786242485046387e-01 1.356709748506546021e-02 2.692910432815551758e-01 -9.800173640251159668e-01 -9.771862626075744629e-01 4.495060145854949951e-01 -9.491714239120483398e-01 9.963381290435791016e-01 -1.811176538467407227e-01 6.369279623031616211e-01 5.112096071243286133e-01 2.184857428073883057e-01 1.957672387361526489e-01 -6.118953824043273926e-01 -9.834278225898742676e-01 -5.903694629669189453e-01 2.945217117667198181e-02 -4.826808571815490723e-01 -6.083056330680847168e-02 -9.999814033508300781e-01 -9.953104257583618164e-01 -9.572781920433044434e-01 8.948347531259059906e-03 -3.960269689559936523e-01 -1.535065621137619019e-01 6.497486233711242676e-01 -9.544523954391479492e-01 9.931365251541137695e-01 -9.970427751541137695e-01 -3.318266868591308594e-01 5.681623220443725586e-01 -2.703631520271301270e-01 8.126442879438400269e-02 2.184612303972244263e-01 7.051117420196533203e-01 8.900471329689025879e-01 1.519485265016555786e-01 -2.033494785428047180e-02 -5.572100281715393066e-01 -5.035931468009948730e-01
-3.002347946166992188e-01 9.408534169197082520e-01 -5.707611516118049622e-02 2.243764400482177734e-01 -2.638202309608459473e-01 -4.390608370304107666e-01 9.950428605079650879e-01 -5.009465217590332031e-01 7.077568024396896362e-02 -9.038297533988952637e-01 -1.114269196987152100e-01 -7.980118393898010254e-01 4.906591176986694336e-01 -9.525067806243896484e-01 -9.469167590141296387e-01 2.622351646423339844e-01 -3.610309585928916931e-02 7.451401650905609131e-02 -2.688033878803253174e-01 -2.503549493849277496e-02 2.271748334169387817e-01 6.780926138162612915e-02 9.443570375442504883e-01 -3.742334246635437012e-02 9.999639391899108887e-01 9.216108918190002441e-01 -4.876957237720489502e-01 -2.017057687044143677e-01 3.658234477043151855e-01 9.957218766212463379e-01 9.887574315071105957e-01 8.273607492446899414e-02 3.359379768371582031e-01 3.290501534938812256e-01 6.337330937385559082e-01 -3.528905808925628662e-01 -5.366718173027038574e-01 -3.571964502334594727e-01 -9.684560894966125488e-01 -2.678989470005035400e-01 4.070507287979125977e-01 -2.667794823646545410e-01 -1.877664588391780853e-02 -8.430035114288330078e-01 3.232969045639038086e-01 8.171176314353942871e-01 9.877728223800659180e-01 9.320639073848724365e-02 9.961853623390197754e-01 -4.386749565601348877e-01 8.942120671272277832e-01 9.378594905138015747e-02 9.173522591590881348e-01 -1.685795634984970093e-01 3.045080900192260742e-01 3.104759156703948975e-01 -3.772383034229278564e-01 1.068667136132717133e-02 -9.975722432136535645e-01 -8.962510824203491211e-01 -2.256273627281188965e-01 2.874304354190826416e-01 9.874768257141113281e-01 -1.846853643655776978e-01 1.928181946277618408e-01 -9.024803638458251953e-01 9.905733466148376465e-01 9.580242633819580078e-01 -3.573060780763626099e-02 -8.126398324966430664e-01 7.866003513336181641e-01 9.973440766334533691e-01 -8.100334405899047852e-01 -7.661885023117065430e-02 -9.905861616134643555e-01 -1.928300559520721436e-01 8.756127208471298218e-02 -3.345893025398254395e-01 1.987730711698532104e-01 -3.987906873226165771e-02 -3.863383829593658447e-01 -2.806927859783172607e-01 9.983916878700256348e-01 -9.580780863761901855e-01 9.964268803596496582e-01 -4.060336053371429443e-01 4.254625439643859863e-01 3.468761146068572998e-01 -3.545739650726318359e-01 5.475817248225212097e-02 -9.944393038749694824e-01 -1.131667420268058777e-01 5.498021841049194336e-01 -9.652340412139892578e-01 -7.098760604858398438e-01 5.331248641014099121e-01 9.445918798446655273e-01 -1.884235590696334839e-01 -9.997447729110717773e-01 8.107995241880416870e-02 -9.624387621879577637e-01 -1.973050087690353394e-01 -5.655828118324279785e-01 -1.454981565475463867e-01 2.727394998073577881e-01 -3.726696595549583435e-02 9.927648901939392090e-01 5.137294530868530273e-01 -5.271458625793457031e-01 9.842278361320495605e-01 1.630761474370956421e-01 7.085556983947753906e-01 9.453753232955932617e-01 -9.965637922286987305e-01 -5.788297653198242188e-01 2.993440330028533936e-01 -5.435597896575927734e-01 6.307560801506042480e-01 -9.541367739439010620e-02 9.994681477546691895e-01 -9.762626290321350098e-01 -3.703114688396453857e-01 -9.837347865104675293e-01 9.997692108154296875e-01 8.534080535173416138e-02 -3.238224983215332031e-01 -8.800825476646423340e-01 1.069744378328323364e-01 -5.528081059455871582e-01 7.756716012954711914e-02 9.744321107864379883e-01 6.685649156570434570e-01 9.461700916290283203e-02 -1.513285189867019653e-02 2.064028531312942505e-01 -9.317289590835571289e-01 9.574491977691650391e-01 -9.976215362548828125e-01 -9.766878485679626465e-01 -1.733765453100204468e-01 9.988392591476440430e-01 -1.593560129404067993e-01 -3.794763386249542236e-01 9.977105259895324707e-01 4.752177372574806213e-02 8.313743472099304199e-01 -9.712413549423217773e-01 9.270771145820617676e-01 8.462145328521728516e-01 -8.684803545475006104e-02 -4.096444249153137207e-01 -3.855347037315368652e-01 9.772163629531860352e-01 3.906692937016487122e-02 5.454549193382263184e-01 -2.735834419727325439e-01 -9.824472665786743164e-01 -3.236549794673919678e-01 -1.068426389247179031e-02 6.501560658216476440e-02 1.650140881538391113e-01 6.356698274612426758e-01 -3.263140320777893066e-01 -6.150908470153808594e-01 9.998718500137329102e-01 -3.263570666313171387e-01 -1.372625976800918579e-01 -6.027659773826599121e-01 9.224891066551208496e-01 8.418796658515930176e-01 2.840671241283416748e-01 -4.739216566085815430e-01 -9.432730078697204590e-01 -9.952620267868041992e-01 4.810204505920410156e-01 -1.602509431540966034e-02 -6.912271976470947266e-01 -3.768296539783477783e-01 9.993614554405212402e-01 9.549108743667602539e-01 7.708601355552673340e-01 -1.337652504444122314e-01 9.945957064628601074e-01 -9.225491285324096680e-01 9.050324559211730957e-01 -9.989212751388549805e-01 4.044231176376342773e-01 -6.726891994476318359e-01 1.435024291276931763e-01 9.940882325172424316e-01 9.556128382682800293e-01 -9.874874353408813477e-01 -8.297799229621887207e-01 2.907137945294380188e-02 9.985719919204711914e-01 1.310252398252487183e-01 -9.717456698417663574e-01 -9.977236390113830566e-01 7.720610499382019043e-02 -1.538226306438446045e-01 -7.984974980354309082e-02 -3.567333519458770752e-01 3.986144959926605225e-01 5.335732102394104004e-01 -2.400871068239212036e-01 -1.592082977294921875e-01 -1.118569821119308472e-01 9.874760508537292480e-01 9.848934412002563477e-01 -5.201237648725509644e-02 1.142883151769638062e-01 -4.184671863913536072e-02 -3.067196607589721680e-01 5.803678035736083984e-01 9.933403134346008301e-01 -9.376716017723083496e-01 8.283744454383850098e-01 9.727484583854675293e-01 9.955373406410217285e-01 3.903787136077880859e-01 -8.722250461578369141e-01 4.564477130770683289e-02 6.816533803939819336e-01 5.949155688285827637e-01 -9.972799420356750488e-01 8.321961760520935059e-01 -9.958600401878356934e-01 -1.702388823032379150e-01 -8.290857672691345215e-01 9.427203536033630371e-01 3.268381208181381226e-02 3.807945251464843750e-01 1.494496911764144897e-01 2.511897385120391846e-01 9.804133176803588867e-01 5.452401041984558105e-01 -4.807658493518829346e-01 1.117955544032156467e-03 3.582813739776611328e-01 1.601529493927955627e-02 6.285177469253540039e-01 9.999842047691345215e-01 -9.578148722648620605e-01 5.299181342124938965e-01 9.963316917419433594e-01 1.931494176387786865e-01 9.909737110137939453e-01 -2.424686849117279053e-01 7.979850172996520996e-01 -8.010958135128021240e-02 2.046634703874588013e-01 -4.261240661144256592e-01 -2.466558665037155151e-01 8.065944910049438477e-02 9.955072402954101562e-01 -4.667988419532775879e-02 -1.010479927062988281e-01 -9.795059561729431152e-01 7.862268090248107910e-01 8.085636496543884277e-01 -2.288671135902404785e-01 -8.421868085861206055e-01 -1.431206911802291870e-01 -8.318769931793212891e-01 -8.384849876165390015e-02 9.941996335983276367e-01 9.841995239257812500e-01 -1.053366065025329590e-01 7.917864620685577393e-02 -4.543170928955078125e-01 9.994432330131530762e-01 -1.001733168959617615e-01 -5.541937947273254395e-01 9.981615543365478516e-01 -2.964076995849609375e-01 -5.079737305641174316e-01 9.974879026412963867e-01 1.638782471418380737e-01 5.156554579734802246e-01 3.681431710720062256e-01 -9.595289230346679688e-01 -8.079166412353515625e-01 6.379765272140502930e-01 9.889597296714782715e-01 9.830613136291503906e-01 1.421377062797546387e-01 4.437668919563293457e-01 -5.369441583752632141e-02 -9.983826279640197754e-01 -9.984881281852722168e-01 -9.921313524246215820e-01 3.923351168632507324e-01 5.333549380302429199e-01 9.167926907539367676e-01 9.935441017150878906e-01 -6.855649352073669434e-01 -6.778762489557266235e-02 9.854602813720703125e-01 -3.986876830458641052e-02 8.927404880523681641e-01 9.947428107261657715e-01 -9.891656637191772461e-01 -6.397067904472351074e-01 7.929123640060424805e-01 -1.773999631404876709e-02 -6.499071419239044189e-02 -1.456112265586853027e-01 9.944441318511962891e-01 9.306522011756896973e-01 8.236564695835113525e-02 -6.946045160293579102e-02 -9.551825523376464844e-01 -6.707403343170881271e-03 9.976765513420104980e-01 9.848182201385498047e-01 -5.881026387214660645e-02 2.871299982070922852e-01 5.588387250900268555e-01 3.555600643157958984e-01 9.999641776084899902e-01 2.270380556583404541e-01 -9.645829796791076660e-01 -5.187479257583618164e-01 -9.719499945640563965e-01 2.196101546287536621e-01 -6.510203480720520020e-01 7.239362001419067383e-01 4.904661178588867188e-01 -9.967383742332458496e-01 9.382251501083374023e-01 9.841480851173400879e-01 1.560066044330596924e-01 1.149289533495903015e-01 8.631823062896728516e-01 4.644042849540710449e-01 6.795610785484313965e-01 -4.823891520500183105e-01 -9.898017048835754395e-01 -9.902039170265197754e-01 -6.968413293361663818e-02 9.979068636894226074e-01 2.656374871730804443e-01 -5.801452398300170898e-01 9.858716726303100586e-01 4.755659103393554688e-01 5.701851844787597656e-01 9.254114627838134766e-01 9.999600052833557129e-01 4.567926526069641113e-01 8.200303912162780762e-01 4.590737819671630859e-01 -1.669072955846786499e-01 -6.339481472969055176e-01 -2.182045280933380127e-01 9.963939785957336426e-01 1.665341258049011230e-01 8.313435316085815430e-01 -6.796330958604812622e-02 -1.288238167762756348e-01 6.177652627229690552e-02 -9.524359703063964844e-01 -9.948258399963378906e-01 -5.268410965800285339e-02 -4.557974264025688171e-02 -1.661810278892517090e-02 -8.619567155838012695e-01 -9.963439702987670898e-01 -7.374094724655151367e-01 -8.205495774745941162e-02 4.992519021034240723e-01 -3.467891365289688110e-02 9.936062693595886230e-01 -5.004894137382507324e-01 1.001208052039146423e-01 -5.193365216255187988e-01 -9.993295669555664062e-01 6.133581995964050293e-01 5.454609915614128113e-02 -3.381364047527313232e-03 6.393317878246307373e-02 4.283531606197357178e-01 -3.161441162228584290e-02 3.176376223564147949e-02 -2.576084136962890625e-01 9.988651871681213379e-01 2.064856886863708496e-01 6.042887568473815918e-01 -7.566875219345092773e-02 4.309709668159484863e-01 -4.220195114612579346e-01 -4.137182533740997314e-01 7.797408103942871094e-01 -9.998710155487060547e-01 -3.685579597949981689e-01 -3.785994648933410645e-01 -4.430912733078002930e-01 -4.108455479145050049e-01 -5.384509563446044922e-01 9.998623132705688477e-01 1.747290492057800293e-01 1.546898186206817627e-01 -3.920635581016540527e-01 9.569669961929321289e-01 -3.979900479316711426e-01 8.981676697731018066e-01 -9.899174571037292480e-01 -9.893471002578735352e-01 -5.002797245979309082e-01 3.666315227746963501e-02 -9.741250276565551758e-01 -2.494199723005294800e-01 9.877430200576782227e-01 -9.994050860404968262e-01 1.393714547157287598e-01 -6.879689693450927734e-01 3.910323083400726318e-01 1.720869094133377075e-01 4.843300953507423401e-02 3.722392022609710693e-01 -9.898453354835510254e-01 -4.375396668910980225e-01 9.921479821205139160e-01 3.732651770114898682e-01 9.997525215148925781e-01 1.970690488815307617e-01 -7.693763375282287598e-01 2.163526415824890137e-01 -2.010101377964019775e-01 -5.028212070465087891e-01 -5.119363069534301758e-01 2.711084485054016113e-01 -9.754212498664855957e-01 9.241203665733337402e-01 -9.985222816467285156e-01 -8.660815954208374023e-01 2.272086143493652344e-01 -9.987291693687438965e-01 -9.655054211616516113e-01 -5.286779999732971191e-02 2.673956193029880524e-02 -3.285207152366638184e-01 -9.662194848060607910e-01 -9.999515414237976074e-01 3.882148861885070801e-01 -9.957864284515380859e-01 -8.308254480361938477e-01 -9.709111452102661133e-01 3.958991765975952148e-01 -2.540684938430786133e-01 2.996485866606235504e-02 1.229295730590820312e-01 6.274337321519851685e-02 2.036824822425842285e-01 8.597711324691772461e-01 4.105408191680908203e-01 9.174843430519104004e-01 5.650410652160644531e-01 3.628976643085479736e-02 2.697539888322353363e-02 -1.353161931037902832e-01 9.646884799003601074e-01 -8.603470772504806519e-02 -9.949926733970642090e-01 2.532657086849212646e-01 9.961606264114379883e-01 9.998103380203247070e-01 8.155356049537658691e-01 9.822345376014709473e-01 -9.275729060173034668e-01 -2.573139667510986328e-01 3.597258031368255615e-01 -8.308178186416625977e-01 9.751194119453430176e-01 3.537473380565643311e-01 4.430861175060272217e-01 -9.918217062950134277e-01 -9.984702467918395996e-01 2.773886919021606445e-01 -9.963517785072326660e-01 9.994403123855590820e-01 -1.724964380264282227e-01 5.277266502380371094e-01 5.745846033096313477e-01 -8.493081480264663696e-02 1.756372004747390747e-01 -4.486523866653442383e-01 -9.761632680892944336e-01 -1.862553358078002930e-01 2.145859450101852417e-01 2.863320112228393555e-01 -6.197822093963623047e-01 -9.999996423721313477e-01 8.268094062805175781e-01 -9.420959353446960449e-01 -3.433559834957122803e-01 3.315338790416717529e-01 8.240889012813568115e-02 3.269836008548736572e-01 3.098501861095428467e-01 9.966771006584167480e-01 -9.571357965469360352e-01 4.110876619815826416e-01 3.161225020885467529e-01 8.584892004728317261e-02 3.628916144371032715e-01 -3.354308307170867920e-01 8.112918138504028320e-01 9.789519309997558594e-01 -2.184509187936782837e-01 1.340519189834594727e-01 -3.898496925830841064e-01 -4.768041148781776428e-02
9.220569729804992676e-01 -2.895382642745971680e-01 9.152868762612342834e-03 1.016164720058441162e-01 -2.050547152757644653e-01 9.541922807693481445e-01 9.982346892356872559e-01 -9.591069221496582031e-01 8.460121229290962219e-03 -9.812766313552856445e-01 -2.140413783490657806e-02 -9.708766341209411621e-01 9.873339533805847168e-01 -9.900237917900085449e-01 -7.487800121307373047e-01 -2.439491897821426392e-01 2.932584844529628754e-02 5.797392874956130981e-02 -6.149308681488037109e-01 -2.567316889762878418e-01 4.683694839477539062e-01 1.986163556575775146e-01 8.702929615974426270e-01 -4.801934957504272461e-01 9.985838532447814941e-01 7.458195090293884277e-01 -3.457250297069549561e-01 -5.644032955169677734e-01 5.542576313018798828e-01 9.747788310050964355e-01 9.991545677185058594e-01 -2.160335630178451538e-01 4.859389662742614746e-01 2.359613925218582153e-01 -9.079330563545227051e-01 -2.686839997768402100e-01 -4.550400972366333008e-01 -6.810150146484375000e-01 -7.786659002304077148e-01 -1.491592526435852051e-01 -5.449868440628051758e-01 -4.220682680606842041e-01 -2.239129096269607544e-01 -9.704996943473815918e-01 -1.742573082447052002e-01 9.681348800659179688e-01 4.180622696876525879e-01 -3.423347175121307373e-01 8.222655057907104492e-01 -5.548965334892272949e-01 9.912136793136596680e-01 -1.850931048393249512e-01 9.465108513832092285e-01 -4.921094179153442383e-01 4.711359366774559021e-02 4.259350299835205078e-01 2.212946563959121704e-01 -2.015898078680038452e-01 -9.859805107116699219e-01 -9.946516752243041992e-01 -3.531333506107330322e-01 -2.192704528570175171e-01 9.486375451087951660e-01 -1.428681798279285431e-02 5.098645687103271484e-01 -9.620523452758789062e-01 9.874694943428039551e-01 8.004230856895446777e-01 -1.799970269203186035e-01 -9.577748775482177734e-01 8.057563900947570801e-01 9.967153072357177734e-01 -7.685824632644653320e-01 1.614931374788284302e-01 -9.467324018478393555e-01 2.315082699060440063e-01 4.042014479637145996e-01 8.941537737846374512e-01 1.430630534887313843e-01 4.841424897313117981e-02 -9.944027066230773926e-01 -4.993851482868194580e-01 9.983713030815124512e-01 -8.919574022293090820e-01 9.329299330711364746e-01 -6.129791736602783203e-01 5.055650472640991211e-01 2.746820151805877686e-01 -5.515356063842773438e-01 3.112886548042297363e-01 -8.520295023918151855e-01 2.269748598337173462e-02 7.598158121109008789e-01 -9.937784671783447266e-01 5.960392951965332031e-01 -8.199864029884338379e-01 9.536066651344299316e-01 -7.237507700920104980e-01 -9.991790652275085449e-01 -4.527647420763969421e-02 -9.497835040092468262e-01 -7.941954731941223145e-01 -9.452004432678222656e-01 -5.842166543006896973e-01 2.789527177810668945e-01 1.009310334920883179e-01 9.777910709381103516e-01 5.335301160812377930e-01 -5.058571696281433105e-01 8.727987408638000488e-01 7.354821264743804932e-02 5.405918955802917480e-01 9.980987310409545898e-01 -8.959854245185852051e-01 -5.202667117118835449e-01 4.033135175704956055e-01 -1.639088094234466553e-01 2.658443152904510498e-01 4.860947430133819580e-01 9.944516420364379883e-01 -9.263102412223815918e-01 -4.034398496150970459e-01 -7.506163716316223145e-01 9.986482262611389160e-01 -2.725670337677001953e-01 -5.103495717048645020e-01 -1.697319187223911285e-02 -5.719355493783950806e-02 -3.174116015434265137e-01 -3.597643375396728516e-01 9.970841407775878906e-01 -2.446780651807785034e-01 -4.058707654476165771e-01 1.155157610774040222e-01 3.772873878479003906e-01 -9.926114678382873535e-01 9.341315627098083496e-01 -9.563010931015014648e-01 -9.959769248962402344e-01 -7.437914609909057617e-02 9.970016479492187500e-01 4.784150719642639160e-01 -6.161704659461975098e-01 9.530659914016723633e-01 2.229486107826232910e-01 9.238362312316894531e-01 -7.705665826797485352e-01 9.982863068580627441e-01 2.300136387348175049e-01 -4.771063327789306641e-01 -7.056302428245544434e-01 3.607546165585517883e-02 7.705373764038085938e-01 -5.268023610115051270e-01 7.157878279685974121e-01 -5.463262796401977539e-01 -9.276559352874755859e-01 -4.281207919120788574e-01 1.934160888195037842e-01 1.873585581779479980e-01 -7.828447222709655762e-02 3.455675244331359863e-01 -1.229895502328872681e-01 -2.271291166543960571e-01 9.989686012268066406e-01 -4.334076941013336182e-01 -5.992914438247680664e-01 -6.865358948707580566e-01 9.758109450340270996e-01 9.298030734062194824e-01 1.008726060390472412e-01 3.482689857482910156e-01 -9.538953304290771484e-01 -9.633898138999938965e-01 -1.415765285491943359e-01 6.026335358619689941e-01 -4.304684400558471680e-01 -3.982848823070526123e-01 9.869471788406372070e-01 5.445104241371154785e-01 9.533994793891906738e-01 -2.906315624713897705e-01 9.890096783638000488e-01 -9.686997532844543457e-01 9.502117633819580078e-01 -9.914388060569763184e-01 4.382441937923431396e-01 4.959506988525390625e-01 4.620877802371978760e-01 9.613503813743591309e-01 9.854661226272583008e-01 -3.223426938056945801e-01 -8.861930370330810547e-01 -1.480615586042404175e-01 8.748875856399536133e-01 -3.831659853458404541e-01 -9.466627240180969238e-01 -9.372326731681823730e-01 -9.268869161605834961e-01 -7.595902681350708008e-02 -1.712802201509475708e-01 9.403432160615921021e-02 -3.827872276306152344e-01 4.937784969806671143e-01 -4.689978659152984619e-01 -8.558180332183837891e-01 1.511101331561803818e-02 9.700440764427185059e-01 9.262246489524841309e-01 1.663397401571273804e-01 -3.558945655822753906e-01 -9.446688890457153320e-01 -1.823393553495407104e-01 8.193272352218627930e-01 9.085022211074829102e-01 -9.435746669769287109e-01 9.637761116027832031e-01 9.909207820892333984e-01 9.769747853279113770e-01 1.206497848033905029e-01 -5.474846363067626953e-01 1.008064299821853638e-01 6.843866705894470215e-01 4.874326884746551514e-01 -9.904900193214416504e-01 -6.276497840881347656e-01 -8.443706035614013672e-01 -4.795113503932952881e-01 -8.299744129180908203e-01 9.881952404975891113e-01 -2.089728564023971558e-01 2.448641210794448853e-01 -2.769178748130798340e-01 4.011882543563842773e-01 -4.040663242340087891e-01 4.103181064128875732e-01 -8.813328742980957031e-01 -2.504400610923767090e-01 5.213094353675842285e-01 2.445586621761322021e-01 7.118638753890991211e-01 9.995940923690795898e-01 -6.190940737724304199e-01 8.499801754951477051e-01 9.899539947509765625e-01 5.396171212196350098e-01 9.857454895973205566e-01 2.744938060641288757e-02 9.350852966308593750e-01 -1.435696929693222046e-01 5.006704330444335938e-01 -4.206767380237579346e-01 -5.227861553430557251e-02 2.234804928302764893e-01 9.892385005950927734e-01 -3.748365864157676697e-02 -2.062721550464630127e-01 -9.981139302253723145e-01 6.435605287551879883e-01 6.314074397087097168e-01 -6.536767631769180298e-02 -9.846542477607727051e-01 -2.012341916561126709e-01 -8.527776002883911133e-01 -2.237635850906372070e-01 9.776631593704223633e-01 3.364729583263397217e-01 -1.258964240550994873e-01 1.050758659839630127e-01 -1.909863501787185669e-01 6.229180693626403809e-01 -9.800396859645843506e-03 -8.857567310333251953e-01 9.994812607765197754e-01 -8.196322917938232422e-01 -8.550127744674682617e-01 9.753147959709167480e-01 1.684462875127792358e-01 6.701014041900634766e-01 4.469805359840393066e-01 -9.517028927803039551e-01 -7.524904608726501465e-01 8.572911620140075684e-01 9.800726771354675293e-01 7.150717377662658691e-01 -3.054578006267547607e-01 6.256935596466064453e-01 -4.973125085234642029e-02 -9.929445981979370117e-01 -9.820633530616760254e-01 -9.968526959419250488e-01 8.259766697883605957e-01 7.225186228752136230e-01 9.003375768661499023e-01 9.874661564826965332e-01 -2.990364134311676025e-01 -9.749609977006912231e-02 9.840316772460937500e-01 -4.311802387237548828e-01 4.013592898845672607e-01 9.937239289283752441e-01 -8.736943602561950684e-01 -1.974806189537048340e-01 1.676221340894699097e-01 -6.025465726852416992e-01 -2.320096045732498169e-01 2.884194552898406982e-01 9.971042871475219727e-01 1.013479605317115784e-01 1.141494065523147583e-01 -5.978149175643920898e-01 -9.994177818298339844e-01 -1.287627369165420532e-01 9.989719390869140625e-01 9.793404340744018555e-01 -2.252344191074371338e-01 2.086493521928787231e-01 6.752216815948486328e-01 4.697711467742919922e-01 9.998549818992614746e-01 -7.612749189138412476e-02 6.827482581138610840e-01 -4.966214597225189209e-01 -9.979571104049682617e-01 -5.976803302764892578e-01 -6.935742497444152832e-01 9.866696000099182129e-01 -1.553536504507064819e-01 -9.579845666885375977e-01 6.453762054443359375e-01 9.965656399726867676e-01 1.389745771884918213e-01 -1.367390155792236328e-01 -9.901636838912963867e-01 4.598350524902343750e-01 4.086198508739471436e-01 -7.970452308654785156e-02 -9.775841832160949707e-01 -9.854817390441894531e-01 4.438379704952239990e-01 9.081001877784729004e-01 -3.422733247280120850e-01 -3.880403935909271240e-01 9.559418559074401855e-01 -5.409008264541625977e-01 -9.436565041542053223e-01 6.091326475143432617e-01 9.993758797645568848e-01 3.712571859359741211e-01 8.750151991844177246e-01 -1.390636116266250610e-01 1.883450001478195190e-01 -5.105340480804443359e-01 -7.470043003559112549e-02 9.757292270660400391e-01 3.364907801151275635e-01 9.411171078681945801e-01 -4.238782823085784912e-01 -5.186156630516052246e-01 9.171447902917861938e-02 -9.981341361999511719e-01 -9.715887308120727539e-01 -2.252114415168762207e-01 -3.047218620777130127e-01 2.927549881860613823e-03 -9.667928814888000488e-01 -9.783617258071899414e-01 1.432432681322097778e-01 4.973443150520324707e-01 6.950486898422241211e-01 -5.170235410332679749e-02 9.707830548286437988e-01 -7.355455160140991211e-01 1.468903869390487671e-01 3.536036312580108643e-01 -9.964907765388488770e-01 7.112327963113784790e-02 6.504551041871309280e-03 -2.695606052875518799e-01 -1.231674104928970337e-04 5.199864506721496582e-01 2.316487878561019897e-01 9.525393247604370117e-01 1.800819635391235352e-01 9.967800378799438477e-01 1.851278692483901978e-01 6.033613085746765137e-01 -5.498850941658020020e-01 1.928099803626537323e-02 -3.539147078990936279e-01 -3.388848602771759033e-01 9.854790568351745605e-01 -9.986451864242553711e-01 3.333616554737091064e-01 -2.114998176693916321e-03 -1.520292013883590698e-01 -5.411377549171447754e-01 -6.756869554519653320e-01 9.561234116554260254e-01 4.891669750213623047e-01 5.559651255607604980e-01 2.918522655963897705e-01 9.001310467720031738e-01 -6.549009084701538086e-01 9.965320825576782227e-01 -9.623563885688781738e-01 -9.371996521949768066e-01 -2.626744806766510010e-01 5.029637217521667480e-01 -9.908398985862731934e-01 -8.895385861396789551e-01 9.596019983291625977e-01 -9.926664829254150391e-01 2.293606549501419067e-01 -6.294519901275634766e-01 4.249762892723083496e-01 1.125529184937477112e-01 3.387232720851898193e-01 -1.251171678304672241e-01 -9.977723956108093262e-01 -6.779910922050476074e-01 9.912841320037841797e-01 3.423251211643218994e-01 9.978288412094116211e-01 6.529411673545837402e-01 -6.174207329750061035e-01 -3.998647630214691162e-01 4.425517916679382324e-01 6.585969123989343643e-03 -9.792189300060272217e-02 2.746585309505462646e-01 -9.504067301750183105e-01 7.595793008804321289e-01 -9.962423443794250488e-01 7.891892641782760620e-02 1.627361774444580078e-01 -9.832930564880371094e-01 -4.301033914089202881e-01 -2.023989111185073853e-01 -1.732850968837738037e-01 -2.161031812429428101e-01 -9.963352680206298828e-01 -9.852238893508911133e-01 2.934485971927642822e-01 -7.799578309059143066e-01 -7.991149425506591797e-01 -8.777540922164916992e-01 4.318022131919860840e-01 -5.334494113922119141e-01 3.437634408473968506e-01 3.792412579059600830e-01 2.308880239725112915e-01 2.023950666189193726e-01 8.155468702316284180e-01 5.615337491035461426e-01 9.973319172859191895e-01 4.292689561843872070e-01 -5.173734426498413086e-01 7.757500559091567993e-02 -3.638470470905303955e-01 9.565178751945495605e-01 3.758615627884864807e-02 -9.020264744758605957e-01 3.956888020038604736e-01 9.477550387382507324e-01 9.989730715751647949e-01 9.771027565002441406e-01 9.991347193717956543e-01 6.189496517181396484e-01 -1.855440139770507812e-01 2.209739983081817627e-01 -9.040644764900207520e-01 7.800386548042297363e-01 3.953028917312622070e-01 4.230211377143859863e-01 -9.959685802459716797e-01 -9.697165489196777344e-01 2.140078544616699219e-01 -9.693711996078491211e-01 9.993793368339538574e-01 3.113055527210235596e-01 5.912286043167114258e-01 5.396372675895690918e-01 6.143796443939208984e-01 2.071150541305541992e-01 6.411420702934265137e-01 -9.542792439460754395e-01 -4.375497996807098389e-01 -4.822815060615539551e-01 -1.633401066064834595e-01 -1.655334979295730591e-01 -9.999386668205261230e-01 1.021372675895690918e-01 -9.283278584480285645e-01 1.807740479707717896e-01 -3.318691253662109375e-01 2.275726348161697388e-01 4.147499203681945801e-01 8.149855732917785645e-01 7.267057299613952637e-01 -9.918348193168640137e-01 1.711977869272232056e-01 1.810961961746215820e-01 3.943504989147186279e-01 6.090947985649108887e-01 -6.522215604782104492e-01 9.499394297599792480e-01 9.682895541191101074e-01 4.490830302238464355e-01 3.221659660339355469e-01 -6.750220656394958496e-01 -7.560578584671020508e-01
-3.280664980411529541e-01 -5.724980309605598450e-02 1.112741902470588684e-01 2.423908412456512451e-01 -2.286370843648910522e-01 7.802971005439758301e-01 9.931963682174682617e-01 -7.477963566780090332e-01 8.613707125186920166e-02 -9.308459162712097168e-01 -2.283238247036933899e-02 -9.496576786041259766e-01 9.593577980995178223e-01 -7.786211967468261719e-01 -4.119785726070404053e-01 4.313785210251808167e-02 4.291721060872077942e-02 1.162217259407043457e-01 -6.617352366447448730e-01 -5.508388280868530273e-01 4.214902222156524658e-01 9.652229398488998413e-02 -2.752754390239715576e-01 1.579151898622512817e-01 8.792885541915893555e-01 9.941487908363342285e-01 2.378120273351669312e-02 -2.930246591567993164e-01 2.967334389686584473e-01 8.667553663253784180e-01 9.722219705581665039e-01 7.494211941957473755e-02 1.051723957061767578e-01 -3.252795934677124023e-01 -9.467071294784545898e-01 -4.755924940109252930e-01 -7.459442019462585449e-01 -4.605153799057006836e-01 -1.550400406122207642e-01 -3.509860932826995850e-01 3.816946595907211304e-02 6.465528905391693115e-02 1.677815616130828857e-01 -8.071161508560180664e-01 1.486400663852691650e-01 4.920185804367065430e-01 -2.770432829856872559e-01 -3.673123419284820557e-01 9.686891436576843262e-01 -4.980288445949554443e-01 9.963760972023010254e-01 -1.663950532674789429e-01 6.819398999214172363e-01 -3.694954812526702881e-01 5.740417838096618652e-01 2.058217823505401611e-01 -1.283355355262756348e-01 -6.283322721719741821e-02 -9.997985363006591797e-01 -6.421518921852111816e-01 -3.911289274692535400e-01 9.333900362253189087e-02 9.858947992324829102e-01 2.162204086780548096e-01 1.273791491985321045e-01 -9.712289571762084961e-01 7.609856128692626953e-01 6.218655109405517578e-01 -3.188227117061614990e-02 -7.858090400695800781e-01 9.808683395385742188e-01 9.903001785278320312e-01 -4.428484439849853516e-01 -9.447250366210937500e-01 -9.855638146400451660e-01 2.105122208595275879e-01 8.110109716653823853e-02 3.999131321907043457e-01 -1.821284443140029907e-01 -1.718657463788986206e-02 -8.106140494346618652e-01 -3.486505448818206787e-01 9.992737770080566406e-01 -5.435150861740112305e-01 8.225863575935363770e-01 -9.964542388916015625e-01 1.159014925360679626e-01 1.787983328104019165e-01 -3.703804612159729004e-01 3.436598479747772217e-01 -8.306818604469299316e-01 -3.593880832195281982e-01 6.832282543182373047e-01 -7.349349558353424072e-02 -5.429115891456604004e-01 -8.399461507797241211e-01 9.902419447898864746e-01 -6.131187081336975098e-01 -9.866390228271484375e-01 -3.368647098541259766e-01 7.710525989532470703e-01 5.145543217658996582e-01 -5.015704631805419922e-01 -4.816101193428039551e-01 8.790789544582366943e-02 1.614159345626831055e-01 5.201598405838012695e-01 5.280576348304748535e-01 -4.232279360294342041e-01 8.527263402938842773e-01 -4.078928846865892410e-03 8.156383633613586426e-01 5.609099864959716797e-01 -8.992532491683959961e-01 -5.906245112419128418e-01 3.932681977748870850e-01 -4.802548885345458984e-01 3.338423371315002441e-01 4.053198695182800293e-01 8.763046860694885254e-01 -7.629196643829345703e-01 -4.624654650688171387e-01 -9.125742912292480469e-01 9.991246461868286133e-01 -1.769556701183319092e-01 -3.442776799201965332e-01 -9.300233721733093262e-01 3.013047156855463982e-03 -2.043221294879913330e-01 -5.826661586761474609e-01 7.783718705177307129e-01 9.626824259757995605e-01 8.049461841583251953e-01 2.092199772596359253e-01 5.449144244194030762e-01 -9.966559410095214844e-01 8.654771447181701660e-01 -9.272618889808654785e-01 4.435724318027496338e-01 7.105188816785812378e-02 9.987174868583679199e-01 2.747393846511840820e-01 -4.445748031139373779e-01 2.341526597738265991e-01 -1.942594498395919800e-01 3.445786535739898682e-01 -1.960499882698059082e-01 9.552866220474243164e-01 2.192160338163375854e-01 -2.841797769069671631e-01 -5.094162821769714355e-01 6.837648898363113403e-02 -2.158746868371963501e-01 -4.156182408332824707e-01 6.005076766014099121e-01 -4.159988462924957275e-01 -7.782175540924072266e-01 -5.162798762321472168e-01 -3.161639571189880371e-01 1.626213192939758301e-01 -3.321448806673288345e-03 -8.231041580438613892e-02 2.308447062969207764e-01 -2.861705422401428223e-01 9.936403632164001465e-01 -1.271725744009017944e-01 -2.547350823879241943e-01 -3.781981170177459717e-01 9.008339643478393555e-01 -3.947355747222900391e-01 1.473176330327987671e-01 -7.949984073638916016e-01 -5.120594501495361328e-01 -8.858115673065185547e-01 1.766179688274860382e-02 2.937284409999847412e-01 -5.627150535583496094e-01 -3.118495345115661621e-01 9.954330325126647949e-01 9.983302354812622070e-01 9.844337105751037598e-01 -7.798041403293609619e-02 1.939519047737121582e-01 -8.851341009140014648e-01 9.039047956466674805e-01 -9.659581184387207031e-01 -5.030179619789123535e-01 9.457091689109802246e-01 4.732291102409362793e-01 9.828515648841857910e-01 -7.555840015411376953e-01 -9.828875660896301270e-01 -9.821741580963134766e-01 2.079540789127349854e-01 1.812236309051513672e-01 1.475283224135637283e-02 -9.400162696838378906e-01 -8.973004817962646484e-01 3.231707513332366943e-01 2.369271963834762573e-01 -1.203097403049468994e-02 1.256579458713531494e-01 5.301159024238586426e-01 5.842465162277221680e-01 -2.632784843444824219e-01 -1.054815426468849182e-01 -2.660265564918518066e-01 9.858102798461914062e-01 1.968958675861358643e-01 -1.039487421512603760e-01 -6.268934607505798340e-01 -7.543573379516601562e-01 -2.542001008987426758e-01 7.562565207481384277e-01 8.655064702033996582e-01 -9.764840602874755859e-01 8.914645314216613770e-01 9.992526173591613770e-01 8.651664257049560547e-01 7.394395768642425537e-02 -9.670706987380981445e-01 1.949371956288814545e-02 4.679731726646423340e-01 5.837028622627258301e-01 -9.282883405685424805e-01 7.775163650512695312e-01 -9.313487410545349121e-01 9.776252508163452148e-02 -1.118267849087715149e-01 9.501960277557373047e-01 -9.758305549621582031e-02 2.874588966369628906e-01 -1.586228013038635254e-01 3.078378438949584961e-01 8.272764682769775391e-01 6.350734829902648926e-01 -8.740129470825195312e-01 -4.609375894069671631e-01 4.560293257236480713e-01 1.951219439506530762e-01 8.747119903564453125e-01 9.999651908874511719e-01 -9.164448082447052002e-02 3.463327288627624512e-01 9.770532846450805664e-01 3.129735589027404785e-01 6.332973241806030273e-01 1.144087687134742737e-01 1.806785762310028076e-01 -6.717207375913858414e-03 2.219064831733703613e-01 -3.029634356498718262e-01 -3.186033666133880615e-02 4.038275182247161865e-01 9.861572384834289551e-01 -2.906007468700408936e-01 8.822141215205192566e-03 -9.985914230346679688e-01 3.799740970134735107e-01 4.671588242053985596e-01 -1.964428573846817017e-01 -5.016342997550964355e-01 -1.108605712652206421e-01 -9.137228131294250488e-01 -2.029774524271488190e-02 9.899265170097351074e-01 9.827024340629577637e-01 -9.825718998908996582e-01 4.485978931188583374e-02 -3.465828895568847656e-01 9.734049439430236816e-01 -2.065366357564926147e-01 -9.308709502220153809e-01 9.927057027816772461e-01 -6.471090316772460938e-01 -9.914864301681518555e-01 8.529334664344787598e-01 1.448678523302078247e-01 3.054451048374176025e-01 6.404044628143310547e-01 -9.759096503257751465e-01 -3.403176069259643555e-01 5.293869972229003906e-01 7.977257966995239258e-01 3.601505234837532043e-02 -1.039214655756950378e-01 2.949780523777008057e-01 -1.189531162381172180e-01 -9.928074479103088379e-01 -9.927915930747985840e-01 -7.309409379959106445e-01 6.202926635742187500e-01 4.820091426372528076e-01 3.947869241237640381e-01 8.558672070503234863e-01 -2.490742802619934082e-01 -4.057073593139648438e-01 9.765223264694213867e-01 -6.737254559993743896e-02 9.960175156593322754e-01 9.836524724960327148e-01 -9.576064944267272949e-01 -5.415093302726745605e-01 4.724152982234954834e-01 -2.054420411586761475e-01 4.573593437671661377e-01 1.810735017061233521e-01 9.924380183219909668e-01 5.442808866500854492e-01 -7.570389658212661743e-02 -1.914195716381072998e-01 -6.034135222434997559e-01 4.061709716916084290e-02 9.824505448341369629e-01 9.700647592544555664e-01 7.054875046014785767e-02 3.824639618396759033e-01 1.609086543321609497e-01 1.972692608833312988e-01 9.964989423751831055e-01 -9.354205429553985596e-02 -6.164615750312805176e-01 -3.633249104022979736e-01 -9.150874614715576172e-01 -3.466824591159820557e-01 -5.762690305709838867e-01 -8.458433747291564941e-01 -2.790163084864616394e-02 -8.456042408943176270e-01 8.281900882720947266e-01 9.598340392112731934e-01 3.115174546837806702e-02 -3.400867283344268799e-01 5.396459624171257019e-02 2.784673273563385010e-01 4.823783934116363525e-01 -1.502441018819808960e-01 -5.561556220054626465e-01 -9.628865122795104980e-01 3.302372694015502930e-01 9.926823377609252930e-01 -3.841858506202697754e-01 -2.419548630714416504e-01 9.899931550025939941e-01 -6.078830733895301819e-02 9.249111413955688477e-01 6.919393539428710938e-01 9.997091889381408691e-01 -4.377076029777526855e-02 9.224351048469543457e-01 3.145962953567504883e-01 -2.455116510391235352e-01 2.578604519367218018e-01 -1.469381600618362427e-01 8.490047454833984375e-01 3.002513647079467773e-01 -2.818109691143035889e-01 -1.414244920015335083e-01 -2.283288240432739258e-01 4.028674662113189697e-01 -9.485905170440673828e-01 -8.498938679695129395e-01 -4.281716048717498779e-01 -2.586963474750518799e-01 -1.864024549722671509e-01 -9.683096408843994141e-01 -8.703317046165466309e-01 1.597284339368343353e-02 5.467275977134704590e-01 6.135421991348266602e-01 -1.561053991317749023e-01 8.222128748893737793e-01 -6.207928657531738281e-01 1.846785098314285278e-01 2.415202558040618896e-01 -9.556844830513000488e-01 4.643563628196716309e-01 2.745701670646667480e-01 -2.002993375062942505e-01 -2.815115451812744141e-01 6.643445491790771484e-01 -7.136831432580947876e-02 8.081189543008804321e-02 2.981812357902526855e-01 9.200165271759033203e-01 -8.433485031127929688e-01 3.910981118679046631e-01 -3.672677874565124512e-01 8.499876856803894043e-01 -5.239980816841125488e-01 -3.236642777919769287e-01 9.789800643920898438e-01 -9.994004368782043457e-01 1.099891364574432373e-01 -3.624484837055206299e-01 -1.667590737342834473e-01 -1.459607332944869995e-01 -5.815685391426086426e-01 9.915789365768432617e-01 1.309212893247604370e-01 -8.642774075269699097e-02 -5.179906487464904785e-01 6.315793395042419434e-01 -4.756874442100524902e-01 8.584907650947570801e-01 -8.074156641960144043e-01 -8.459403514862060547e-01 -2.433176338672637939e-01 2.772368490695953369e-01 -9.830949902534484863e-01 -5.300635099411010742e-01 -1.520300656557083130e-02 -9.908478856086730957e-01 2.982147037982940674e-01 -3.445250988006591797e-01 6.111487150192260742e-01 1.085576508194208145e-02 -2.661998271942138672e-01 -3.739706575870513916e-01 -9.460042119026184082e-01 -5.370807647705078125e-01 9.030851721763610840e-01 1.141234934329986572e-01 9.327695965766906738e-01 6.036466956138610840e-01 -1.947494000196456909e-01 -5.783793926239013672e-01 2.851584181189537048e-02 -2.650216221809387207e-01 -1.908307075500488281e-01 3.887754380702972412e-01 -9.343845844268798828e-01 1.465504914522171021e-01 -9.972671270370483398e-01 -7.738171219825744629e-01 4.653818607330322266e-01 -8.000494837760925293e-01 1.323362737894058228e-01 -7.329000532627105713e-02 -4.844582676887512207e-01 1.333656907081604004e-01 -9.443754553794860840e-01 -9.950596690177917480e-01 3.820475935935974121e-01 -9.984748363494873047e-01 -8.823864459991455078e-01 -9.622087478637695312e-01 4.263588488101959229e-01 -2.383057214319705963e-02 9.577284753322601318e-02 -1.815208047628402710e-02 2.952921688556671143e-01 1.786614656448364258e-01 9.716213941574096680e-01 5.686126947402954102e-01 9.946995377540588379e-01 4.639761745929718018e-01 -7.912417501211166382e-02 -4.073240160942077637e-01 -1.169723346829414368e-01 9.906271100044250488e-01 1.659740507602691650e-01 -9.961109161376953125e-01 2.301629185676574707e-01 8.300269842147827148e-01 9.850837588310241699e-01 6.807485222816467285e-01 9.962421655654907227e-01 -7.439144253730773926e-01 -2.898920774459838867e-01 5.083554983139038086e-01 -2.715893685817718506e-01 7.194532752037048340e-01 4.243992641568183899e-02 6.085095405578613281e-01 -9.906654357910156250e-01 -9.951383471488952637e-01 2.791289687156677246e-01 -9.859341382980346680e-01 9.815087914466857910e-01 -2.276022359728813171e-02 4.306209683418273926e-01 6.220355629920959473e-01 3.086985945701599121e-01 -1.940251514315605164e-02 -8.774958252906799316e-01 -7.778548002243041992e-01 -7.159147858619689941e-01 -5.696427226066589355e-01 2.484571188688278198e-01 -5.924418196082115173e-02 -9.998617768287658691e-01 -9.466189146041870117e-01 -9.470813274383544922e-01 -1.896285116672515869e-01 -4.648445248603820801e-01 -5.808218568563461304e-02 6.036610007286071777e-01 2.666241824626922607e-01 9.702996015548706055e-01 -9.992588758468627930e-01 -2.134151011705398560e-01 5.329836010932922363e-01 1.296183466911315918e-01 2.637612223625183105e-01 -9.136859774589538574e-01 -8.081299811601638794e-02 9.684336185455322266e-01 4.362150728702545166e-01 7.995995134115219116e-02 -7.264050245285034180e-01 -6.383898854255676270e-01
-1.183941960334777832e-01 7.845696210861206055e-01 3.272871077060699463e-01 4.552077353000640869e-01 -4.314007163047790527e-01 4.076344072818756104e-01 9.907211661338806152e-01 -8.225395679473876953e-01 2.396220415830612183e-01 -5.559516549110412598e-01 -2.172843515872955322e-01 -9.020532369613647461e-01 9.842426776885986328e-01 -9.340108036994934082e-01 -9.857357144355773926e-01 5.337850451469421387e-01 2.539910972118377686e-01 -3.665305972099304199e-01 -3.933367729187011719e-01 -7.711327821016311646e-02 6.837003827095031738e-01 7.016792893409729004e-02 2.594150602817535400e-01 -9.670736789703369141e-01 9.997429847717285156e-01 9.581838250160217285e-01 -1.597601473331451416e-01 -3.939574956893920898e-01 5.774950385093688965e-01 9.999064803123474121e-01 8.583045601844787598e-01 -4.645463526248931885e-01 2.446607947349548340e-01 -2.017245590686798096e-01 -8.460171222686767578e-01 -2.449992746114730835e-01 -5.890117883682250977e-01 -8.126811981201171875e-01 -5.198017954826354980e-01 -4.270826280117034912e-01 -3.701331317424774170e-01 -7.336952537298202515e-02 -2.872674167156219482e-02 -9.337905645370483398e-01 3.512867540121078491e-02 9.744380712509155273e-01 7.549967169761657715e-01 -2.172597795724868774e-01 7.498473525047302246e-01 -1.482057571411132812e-01 9.706363081932067871e-01 -2.481059730052947998e-01 7.725188732147216797e-01 -2.641395926475524902e-01 8.874193429946899414e-01 3.581717908382415771e-01 2.915432453155517578e-01 -1.299719512462615967e-01 -9.990181326866149902e-01 -5.734806060791015625e-01 -6.018804311752319336e-01 -7.680895924568176270e-02 9.609356522560119629e-01 2.577086165547370911e-02 4.598274827003479004e-01 -6.042190790176391602e-01 8.915463089942932129e-01 9.723645448684692383e-01 -2.019289433956146240e-01 -8.222286701202392578e-01 7.752194404602050781e-01 9.975540637969970703e-01 3.678225874900817871e-01 -9.966290593147277832e-01 -4.084745049476623535e-02 2.347843796014785767e-01 4.498097300529479980e-02 7.662652134895324707e-01 4.031317681074142456e-02 -2.057528048753738403e-01 -8.960981965065002441e-01 -5.348412394523620605e-01 9.994413852691650391e-01 -9.857227206230163574e-01 9.996731877326965332e-01 -9.348260164260864258e-01 5.790969729423522949e-01 7.722279429435729980e-02 -5.690600872039794922e-01 3.434256091713905334e-02 -9.977204203605651855e-01 -4.425382316112518311e-01 6.249341964721679688e-01 -9.917423129081726074e-01 -4.823604524135589600e-01 -8.558872342109680176e-01 9.795783758163452148e-01 -6.043271422386169434e-01 -9.626996517181396484e-01 -2.857398390769958496e-01 2.764533832669258118e-02 -7.110068202018737793e-01 -4.095411002635955811e-01 -6.492215991020202637e-01 5.975013598799705505e-02 1.604969799518585205e-01 9.281867146492004395e-01 6.713364720344543457e-01 -4.758667945861816406e-01 9.926891922950744629e-01 -2.402160614728927612e-01 8.783557415008544922e-01 9.696623086929321289e-01 -9.990460872650146484e-01 -4.910190105438232422e-01 1.582368910312652588e-01 9.925679117441177368e-02 8.383242487907409668e-01 5.272960662841796875e-01 9.951290488243103027e-01 -9.407275319099426270e-01 -1.397273838520050049e-01 -9.309254884719848633e-01 9.963150024414062500e-01 -2.184859514236450195e-01 -4.483007490634918213e-01 -6.528555154800415039e-01 -2.053974866867065430e-01 -6.289524435997009277e-01 -5.241853594779968262e-01 9.946906566619873047e-01 9.568727016448974609e-01 -1.312706321477890015e-01 3.166602253913879395e-01 7.480012178421020508e-01 -9.964584708213806152e-01 9.607685804367065430e-01 -9.973589181900024414e-01 -6.237935423851013184e-01 2.808079682290554047e-02 9.992001652717590332e-01 3.374727070331573486e-01 -7.234233021736145020e-01 9.457347393035888672e-01 -2.756158709526062012e-01 7.560697793960571289e-01 -7.947400212287902832e-01 9.149671196937561035e-01 8.161995410919189453e-01 -3.311036527156829834e-01 -6.556419134140014648e-01 1.738433376885950565e-03 8.671721220016479492e-01 -6.235678791999816895e-01 6.131819486618041992e-01 -4.814719259738922119e-01 -9.991821646690368652e-01 -5.584141016006469727e-01 -1.474842894822359085e-02 3.506220877170562744e-01 -2.179242074489593506e-01 4.705075919628143311e-01 1.230836808681488037e-01 -4.866482019424438477e-01 9.995388388633728027e-01 -5.190019011497497559e-01 -7.188715934753417969e-01 -7.682799100875854492e-01 8.902691602706909180e-01 2.506459653377532959e-01 2.794569134712219238e-01 -5.515397191047668457e-01 -9.222658872604370117e-01 -9.998462200164794922e-01 3.611496090888977051e-01 6.007794141769409180e-01 -3.480134904384613037e-01 -8.896451443433761597e-02 9.980397224426269531e-01 9.827069044113159180e-01 9.763075709342956543e-01 -5.489908456802368164e-01 9.906482100486755371e-01 -9.789184331893920898e-01 8.625259995460510254e-01 -9.743885397911071777e-01 -2.004584968090057373e-01 3.189174532890319824e-01 2.707277834415435791e-01 8.814126849174499512e-01 -4.912233054637908936e-01 -9.800332784652709961e-01 -9.833852648735046387e-01 5.264889821410179138e-02 9.151383042335510254e-01 1.293242722749710083e-01 -7.031191587448120117e-01 -9.996180534362792969e-01 6.001773104071617126e-02 -1.131318658590316772e-01 8.827917277812957764e-03 2.878134846687316895e-01 8.476071357727050781e-01 1.413329690694808960e-01 -3.143434226512908936e-01 2.317855805158615112e-01 -5.060299038887023926e-01 9.954517483711242676e-01 9.494565129280090332e-01 2.736788708716630936e-03 -8.568233251571655273e-02 -8.761074542999267578e-01 1.709453761577606201e-01 8.186991214752197266e-01 9.975317120552062988e-01 -7.297466397285461426e-01 9.888864755630493164e-01 9.476088881492614746e-01 9.999184608459472656e-01 3.130896985530853271e-01 -8.734277486801147461e-01 -1.722318977117538452e-01 2.979607880115509033e-01 2.004703879356384277e-01 -3.716976046562194824e-01 9.557424187660217285e-01 -9.979997873306274414e-01 -4.010723829269409180e-01 -5.763850212097167969e-01 9.992716312408447266e-01 -5.625949427485466003e-02 2.367754131555557251e-01 -2.657681405544281006e-01 6.613023877143859863e-01 9.641228318214416504e-01 1.711663156747817993e-01 -7.127076983451843262e-01 1.787299173884093761e-03 3.693707287311553955e-01 -4.098122119903564453e-01 -1.881897151470184326e-01 9.999830722808837891e-01 -9.647334218025207520e-01 4.567399322986602783e-01 9.995692968368530273e-01 6.962887048721313477e-01 9.590651392936706543e-01 -2.921589910984039307e-01 -1.463116109371185303e-01 2.416758686304092407e-01 3.276791274547576904e-01 -3.422045707702636719e-01 -2.092425525188446045e-01 3.645095229148864746e-01 9.923744797706604004e-01 -1.804024577140808105e-01 -4.746541082859039307e-01 -9.994515180587768555e-01 9.530754685401916504e-01 -6.527050733566284180e-01 -1.937361210584640503e-01 -9.842963218688964844e-01 -2.221572697162628174e-01 -1.268460303544998169e-01 -1.939814984798431396e-01 9.950763583183288574e-01 7.402492165565490723e-01 -5.630735754966735840e-01 2.833973765373229980e-01 -1.156189367175102234e-01 9.899442195892333984e-01 -1.715724170207977295e-01 -9.964828491210937500e-01 9.968836307525634766e-01 -6.036010384559631348e-01 -9.894639253616333008e-01 9.786255359649658203e-01 4.339739680290222168e-01 8.909143209457397461e-01 5.099165439605712891e-01 -9.961658120155334473e-01 -7.688034772872924805e-01 8.605437874794006348e-01 9.325304627418518066e-01 5.538069009780883789e-01 -2.277598530054092407e-01 6.349273920059204102e-01 -4.362992644309997559e-01 -9.952455163002014160e-01 -9.998887181282043457e-01 -2.876489460468292236e-01 7.703980207443237305e-01 5.989115834236145020e-01 -1.263348944485187531e-02 9.967235922813415527e-01 -8.391800522804260254e-01 -3.456365764141082764e-01 9.962175488471984863e-01 8.972161263227462769e-02 8.668370246887207031e-01 9.967300891876220703e-01 -9.914208650588989258e-01 -9.815958738327026367e-01 5.531176328659057617e-01 -3.936960399150848389e-01 1.284019351005554199e-01 2.006998658180236816e-01 9.980805516242980957e-01 -7.071332633495330811e-02 1.920174211263656616e-01 -3.055365756154060364e-02 2.554031312465667725e-01 2.428049594163894653e-01 9.978673458099365234e-01 9.935387372970581055e-01 -2.940485179424285889e-01 6.804700493812561035e-01 6.951251626014709473e-01 4.697651565074920654e-01 9.999525547027587891e-01 1.630392521619796753e-01 -4.116930365562438965e-01 -2.657146751880645752e-01 -8.562241792678833008e-01 -1.798847019672393799e-01 -7.226537466049194336e-01 3.600849509239196777e-01 5.184947252273559570e-01 -9.998165369033813477e-01 8.301286101341247559e-01 9.742960333824157715e-01 2.053357958793640137e-01 3.286623358726501465e-01 -7.458479404449462891e-01 5.617784857749938965e-01 4.807108044624328613e-01 1.027298718690872192e-01 -9.756952524185180664e-01 -9.994665384292602539e-01 6.155130267143249512e-01 9.756821393966674805e-01 7.334241271018981934e-02 -4.740728139877319336e-01 9.978110790252685547e-01 7.850066423416137695e-01 -2.656194269657135010e-01 9.842235445976257324e-01 9.999585151672363281e-01 3.621350526809692383e-01 9.704434871673583984e-01 3.594563901424407959e-01 -1.650816798210144043e-01 -8.514169454574584961e-01 -2.068509161472320557e-01 9.999169707298278809e-01 3.924118280410766602e-01 9.177222847938537598e-01 -3.886619955301284790e-02 -6.295945644378662109e-01 -7.956037670373916626e-02 -9.800335764884948730e-01 -9.998856782913208008e-01 -2.943980395793914795e-01 -1.163847818970680237e-01 3.002382218837738037e-01 -9.130730628967285156e-01 -9.999263286590576172e-01 -5.881891846656799316e-01 3.118353188037872314e-01 4.833554625511169434e-01 8.940014243125915527e-02 9.932680726051330566e-01 -6.060523986816406250e-01 8.913934975862503052e-02 -7.316870689392089844e-01 -9.984155297279357910e-01 1.406507343053817749e-01 2.302533835172653198e-01 -3.046472370624542236e-01 -7.213781028985977173e-02 9.773679971694946289e-01 1.990661397576332092e-02 -7.510483264923095703e-03 -2.887732163071632385e-02 9.940819144248962402e-01 3.474701344966888428e-01 5.765855312347412109e-01 -5.146124362945556641e-01 9.554584026336669922e-01 -2.083414942026138306e-01 -1.361274719238281250e-01 9.917508363723754883e-01 -9.983084797859191895e-01 3.090417981147766113e-01 -4.625511169433593750e-01 3.868799284100532532e-02 -4.413562119007110596e-01 -7.617681026458740234e-01 9.876754879951477051e-01 6.517040133476257324e-01 4.326235949993133545e-01 -1.321179717779159546e-01 9.961114525794982910e-01 -5.751528739929199219e-01 9.102651476860046387e-01 -9.427636265754699707e-01 -9.994280338287353516e-01 -5.784592628479003906e-01 1.234424933791160583e-01 -9.973319768905639648e-01 -9.759095907211303711e-01 4.032959640026092529e-01 -9.328713417053222656e-01 2.753266692161560059e-01 3.924501240253448486e-01 5.015434622764587402e-01 2.054273635149002075e-01 5.551412105560302734e-01 1.126815974712371826e-01 -9.120493531227111816e-01 -8.701726198196411133e-01 9.916056990623474121e-01 1.778890937566757202e-01 9.998522996902465820e-01 6.109476089477539062e-01 -9.494051933288574219e-01 -4.268963932991027832e-01 1.577840894460678101e-01 -1.643511950969696045e-01 -1.259746700525283813e-01 1.982128918170928955e-01 -9.944191575050354004e-01 5.086501836776733398e-01 -9.946007132530212402e-01 -5.995303392410278320e-01 4.306834340095520020e-01 -9.918826818466186523e-01 -9.744781851768493652e-01 -2.838537693023681641e-01 -1.996497511863708496e-01 -7.779204845428466797e-02 -9.781600832939147949e-01 -9.989321827888488770e-01 2.139770388603210449e-01 -9.926633238792419434e-01 -9.554045200347900391e-01 -8.912970423698425293e-01 6.123992800712585449e-01 -2.887335121631622314e-01 4.874055087566375732e-01 1.818171888589859009e-01 -8.373519033193588257e-02 1.145413219928741455e-01 8.535432219505310059e-01 6.184322834014892578e-01 9.975312352180480957e-01 1.858087629079818726e-01 -1.457080692052841187e-01 -9.645549580454826355e-03 8.125498145818710327e-02 9.786018729209899902e-01 2.699012160301208496e-01 -8.915632963180541992e-01 3.761082887649536133e-01 9.997607469558715820e-01 9.998030066490173340e-01 9.690294861793518066e-01 9.993633031845092773e-01 1.592120528221130371e-01 -1.415057927370071411e-01 6.016741394996643066e-01 -7.005552202463150024e-02 9.852017760276794434e-01 1.814523190259933472e-01 5.378230810165405273e-01 -9.920029640197753906e-01 -9.563986659049987793e-01 5.156447291374206543e-01 -9.948825836181640625e-01 9.997548460960388184e-01 -2.319974899291992188e-01 7.710229158401489258e-01 7.665519714355468750e-01 4.931678064167499542e-03 1.122480332851409912e-01 -1.763089895248413086e-01 -9.891803860664367676e-01 -5.079231262207031250e-01 -1.204190477728843689e-01 -1.722256541252136230e-01 -1.720356941223144531e-01 -9.999369978904724121e-01 -9.516397714614868164e-01 -8.367998600006103516e-01 -5.159495398402214050e-02 -2.337094992399215698e-01 -2.032792270183563232e-01 5.303912162780761719e-01 6.426233053207397461e-01 9.924653172492980957e-01 -9.958527684211730957e-01 1.602468043565750122e-01 2.340908795595169067e-01 3.120140433311462402e-01 5.834247469902038574e-01 -7.574101686477661133e-01 -1.135527044534683228e-01 9.913208484649658203e-01 3.352076113224029541e-01 1.752907484769821167e-01 -6.739893555641174316e-01 3.360169753432273865e-02
4.650197923183441162e-01 5.482345819473266602e-01 8.685333281755447388e-02 4.641729295253753662e-01 -4.855102002620697021e-01 5.029621124267578125e-01 9.956830143928527832e-01 -9.890756011009216309e-01 1.952240616083145142e-01 -8.276959657669067383e-01 1.325384825468063354e-01 -8.482839465141296387e-01 9.645582437515258789e-01 -9.792652726173400879e-01 -7.975417971611022949e-01 1.140540242195129395e-01 6.778906285762786865e-02 -6.863371282815933228e-02 -6.197326779365539551e-01 -3.786990940570831299e-01 4.911251366138458252e-01 2.855422347784042358e-02 -3.938653171062469482e-01 -1.617952138185501099e-01 9.964661002159118652e-01 9.901242256164550781e-01 1.163700013421475887e-03 -2.392412573099136353e-01 5.429813265800476074e-01 8.187254667282104492e-01 9.123215079307556152e-01 -1.419045627117156982e-01 4.146524667739868164e-01 3.426945209503173828e-01 -9.972877502441406250e-01 -3.075326979160308838e-01 -6.486396193504333496e-01 -6.150940060615539551e-01 -2.906482517719268799e-01 -3.689381778240203857e-01 -2.391278557479381561e-02 2.261602282524108887e-01 2.895692288875579834e-01 -9.654929637908935547e-01 -4.568554088473320007e-02 7.017458230257034302e-02 3.126802146434783936e-01 9.759627282619476318e-02 9.650270342826843262e-01 -4.486824870109558105e-01 9.749997854232788086e-01 5.523248389363288879e-02 9.276899099349975586e-01 -5.936632305383682251e-02 -4.703139364719390869e-01 3.641270697116851807e-01 2.711010575294494629e-01 3.599937260150909424e-01 -9.958654046058654785e-01 -9.814137220382690430e-01 -1.042056009173393250e-01 -2.116474211215972900e-01 9.981690049171447754e-01 4.986817948520183563e-03 2.655622363090515137e-01 -9.339120388031005859e-01 7.322116494178771973e-01 4.200739860534667969e-01 -8.104127645492553711e-02 -7.858790755271911621e-01 7.693722844123840332e-01 9.976872205734252930e-01 -8.751217126846313477e-01 -9.919146299362182617e-01 -9.143899679183959961e-01 -1.506208479404449463e-01 -1.405220329761505127e-01 9.420879483222961426e-01 1.514405906200408936e-01 -7.651327550411224365e-02 -7.996981143951416016e-01 5.151462554931640625e-02 9.980301260948181152e-01 -8.219615817070007324e-01 8.399112820625305176e-01 -8.407261371612548828e-01 2.661926448345184326e-01 4.050582349300384521e-01 -3.689185976982116699e-01 4.139055013656616211e-01 -8.806784152984619141e-01 -4.547428190708160400e-01 4.767309427261352539e-01 -8.999307751655578613e-01 -5.403881072998046875e-01 -9.705497026443481445e-01 9.817351102828979492e-01 -2.931218147277832031e-01 -8.088088631629943848e-01 -4.723380804061889648e-01 -1.849601268768310547e-01 -8.810970187187194824e-01 -8.987730145454406738e-01 -5.423842668533325195e-01 -1.234436258673667908e-01 7.749827951192855835e-02 9.628434777259826660e-01 5.129888653755187988e-01 -3.194417059421539307e-01 7.316582202911376953e-01 -3.113672137260437012e-01 5.942618250846862793e-01 9.432100653648376465e-01 -9.201393723487854004e-01 -2.225962430238723755e-01 2.270742654800415039e-01 -7.735188007354736328e-01 -2.765374481678009033e-01 4.476541280746459961e-01 9.569272398948669434e-01 -9.472291469573974609e-01 -1.915334910154342651e-01 -8.819077610969543457e-01 9.969840645790100098e-01 -1.763747185468673706e-01 -2.034053206443786621e-01 -7.447047829627990723e-01 1.927612870931625366e-01 -3.206788897514343262e-01 -2.044741809368133545e-01 9.750171303749084473e-01 9.283270239830017090e-01 -4.421056210994720459e-01 2.967183589935302734e-01 5.989438295364379883e-01 -9.642959833145141602e-01 9.895150661468505859e-01 -9.517190456390380859e-01 -1.054548844695091248e-01 4.013232141733169556e-02 9.997504353523254395e-01 2.485944032669067383e-01 -2.671303153038024902e-01 8.262411355972290039e-01 1.926309661939740181e-03 6.178204417228698730e-01 -8.311577439308166504e-01 8.438416719436645508e-01 -8.047865033149719238e-01 -4.503056704998016357e-01 -5.513012409210205078e-01 -1.187605634331703186e-01 2.070497274398803711e-01 2.215824835002422333e-02 4.217524528503417969e-01 -4.941851496696472168e-01 -7.551052570343017578e-01 1.118859946727752686e-01 -3.569944500923156738e-01 4.095085263252258301e-01 -9.438633918762207031e-02 3.933741748332977295e-01 -2.834907732903957367e-02 -3.057229816913604736e-01 9.997365474700927734e-01 -1.572664976119995117e-01 -3.284125030040740967e-01 -5.709218978881835938e-01 9.936004877090454102e-01 5.448589920997619629e-01 2.827009558677673340e-02 -3.218435049057006836e-01 8.086460083723068237e-02 -8.055104613304138184e-01 -6.394240260124206543e-02 2.829619646072387695e-01 -4.322200119495391846e-01 -2.037251889705657959e-01 9.985265135765075684e-01 8.945521712303161621e-01 8.243043422698974609e-01 -2.732565402984619141e-01 5.069805979728698730e-01 -7.052834033966064453e-01 9.059740304946899414e-01 -9.907562732696533203e-01 -3.184240162372589111e-01 -2.235675603151321411e-01 3.792355656623840332e-01 9.792651534080505371e-01 5.120567679405212402e-01 -8.605359792709350586e-01 -9.913887381553649902e-01 2.063747495412826538e-01 8.794339299201965332e-01 -8.925542980432510376e-02 -9.968690872192382812e-01 -9.123015999794006348e-01 5.438159704208374023e-01 -3.256549313664436340e-02 9.600529819726943970e-02 -1.931033432483673096e-01 -2.238158136606216431e-01 7.126478105783462524e-02 -3.410026729106903076e-01 8.031554222106933594e-01 1.470799744129180908e-02 9.525877833366394043e-01 8.778191208839416504e-01 -1.095555275678634644e-01 -9.512708187103271484e-01 -7.991848587989807129e-01 -3.376496434211730957e-01 7.007778882980346680e-01 9.235287904739379883e-01 -9.747277498245239258e-01 8.844146132469177246e-01 9.983385801315307617e-01 8.418835997581481934e-01 2.762613892555236816e-01 -8.469448685646057129e-01 -7.395247370004653931e-02 -7.485190629959106445e-01 1.899320483207702637e-01 -4.398909807205200195e-01 8.418090343475341797e-01 -9.135212302207946777e-01 -2.236626148223876953e-01 -6.648210287094116211e-01 9.906478524208068848e-01 5.741677060723304749e-02 2.386971861124038696e-01 -4.113022089004516602e-01 3.618364930152893066e-01 7.294489145278930664e-01 3.404048979282379150e-01 -8.029806017875671387e-01 -2.735893130302429199e-01 2.035692930221557617e-01 -3.394800722599029541e-01 8.286437988281250000e-01 9.999856948852539062e-01 -1.158818788826465607e-02 8.389670848846435547e-01 9.382760524749755859e-01 3.707635402679443359e-01 9.744145870208740234e-01 3.083168864250183105e-01 1.337149888277053833e-01 -1.180283576250076294e-01 1.602082997560501099e-01 1.972063258290290833e-02 -6.157071143388748169e-02 3.811506032943725586e-01 9.852127432823181152e-01 -1.739835441112518311e-01 -3.196902275085449219e-01 -9.906603097915649414e-01 -1.457991451025009155e-02 -3.252092599868774414e-01 -3.055415749549865723e-01 -9.912353754043579102e-01 -7.053950335830450058e-03 -9.217441678047180176e-01 -1.181330978870391846e-01 9.874479174613952637e-01 9.275299310684204102e-01 -9.708822965621948242e-01 3.508179262280464172e-02 -3.529958724975585938e-01 9.623959064483642578e-01 -4.192580878734588623e-01 -9.870748519897460938e-01 9.948537945747375488e-01 -4.835792779922485352e-01 -9.932233095169067383e-01 9.156211018562316895e-01 1.814805120229721069e-01 9.802346825599670410e-01 5.171653032302856445e-01 -9.465897083282470703e-01 -9.973436594009399414e-01 1.207752525806427002e-01 9.346506595611572266e-01 7.715165615081787109e-01 -2.324732244014739990e-01 2.687152028083801270e-01 -1.166671589016914368e-01 -9.843851327896118164e-01 -9.978447556495666504e-01 -3.216179609298706055e-01 4.496528804302215576e-01 5.373805165290832520e-01 -3.241793513298034668e-01 9.626470208168029785e-01 -7.113593220710754395e-01 1.881814599037170410e-01 9.856024384498596191e-01 -6.486143916845321655e-02 9.050672650337219238e-01 9.979862570762634277e-01 -9.645068645477294922e-01 -5.221188813447952271e-02 7.964736223220825195e-01 -1.763160973787307739e-01 2.489467561244964600e-01 8.186921477317810059e-02 9.966951012611389160e-01 -5.235400795936584473e-01 2.400896102190017700e-01 2.682072818279266357e-01 -2.246796786785125732e-01 1.349542438983917236e-01 9.949699640274047852e-01 9.622597694396972656e-01 -7.773896306753158569e-02 2.933650314807891846e-01 3.066430687904357910e-01 1.046339124441146851e-01 9.996957182884216309e-01 3.810375928878784180e-01 2.529459595680236816e-01 -4.447525441646575928e-01 -7.652128338813781738e-01 -1.271653920412063599e-01 -6.715881228446960449e-01 -4.382156431674957275e-01 -2.176261544227600098e-01 -8.310528397560119629e-01 -7.007462978363037109e-01 9.967743158340454102e-01 3.529790937900543213e-01 -3.668987890705466270e-03 -5.501139760017395020e-01 3.023075163364410400e-01 1.409580409526824951e-01 1.591539531946182251e-01 -9.415020942687988281e-01 -9.492036700248718262e-01 3.864471912384033203e-01 9.988682270050048828e-01 1.144216023385524750e-02 -4.162758588790893555e-01 9.997317790985107422e-01 -3.584935069084167480e-01 -6.296026706695556641e-01 5.344200730323791504e-01 9.997049570083618164e-01 1.919397860765457153e-01 8.179835677146911621e-01 3.537548780441284180e-01 -2.582094967365264893e-01 8.778009414672851562e-01 2.322301864624023438e-01 8.094215989112854004e-01 3.824717104434967041e-01 -7.756005227565765381e-02 -2.666749060153961182e-01 -2.715382277965545654e-01 -1.427325326949357986e-02 -9.987279772758483887e-01 -8.009455800056457520e-01 -5.014963746070861816e-01 -6.483138073235750198e-03 2.750685513019561768e-01 -9.988088607788085938e-01 -8.202954530715942383e-01 3.059416264295578003e-02 8.100143074989318848e-02 3.065983355045318604e-01 2.103841900825500488e-01 9.735038280487060547e-01 -5.677717924118041992e-01 -1.856149137020111084e-01 3.249325603246688843e-02 -9.657741785049438477e-01 3.954449295997619629e-01 1.468365490436553955e-01 -4.588258564472198486e-01 -2.492423355579376221e-01 9.358407855033874512e-01 -2.845291607081890106e-02 -2.588037550449371338e-01 8.842307329177856445e-02 9.910791516304016113e-01 2.864113152027130127e-01 3.088002800941467285e-01 -2.601512372493743896e-01 8.037869930267333984e-01 -1.642232537269592285e-01 -3.350325226783752441e-01 9.936432838439941406e-01 -9.983479380607604980e-01 6.633627414703369141e-02 -3.640607595443725586e-01 2.501273453235626221e-01 -3.067425489425659180e-01 -7.903277873992919922e-01 9.969495534896850586e-01 2.836866974830627441e-01 1.885973066091537476e-01 -8.210763335227966309e-01 4.765945672988891602e-01 -2.637313008308410645e-01 9.923525452613830566e-01 -9.942132830619812012e-01 -7.997922301292419434e-01 -2.707061767578125000e-01 -5.426187533885240555e-03 -9.999275207519531250e-01 -9.128084182739257812e-01 7.155621647834777832e-01 -9.813100099563598633e-01 2.000684887170791626e-01 -3.420000970363616943e-01 2.681722342967987061e-01 -1.100452095270156860e-01 -1.865483820438385010e-01 -3.731582760810852051e-01 -9.969372153282165527e-01 -3.569537997245788574e-01 9.931114315986633301e-01 3.109367191791534424e-01 9.932535290718078613e-01 5.918285846710205078e-01 -8.253533840179443359e-01 6.364915054291486740e-03 2.400866895914077759e-01 -2.152383774518966675e-01 -9.237288497388362885e-03 2.895774543285369873e-01 -9.980663657188415527e-01 1.834683269262313843e-01 -9.997360110282897949e-01 3.479523360729217529e-01 1.275139451026916504e-01 -9.716014266014099121e-01 -1.330146193504333496e-01 1.297124661505222321e-02 -2.646052837371826172e-01 -5.759555101394653320e-02 -9.907847046852111816e-01 -9.981802105903625488e-01 2.125024199485778809e-01 -9.981800317764282227e-01 -9.717507958412170410e-01 -9.957471489906311035e-01 5.171005129814147949e-01 -3.494487106800079346e-01 1.799614429473876953e-01 3.220351040363311768e-01 4.189207255840301514e-01 1.954301893711090088e-01 1.274686157703399658e-01 5.842325091361999512e-01 9.765413999557495117e-01 2.947474122047424316e-01 -1.190201938152313232e-01 -2.068086117506027222e-01 5.465174913406372070e-01 9.549227952957153320e-01 -2.097348310053348541e-02 -9.652222990989685059e-01 4.536641240119934082e-01 8.347887396812438965e-01 9.966467022895812988e-01 5.553954243659973145e-01 9.893137216567993164e-01 2.409803271293640137e-01 -1.879399269819259644e-01 3.886646628379821777e-01 2.472931705415248871e-02 7.548151612281799316e-01 -5.195058137178421021e-02 4.935483038425445557e-01 -9.946552515029907227e-01 -9.984610080718994141e-01 4.856483042240142822e-01 -9.863072633743286133e-01 9.958087801933288574e-01 -3.849018514156341553e-01 6.444299817085266113e-01 3.865345716476440430e-01 3.589454293251037598e-01 3.123566806316375732e-01 -9.748969674110412598e-01 -9.591637849807739258e-01 -4.040333926677703857e-01 -3.012649118900299072e-01 -2.987732589244842529e-01 -3.243578970432281494e-01 -9.999898076057434082e-01 -8.787671923637390137e-01 -8.337250947952270508e-01 -5.408034101128578186e-02 8.526408672332763672e-02 -1.323988735675811768e-01 6.560965776443481445e-01 4.490888714790344238e-01 9.630225896835327148e-01 -9.981150031089782715e-01 -1.725745648145675659e-01 3.747472167015075684e-01 -5.422407388687133789e-02 7.694340497255325317e-02 -7.823863029479980469e-01 2.074569649994373322e-02 8.310044407844543457e-01 -5.869776755571365356e-02 -4.933667555451393127e-02 -3.689827322959899902e-01 -9.390280246734619141e-01
-9.694514274597167969e-01 9.990195035934448242e-01 -3.419784903526306152e-01 5.780141800642013550e-02 6.709499359130859375e-01 8.407942205667495728e-02 9.917361736297607422e-01 -9.715130329132080078e-01 -1.679618209600448608e-01 -9.742657542228698730e-01 3.329711556434631348e-01 -8.601472377777099609e-01 9.564852118492126465e-01 -9.971222281455993652e-01 -5.702360868453979492e-01 2.307221293449401855e-01 2.901896238327026367e-01 3.952497839927673340e-01 -6.237230300903320312e-01 -2.745870053768157959e-01 7.585552930831909180e-01 4.783888757228851318e-01 1.092945486307144165e-01 4.545899629592895508e-01 9.989777207374572754e-01 9.877372384071350098e-01 -5.124394297599792480e-01 -6.132290959358215332e-01 2.802855670452117920e-01 -7.280916571617126465e-01 7.899437546730041504e-01 -1.474809646606445312e-01 2.429844439029693604e-01 1.773890107870101929e-01 -7.032431364059448242e-01 -2.268704771995544434e-01 -5.414919257164001465e-01 -4.379705786705017090e-01 3.866517841815948486e-01 -5.386806130409240723e-01 -1.282847672700881958e-01 -2.239726632833480835e-01 3.353983461856842041e-01 -8.311094045639038086e-01 -1.498726904392242432e-01 5.876658558845520020e-01 -4.468079507350921631e-01 5.190443620085716248e-02 9.639608860015869141e-01 -5.784782767295837402e-01 9.952135086059570312e-01 -8.430591225624084473e-02 -2.856931686401367188e-01 -3.617456853389739990e-01 -6.601434946060180664e-01 4.629603028297424316e-01 4.558027163147926331e-02 -3.891362845897674561e-01 -9.861422777175903320e-01 -9.650455713272094727e-01 -1.969312727451324463e-01 -1.602266430854797363e-01 8.803339004516601562e-01 4.550404548645019531e-01 2.895747423171997070e-01 -9.967100620269775391e-01 9.232847094535827637e-01 3.182027488946914673e-02 -5.803978815674781799e-02 -6.459233760833740234e-01 9.627985358238220215e-01 9.995187520980834961e-01 -9.018764495849609375e-01 -9.508736729621887207e-01 -9.654307961463928223e-01 -3.769563734531402588e-01 1.176458224654197693e-01 -3.536210656166076660e-01 8.567695319652557373e-02 -6.610927730798721313e-02 -2.496076971292495728e-01 -1.393405348062515259e-01 9.938042163848876953e-01 5.956443548202514648e-01 -5.454027652740478516e-01 -9.201166033744812012e-01 4.680098295211791992e-01 7.093346118927001953e-02 -4.013354778289794922e-01 -6.886685639619827271e-02 -1.115080565214157104e-01 1.618100553750991821e-01 7.758826017379760742e-01 -9.324790835380554199e-01 -9.474411010742187500e-01 -8.774567842483520508e-01 9.982423186302185059e-01 -3.777049481868743896e-01 -9.043508172035217285e-01 -1.523879449814558029e-02 -6.704521179199218750e-01 -9.079169034957885742e-01 -9.179394841194152832e-01 -3.686228692531585693e-01 -1.819049566984176636e-01 1.089454814791679382e-02 9.328382611274719238e-01 5.101672410964965820e-01 -6.108579635620117188e-01 7.508409619331359863e-01 2.100598067045211792e-01 5.895609855651855469e-01 9.144017696380615234e-01 -9.341339021921157837e-02 -1.462458074092864990e-01 -1.241356581449508667e-01 -8.793903589248657227e-01 -8.555353283882141113e-01 2.405731566250324249e-02 9.865492582321166992e-01 -5.672586560249328613e-01 -1.633969992399215698e-01 -5.661168098449707031e-01 8.552249670028686523e-01 -4.474455714225769043e-01 -4.441127181053161621e-01 -5.698098540306091309e-01 6.277562677860260010e-02 -6.394990086555480957e-01 -4.851394295692443848e-01 9.669910669326782227e-01 9.956745505332946777e-01 9.268617630004882812e-01 1.431295424699783325e-01 6.860371232032775879e-01 -9.843634963035583496e-01 9.701623320579528809e-01 -5.696657299995422363e-01 8.886799216270446777e-01 2.536479532718658447e-01 9.996383190155029297e-01 4.578602612018585205e-01 -6.635147929191589355e-01 7.924845218658447266e-01 -6.830426305532455444e-02 -1.612837612628936768e-01 6.328033655881881714e-02 1.619825959205627441e-01 -8.384044170379638672e-01 -5.302526354789733887e-01 -6.828480958938598633e-01 2.146947979927062988e-01 1.138615906238555908e-01 -6.103631854057312012e-01 4.312311410903930664e-01 -3.410041332244873047e-02 1.014786362648010254e-01 -8.544480800628662109e-01 8.676862716674804688e-02 4.267551377415657043e-02 -2.503371536731719971e-01 4.321217909455299377e-02 -1.719217002391815186e-01 -6.190983057022094727e-01 9.972773790359497070e-01 -1.207890734076499939e-02 -4.968025088310241699e-01 -6.892248988151550293e-01 9.814219474792480469e-01 9.675642251968383789e-01 4.917154610157012939e-01 -9.813477993011474609e-01 -5.564917922019958496e-01 6.803726553916931152e-01 -1.752791255712509155e-01 4.541382491588592529e-01 2.903220653533935547e-01 1.263920217752456665e-01 9.991374611854553223e-01 9.990057349205017090e-01 9.778426885604858398e-01 -3.653647005558013916e-01 9.953714609146118164e-01 1.916065216064453125e-01 9.933335185050964355e-01 -9.963007569313049316e-01 -7.099162340164184570e-01 -6.433603912591934204e-02 3.702506721019744873e-01 7.669144868850708008e-01 -9.672514200210571289e-01 -9.863245487213134766e-01 -9.935776591300964355e-01 -2.547116279602050781e-01 9.508641362190246582e-01 -1.269473042339086533e-02 1.896395832300186157e-01 3.818471357226371765e-02 -4.195364415645599365e-01 2.598934173583984375e-01 -2.630443125963211060e-02 -4.886288642883300781e-01 -1.264356672763824463e-01 5.370925068855285645e-01 -4.333560764789581299e-01 9.851170182228088379e-01 1.259530242532491684e-02 7.884295582771301270e-01 -1.817597001791000366e-01 -2.382227778434753418e-02 -9.556967616081237793e-01 9.792593717575073242e-01 8.010029792785644531e-02 5.764837265014648438e-01 2.182443812489509583e-02 -9.835065603256225586e-01 4.612923264503479004e-01 9.973450899124145508e-01 -7.308505773544311523e-01 2.562450766563415527e-01 -9.605245590209960938e-01 -2.837631106376647949e-01 -3.503936901688575745e-02 3.726798295974731445e-01 2.011437565088272095e-01 6.996521353721618652e-01 -5.739142894744873047e-01 -9.608947671949863434e-03 -9.244990944862365723e-01 9.989309310913085938e-01 -1.984833627939224243e-01 1.637089997529983521e-01 -2.144283652305603027e-01 1.413664072751998901e-01 6.226614713668823242e-01 7.214303016662597656e-01 -9.956865310668945312e-01 -2.754407525062561035e-01 4.492399990558624268e-01 1.957441270351409912e-01 8.920328021049499512e-01 9.988467693328857422e-01 8.831915259361267090e-01 7.733496427536010742e-01 7.482650279998779297e-01 6.580803990364074707e-01 9.325823783874511719e-01 2.917519807815551758e-01 9.100371599197387695e-01 -7.686790823936462402e-02 4.661183953285217285e-01 -4.582379758358001709e-01 -4.729523360729217529e-01 2.703862488269805908e-01 9.996513724327087402e-01 -4.155409038066864014e-01 -7.339974492788314819e-02 -9.998263120651245117e-01 1.636114530265331268e-02 -9.789969772100448608e-02 -1.041844636201858521e-01 -3.543563783168792725e-01 -1.808207035064697266e-01 -9.419492483139038086e-01 4.234372675418853760e-01 9.188906550407409668e-01 9.059817790985107422e-01 -7.689197063446044922e-01 -4.376262053847312927e-02 -1.244245395064353943e-01 9.991937875747680664e-01 -5.374578014016151428e-02 -9.956741333007812500e-01 9.965043067932128906e-01 -6.851521134376525879e-01 -9.553557634353637695e-01 9.927905201911926270e-01 1.638072580099105835e-01 2.735297977924346924e-01 6.319994926452636719e-01 -9.978430867195129395e-01 -9.931766390800476074e-01 -3.026264607906341553e-01 8.957708477973937988e-01 9.710633158683776855e-01 -1.947091072797775269e-01 3.026007711887359619e-01 1.337956041097640991e-01 -9.482215046882629395e-01 -9.995856881141662598e-01 1.706452965736389160e-01 7.581486701965332031e-01 6.842263340950012207e-01 4.032892286777496338e-01 3.990747332572937012e-01 -5.001605022698640823e-03 -3.526727855205535889e-01 8.490747213363647461e-01 -1.811393499374389648e-01 9.886689186096191406e-01 9.996477365493774414e-01 -2.873528599739074707e-01 7.246431112289428711e-01 2.834909558296203613e-01 -5.779194235801696777e-01 -2.541657686233520508e-01 -2.370039932429790497e-03 9.961351752281188965e-01 9.174016118049621582e-01 6.080114245414733887e-01 2.034270167350769043e-01 3.678962886333465576e-01 -4.488941654562950134e-02 7.734716534614562988e-01 7.445994019508361816e-01 -1.135063692927360535e-01 3.276034295558929443e-01 6.140942573547363281e-01 7.894594967365264893e-02 9.967684745788574219e-01 1.169375106692314148e-01 -7.983341813087463379e-01 -3.599222004413604736e-01 7.853484153747558594e-01 -6.178148984909057617e-01 -7.118992805480957031e-01 -8.995113968849182129e-01 -8.290625214576721191e-01 6.067544221878051758e-01 8.414278030395507812e-01 7.987014651298522949e-01 3.601752221584320068e-02 1.359638869762420654e-01 9.476562142372131348e-01 3.432289063930511475e-01 3.931546509265899658e-01 2.224057763814926147e-01 -6.464500427246093750e-01 -8.464779257774353027e-01 4.804567694664001465e-01 9.996132850646972656e-01 -2.824677824974060059e-01 -4.176607728004455566e-01 9.894525408744812012e-01 -3.774314224720001221e-01 9.293760061264038086e-01 -3.382843732833862305e-01 9.991607666015625000e-01 6.533541530370712280e-02 9.371050000190734863e-01 5.702973604202270508e-01 -1.346294879913330078e-01 -3.696551080793142319e-03 -2.153853625059127808e-01 -7.696384191513061523e-01 1.173772662878036499e-01 -9.513070583343505859e-01 -4.291062951087951660e-01 -6.062170863151550293e-01 1.004960536956787109e-01 -9.961853623390197754e-01 7.110640406608581543e-01 -6.319893598556518555e-01 -7.353032380342483521e-02 4.731378704309463501e-02 -9.766315221786499023e-01 7.755901813507080078e-01 7.206326723098754883e-01 3.368057906627655029e-01 6.034439206123352051e-01 2.101692408323287964e-01 9.878280162811279297e-01 -5.085698366165161133e-01 5.078745484352111816e-01 -3.871850296854972839e-02 -9.102296233177185059e-01 3.203729689121246338e-01 -5.546369403600692749e-02 -2.829368710517883301e-01 -3.186979889869689941e-01 -5.981823801994323730e-01 1.968869119882583618e-01 -9.478291869163513184e-01 3.158627152442932129e-01 8.898898959159851074e-01 -9.667614102363586426e-01 5.656620264053344727e-01 -4.674955308437347412e-01 8.801755905151367188e-01 -1.039815321564674377e-01 -3.166438639163970947e-01 8.543714880943298340e-01 -9.966393113136291504e-01 -4.443645477294921875e-01 -4.522245824337005615e-01 -3.800477385520935059e-01 1.688630320131778717e-02 -5.622429251670837402e-01 9.993273615837097168e-01 6.650823354721069336e-02 4.550119340419769287e-01 -9.701067805290222168e-01 -1.936236470937728882e-01 -7.297251224517822266e-01 9.867353439331054688e-01 3.823515176773071289e-01 4.857819974422454834e-01 -3.161558210849761963e-01 4.418833255767822266e-01 -9.983720779418945312e-01 8.570775389671325684e-01 7.607573270797729492e-01 -9.636785387992858887e-01 2.778337895870208740e-01 7.978027462959289551e-01 6.731912493705749512e-01 2.554527521133422852e-01 -9.638554453849792480e-01 -9.457145333290100098e-01 -3.506445288658142090e-01 -5.045906305313110352e-01 9.013602733612060547e-01 1.988986581563949585e-01 8.481371998786926270e-01 2.117592245340347290e-01 -9.800091981887817383e-01 -2.295276075601577759e-01 1.910379081964492798e-01 1.963356137275695801e-02 -9.681488387286663055e-03 6.964742541313171387e-01 -4.349879324436187744e-01 9.518932700157165527e-01 -9.990473985671997070e-01 -7.478427290916442871e-01 4.388480484485626221e-01 -4.055895805358886719e-01 8.518225550651550293e-01 -2.902859449386596680e-01 -7.185968756675720215e-02 -3.931845128536224365e-01 -9.911087751388549805e-01 -9.997473359107971191e-01 -2.175484597682952881e-02 -9.985749721527099609e-01 1.973977126181125641e-02 -9.915359020233154297e-01 7.753780484199523926e-01 -6.539102792739868164e-01 5.139132142066955566e-01 1.996121555566787720e-01 2.985771596431732178e-01 1.683901846408843994e-01 9.195227026939392090e-01 7.719975113868713379e-01 9.976537227630615234e-01 2.691695392131805420e-01 -4.223330914974212646e-01 -2.352285832166671753e-01 -2.147352136671543121e-02 9.480428099632263184e-01 3.556484282016754150e-01 -9.739686250686645508e-01 4.379214048385620117e-01 -6.303635835647583008e-01 9.981021881103515625e-01 7.562331110239028931e-02 9.987709522247314453e-01 -9.923887848854064941e-01 -1.165958419442176819e-01 3.655418455600738525e-01 -5.990207791328430176e-01 -3.908500671386718750e-01 8.902939409017562866e-02 4.883543848991394043e-01 -7.271979451179504395e-01 -9.805665612220764160e-01 -1.039979681372642517e-01 -9.902393817901611328e-01 9.527077674865722656e-01 -9.311482310295104980e-02 2.538402676582336426e-01 3.765107393264770508e-01 3.833648264408111572e-01 2.724126279354095459e-01 8.467376828193664551e-01 -3.662872016429901123e-01 -6.731885075569152832e-01 -5.254310369491577148e-01 -2.377969473600387573e-01 -2.159342765808105469e-01 -9.999800324440002441e-01 -8.955855369567871094e-01 -9.908590316772460938e-01 2.160223126411437988e-01 -2.022850066423416138e-01 1.937081366777420044e-01 4.666049182415008545e-01 -9.005698561668395996e-01 9.990698099136352539e-01 -9.543318152427673340e-01 -3.826710581779479980e-01 2.490437477827072144e-01 -2.979997098445892334e-01 3.514887988567352295e-01 4.385553300380706787e-01 7.728400826454162598e-01 5.524252653121948242e-01 4.167825579643249512e-01 2.061687558889389038e-01 -7.161127328872680664e-01 -9.117149114608764648e-01
-7.212499976158142090e-01 9.406943917274475098e-01 -2.252236604690551758e-01 1.306972950696945190e-01 2.780659496784210205e-01 9.855272173881530762e-01 9.868731498718261719e-01 -6.499673128128051758e-01 -1.248962655663490295e-01 -9.566309452056884766e-01 2.642212808132171631e-01 -7.893204092979431152e-01 9.977723360061645508e-01 -9.890617132186889648e-01 -5.269285440444946289e-01 1.568600349128246307e-02 3.117372691631317139e-01 5.124177038669586182e-02 -5.589563250541687012e-01 -4.856992363929748535e-01 7.411662340164184570e-01 6.285549998283386230e-01 -1.803649365901947021e-01 -1.340104341506958008e-01 9.979510903358459473e-01 9.937141537666320801e-01 -4.729986786842346191e-01 -4.147661626338958740e-01 3.839358389377593994e-01 8.750488162040710449e-01 9.842233657836914062e-01 7.126723974943161011e-02 1.123780608177185059e-01 -2.357697486877441406e-01 -8.563499450683593750e-01 -2.096242606639862061e-01 -4.542608559131622314e-01 -3.653327226638793945e-01 3.416235148906707764e-01 -5.226210951805114746e-01 -5.291542783379554749e-02 -2.256892770528793335e-01 1.284670233726501465e-01 -9.688714146614074707e-01 -1.380671560764312744e-01 8.769951462745666504e-01 -7.495219111442565918e-01 -8.185769617557525635e-02 9.782109260559082031e-01 -4.574387669563293457e-01 9.657577276229858398e-01 -1.130757033824920654e-01 2.864484488964080811e-01 -5.120622515678405762e-01 3.421115577220916748e-01 4.753667414188385010e-01 -4.833109974861145020e-01 -3.914094865322113037e-01 -9.951022863388061523e-01 -9.759323000907897949e-01 -2.029822915792465210e-01 7.946439087390899658e-03 8.558649420738220215e-01 4.511941969394683838e-01 4.013344645500183105e-01 -9.991456270217895508e-01 8.575373888015747070e-01 2.332729697227478027e-01 -8.834826946258544922e-02 -9.647846221923828125e-01 9.986514449119567871e-01 9.998046755790710449e-01 -7.812949419021606445e-01 -1.065188497304916382e-01 -9.986118674278259277e-01 -8.755552768707275391e-02 5.199499130249023438e-01 7.434691190719604492e-01 2.396477758884429932e-01 -1.018421500921249390e-01 -9.747915863990783691e-01 -2.891824841499328613e-01 9.977354407310485840e-01 5.901402235031127930e-01 7.551160454750061035e-01 -9.860175251960754395e-01 4.410660862922668457e-01 6.370583921670913696e-02 -9.712557494640350342e-02 2.001967579126358032e-01 -7.299284934997558594e-01 -3.943437710404396057e-02 7.170684337615966797e-01 -8.839343190193176270e-01 -1.698204278945922852e-01 -7.359951138496398926e-01 9.981042146682739258e-01 -5.334840416908264160e-01 -9.990769028663635254e-01 1.057261414825916290e-02 1.067138388752937317e-01 -4.692569077014923096e-01 -8.358716964721679688e-01 -2.367641627788543701e-01 -8.714579045772552490e-02 -1.330206990242004395e-01 4.166032671928405762e-01 4.409803152084350586e-01 -4.699008762836456299e-01 2.907539717853069305e-02 1.760102510452270508e-01 6.600507497787475586e-01 9.306216239929199219e-01 -8.758772015571594238e-01 -1.766227185726165771e-01 3.235013782978057861e-01 -7.793067097663879395e-01 -5.191128849983215332e-01 -1.583485007286071777e-01 9.869624972343444824e-01 -8.266665339469909668e-01 -3.119763731956481934e-01 -9.221268296241760254e-01 3.210161626338958740e-02 -3.591955304145812988e-01 -4.718360304832458496e-01 -8.818458318710327148e-01 2.734380662441253662e-01 -5.999947190284729004e-01 -6.423836946487426758e-01 4.878402054309844971e-01 9.805249571800231934e-01 6.205375790596008301e-01 1.135156601667404175e-01 7.814567089080810547e-01 -9.883986711502075195e-01 8.939263224601745605e-01 -9.268695116043090820e-01 3.446703851222991943e-01 1.353584825992584229e-01 9.998419284820556641e-01 2.719058692455291748e-01 -5.698641538619995117e-01 -5.167065858840942383e-01 2.372023612260818481e-01 2.773743569850921631e-01 2.622513175010681152e-01 9.817544221878051758e-01 -5.085995197296142578e-01 -5.627329349517822266e-01 -5.653558373451232910e-01 -6.053315475583076477e-02 4.688374996185302734e-01 -4.589943587779998779e-01 6.589897274971008301e-01 -7.725178450345993042e-02 -8.778213262557983398e-01 -4.986867010593414307e-01 1.447190791368484497e-01 1.315890401601791382e-01 -9.122825413942337036e-02 -8.403132855892181396e-02 -6.198597326874732971e-02 -3.366398215293884277e-01 9.958858489990234375e-01 -5.767589062452316284e-02 -3.861759305000305176e-01 -6.578085422515869141e-01 8.961105942726135254e-01 6.889633536338806152e-01 1.906424462795257568e-01 -9.117769598960876465e-01 -9.722431302070617676e-01 -9.067703485488891602e-01 2.321450784802436829e-02 6.717202067375183105e-02 -7.249646782875061035e-01 -9.319994598627090454e-02 9.977610111236572266e-01 9.976192712783813477e-01 9.197387695312500000e-01 -4.077717363834381104e-01 9.983654022216796875e-01 -7.984603047370910645e-01 9.265779256820678711e-01 -9.767546057701110840e-01 -9.317998886108398438e-01 -1.634181439876556396e-01 5.559952855110168457e-01 8.254163861274719238e-01 -1.451720148324966431e-01 -9.862846136093139648e-01 -9.890637993812561035e-01 7.760487496852874756e-02 9.365174174308776855e-01 4.558842778205871582e-01 9.645549654960632324e-01 -8.933265805244445801e-01 -7.714817523956298828e-01 3.024966716766357422e-01 4.961235448718070984e-02 5.876271170563995838e-04 5.439820140600204468e-02 6.104166507720947266e-01 -3.386712670326232910e-01 6.083746552467346191e-01 4.092476889491081238e-02 9.910278320312500000e-01 4.393625557422637939e-01 -3.901498615741729736e-01 -6.984267234802246094e-01 1.696179062128067017e-01 -1.808980107307434082e-01 7.249122262001037598e-01 8.369985222816467285e-01 -9.997137784957885742e-01 7.561379075050354004e-01 9.872616529464721680e-01 7.869089841842651367e-01 3.104690313339233398e-01 -9.732668399810791016e-01 -1.736308932304382324e-01 8.858864903450012207e-01 5.293563008308410645e-01 -9.703774452209472656e-01 1.669687330722808838e-01 -9.185902476310729980e-01 1.658113747835159302e-01 -9.751231074333190918e-01 9.832025170326232910e-01 -1.502867788076400757e-01 2.406223565340042114e-01 -2.491868883371353149e-01 2.413714826107025146e-01 9.334609508514404297e-01 8.000470399856567383e-01 -9.923281073570251465e-01 -5.510185360908508301e-01 5.448908209800720215e-01 3.201282322406768799e-01 5.478566884994506836e-01 9.997127056121826172e-01 4.091443121433258057e-02 8.682591915130615234e-01 9.486445784568786621e-01 4.047202467918395996e-01 7.753286361694335938e-01 -3.668818250298500061e-02 9.707506895065307617e-01 -1.020344346761703491e-01 4.621729254722595215e-01 -4.100961983203887939e-01 -2.672932446002960205e-01 1.625064909458160400e-01 9.999285936355590820e-01 -2.068931460380554199e-01 -1.484635770320892334e-01 -9.975410699844360352e-01 -3.618702292442321777e-02 9.986844062805175781e-01 3.612885475158691406e-01 -7.138422727584838867e-01 -4.439864680171012878e-02 -9.850299358367919922e-01 2.759886384010314941e-01 9.784888029098510742e-01 9.339639544486999512e-01 -7.883611917495727539e-01 1.722807288169860840e-01 -3.448919653892517090e-01 9.971238970756530762e-01 5.866504833102226257e-02 -7.889831662178039551e-01 9.888450503349304199e-01 -7.088599801063537598e-01 -6.556717157363891602e-01 9.647794365882873535e-01 -9.326948970556259155e-02 7.598326802253723145e-01 7.551766037940979004e-01 -9.905434250831604004e-01 3.048242330551147461e-01 8.594246506690979004e-01 9.770023822784423828e-01 7.844576835632324219e-01 -3.832565546035766602e-01 1.441551893949508667e-01 1.453756392002105713e-01 -9.926763772964477539e-01 -9.991116523742675781e-01 -7.821203470230102539e-01 7.463427782058715820e-01 7.197381854057312012e-01 9.774094223976135254e-01 8.862864971160888672e-01 -8.465535044670104980e-01 -1.579379886388778687e-01 9.596635699272155762e-01 9.287035465240478516e-02 9.981515407562255859e-01 9.998747706413269043e-01 6.399882435798645020e-01 -5.097556114196777344e-01 4.869776368141174316e-01 -5.782306790351867676e-01 -2.395554780960083008e-01 2.194990366697311401e-01 9.993343949317932129e-01 9.886375665664672852e-01 4.023691713809967041e-01 -2.155675590038299561e-01 -9.359835982322692871e-01 -3.192078471183776855e-01 9.777152538299560547e-01 9.329878687858581543e-01 -1.328403502702713013e-01 9.994923323392868042e-02 2.956143021583557129e-01 -1.257505118846893311e-01 9.902067184448242188e-01 -2.112674340605735779e-02 -8.067863583564758301e-01 -5.569220185279846191e-01 -9.827553033828735352e-01 -5.784295797348022461e-01 -6.416494846343994141e-01 -9.579309821128845215e-01 -6.461468338966369629e-01 -8.058959245681762695e-01 8.749738931655883789e-01 8.469901084899902344e-01 5.028207786381244659e-03 -1.798023432493209839e-01 6.555963754653930664e-01 3.760446310043334961e-01 4.514708220958709717e-01 4.292145371437072754e-01 -4.019543826580047607e-01 -9.668446779251098633e-01 2.550059556961059570e-01 9.866900444030761719e-01 -5.421722531318664551e-01 -4.145226180553436279e-01 5.189386606216430664e-01 6.057865023612976074e-01 5.947370529174804688e-01 7.155905961990356445e-01 9.997089505195617676e-01 -4.565863311290740967e-01 9.641367197036743164e-01 4.700600206851959229e-01 -1.092882305383682251e-01 -5.189633965492248535e-01 -2.865034639835357666e-01 8.115267753601074219e-01 1.802460253238677979e-01 2.365028411149978638e-01 -3.270950019359588623e-01 -6.266324520111083984e-01 3.076776564121246338e-01 -9.980503320693969727e-01 -8.513901233673095703e-01 -6.575986146926879883e-01 -4.879708886146545410e-01 -2.937393449246883392e-02 -9.305484890937805176e-01 -8.319717645645141602e-01 5.723191499710083008e-01 4.249388277530670166e-01 5.148273706436157227e-01 1.395746618509292603e-01 9.886259436607360840e-01 -5.024378299713134766e-01 5.667584538459777832e-01 1.590052247047424316e-01 -8.649719357490539551e-01 4.110635817050933838e-01 2.614175975322723389e-01 -4.013873636722564697e-01 -1.908717602491378784e-01 1.837044060230255127e-01 -9.354624897241592407e-02 -3.555548191070556641e-01 2.875128984451293945e-01 9.908640384674072266e-01 -6.036905050277709961e-01 4.229974150657653809e-01 -7.181101441383361816e-01 8.842863440513610840e-01 -4.883425533771514893e-01 1.865004748106002808e-02 9.561074972152709961e-01 -9.871322512626647949e-01 -5.396740436553955078e-01 -4.279801547527313232e-01 -8.989469707012176514e-02 -3.540146946907043457e-01 -4.687250256538391113e-01 9.913135766983032227e-01 3.150636851787567139e-01 6.681061387062072754e-01 -9.475291371345520020e-01 8.940538167953491211e-01 -6.855428814888000488e-01 7.828485369682312012e-01 7.209970951080322266e-01 -8.967639207839965820e-01 -2.219960540533065796e-01 5.650463104248046875e-01 -9.545105695724487305e-01 2.733455300331115723e-01 -1.194922477006912231e-01 -9.919804930686950684e-01 3.851165473461151123e-01 8.600817322731018066e-01 7.213083505630493164e-01 1.270212829113006592e-01 -6.431653499603271484e-01 -7.171238064765930176e-01 -9.993481636047363281e-01 -5.874765515327453613e-01 8.010615110397338867e-01 4.256252050399780273e-01 7.942622900009155273e-01 9.993245452642440796e-02 -9.806199073791503906e-01 -2.774751186370849609e-01 2.408750653266906738e-01 -2.522072494029998779e-01 -3.229269087314605713e-01 4.632057249546051025e-01 2.064831554889678955e-01 9.858157634735107422e-01 -9.998207092285156250e-01 -9.920280575752258301e-01 3.614707291126251221e-01 -6.524774432182312012e-01 2.609374932944774628e-02 -2.599993646144866943e-01 -3.097216486930847168e-01 6.240081042051315308e-02 -9.988725781440734863e-01 -9.978722929954528809e-01 3.520578444004058838e-01 -9.974229335784912109e-01 -9.102998375892639160e-01 -5.846142172813415527e-01 5.877701044082641602e-01 -4.681570827960968018e-01 2.444975227117538452e-01 -2.289037406444549561e-02 5.720697641372680664e-01 -3.484722226858139038e-02 9.856110811233520508e-01 8.048639297485351562e-01 9.950116872787475586e-01 6.011816859245300293e-01 -1.713556200265884399e-01 -5.307819247245788574e-01 9.086658358573913574e-01 9.937220811843872070e-01 2.934016585350036621e-01 -9.942114353179931641e-01 1.292199343442916870e-01 7.636616230010986328e-01 9.993438720703125000e-01 9.125490188598632812e-01 9.940049648284912109e-01 -9.850839972496032715e-01 -2.709042131900787354e-01 4.888840913772583008e-01 -1.297753453254699707e-01 4.377760589122772217e-01 2.069591730833053589e-01 4.084900319576263428e-01 -9.169949293136596680e-01 -9.649453759193420410e-01 -3.108311817049980164e-02 -9.567664861679077148e-01 9.897441864013671875e-01 1.462995857000350952e-01 5.098870396614074707e-01 4.717402160167694092e-01 3.660278320312500000e-01 2.961592748761177063e-02 8.556468486785888672e-01 -6.485780477523803711e-01 -6.643744707107543945e-01 -6.194428205490112305e-01 4.829993844032287598e-02 -8.220575749874114990e-02 -9.999924302101135254e-01 -9.363982081413269043e-01 -9.937710762023925781e-01 1.262570023536682129e-01 -4.646524190902709961e-01 -7.421097159385681152e-02 5.456637144088745117e-01 -9.646911025047302246e-01 9.993270039558410645e-01 -9.931586384773254395e-01 -1.700744479894638062e-01 1.921581923961639404e-01 -8.479414135217666626e-02 2.628855705261230469e-01 -7.291473746299743652e-01 9.683997631072998047e-01 7.584456801414489746e-01 2.787466645240783691e-01 2.714649140834808350e-01 -7.351172566413879395e-01 -7.289364933967590332e-01
-6.444616317749023438e-01 8.222548365592956543e-01 -2.103321850299835205e-01 7.838765531778335571e-02 -4.078813195228576660e-01 -9.499865174293518066e-01 9.986929297447204590e-01 -9.947310090065002441e-01 -2.348211258649826050e-01 -9.218355417251586914e-01 -3.020837008953094482e-01 -9.860505461692810059e-01 9.784900546073913574e-01 -9.972256422042846680e-01 -8.030971288681030273e-01 2.726418375968933105e-01 1.492104083299636841e-01 2.449315339326858521e-01 -5.690778493881225586e-01 -5.284800752997398376e-02 3.596333563327789307e-01 3.130605518817901611e-01 4.086672365665435791e-01 3.428920209407806396e-01 9.998481273651123047e-01 9.861835241317749023e-01 -7.920146733522415161e-02 -5.485811829566955566e-01 4.862914681434631348e-01 9.288985729217529297e-01 9.894945025444030762e-01 -4.435622990131378174e-01 3.670275807380676270e-01 1.350599676370620728e-01 -5.688353180885314941e-01 -3.992065787315368652e-01 -4.953895509243011475e-01 -5.028973817825317383e-01 6.853869557380676270e-01 -4.340899288654327393e-01 -1.504966914653778076e-01 -4.628746509552001953e-01 -1.482743471860885620e-01 -9.813467264175415039e-01 2.265281230211257935e-01 2.048717886209487915e-01 -9.732502102851867676e-01 -4.314227402210235596e-01 9.791042208671569824e-01 -5.041381120681762695e-01 9.253304004669189453e-01 -8.936376869678497314e-02 9.973751306533813477e-01 -9.949899464845657349e-02 5.401419401168823242e-01 3.757916092872619629e-01 -3.430353850126266479e-02 -4.570112824440002441e-01 -9.949799180030822754e-01 -8.549869060516357422e-01 -1.986148357391357422e-01 -1.292010694742202759e-01 9.726469516754150391e-01 4.759293794631958008e-01 5.401791930198669434e-01 -9.831424951553344727e-01 9.985409975051879883e-01 9.430093169212341309e-01 -3.582933917641639709e-02 8.150838017463684082e-01 9.838808774948120117e-01 9.998707175254821777e-01 -7.228207588195800781e-01 -9.837532639503479004e-01 -8.901408314704895020e-01 2.692482173442840576e-01 -5.351473018527030945e-02 3.291907906532287598e-01 2.863741219043731689e-01 -3.772703707218170166e-01 -9.888354539871215820e-01 -5.182655453681945801e-01 9.961766600608825684e-01 -9.074330329895019531e-01 9.744060039520263672e-01 -9.959319233894348145e-01 4.455345496535301208e-02 1.554649323225021362e-01 -3.533263504505157471e-01 4.231433272361755371e-01 -9.762779474258422852e-01 -1.698987931013107300e-01 8.619303107261657715e-01 -9.286515712738037109e-01 5.708104968070983887e-01 -5.108066201210021973e-01 9.997974634170532227e-01 -5.420575737953186035e-01 -9.912877082824707031e-01 4.315870627760887146e-02 -9.805173277854919434e-01 -8.196305632591247559e-01 -9.580836892127990723e-01 -2.322667688131332397e-01 3.451385349035263062e-02 -8.760231733322143555e-02 9.108908176422119141e-01 3.277393579483032227e-01 -5.087715983390808105e-01 7.082674503326416016e-01 -9.300286322832107544e-02 4.792099893093109131e-01 9.083358049392700195e-01 -9.935182929039001465e-01 -3.160479366779327393e-01 5.387497544288635254e-01 -8.510342240333557129e-01 7.095037400722503662e-02 -4.885644838213920593e-02 9.026795625686645508e-01 -7.948776483535766602e-01 -6.194163560867309570e-01 -9.968140125274658203e-01 8.347040414810180664e-01 -9.566732682287693024e-03 -2.371472865343093872e-01 -9.669145345687866211e-01 -3.427816331386566162e-01 -5.723932385444641113e-01 -3.636728823184967041e-01 3.684280216693878174e-01 9.701526165008544922e-01 9.847011566162109375e-01 -5.370614305138587952e-02 4.376479983329772949e-01 -9.893106222152709961e-01 9.973874092102050781e-01 -9.971994161605834961e-01 -9.759474992752075195e-01 3.766371905803680420e-01 9.970670938491821289e-01 3.681378960609436035e-01 -5.473105907440185547e-01 9.815835356712341309e-01 -2.145735174417495728e-01 8.585448265075683594e-01 -9.125484228134155273e-01 9.462090134620666504e-01 2.559677362442016602e-01 -3.081869781017303467e-01 -4.776541590690612793e-01 -4.350769519805908203e-01 7.418967485427856445e-01 -5.754273533821105957e-01 4.741317927837371826e-01 -4.953546524047851562e-01 -9.428690671920776367e-01 -8.629035949707031250e-01 -1.217980086803436279e-01 4.450571835041046143e-01 -1.337573230266571045e-01 2.998271286487579346e-01 1.083537489175796509e-01 -4.751949608325958252e-01 9.981891512870788574e-01 -4.577240347862243652e-01 -5.326171517372131348e-01 -5.945001244544982910e-01 9.981017708778381348e-01 9.202162623405456543e-01 1.381148397922515869e-01 -6.512038111686706543e-01 -8.152529597282409668e-01 -9.275951385498046875e-01 1.035541445016860962e-01 5.333712100982666016e-01 -5.178967118263244629e-01 -3.683939278125762939e-01 9.994361996650695801e-01 9.187875986099243164e-01 9.934977293014526367e-01 -2.091721594333648682e-01 -4.134684205055236816e-01 -9.012634754180908203e-01 9.879106283187866211e-01 -9.979246258735656738e-01 -9.841176867485046387e-01 7.295496016740798950e-02 2.926563620567321777e-01 9.751136898994445801e-01 9.675264954566955566e-01 -9.884153008460998535e-01 -9.608268141746520996e-01 -4.836377874016761780e-02 9.693545699119567871e-01 -4.247725605964660645e-01 -9.259620308876037598e-01 -9.920324087142944336e-01 -8.488261699676513672e-02 5.218583624809980392e-03 -2.017019987106323242e-01 -3.004298806190490723e-01 -1.941766589879989624e-01 5.990447402000427246e-01 -3.698317408561706543e-01 3.355976045131683350e-01 -9.151808172464370728e-02 9.990133643150329590e-01 3.391145467758178711e-01 -2.843867540359497070e-01 -8.642753362655639648e-01 -9.106267094612121582e-01 -2.113785445690155029e-01 5.968374609947204590e-01 9.851943254470825195e-01 2.308725565671920776e-01 8.977344036102294922e-01 9.970332980155944824e-01 9.458606839179992676e-01 1.598232984542846680e-01 -9.282935261726379395e-01 7.000745087862014771e-02 6.661001443862915039e-01 7.655685544013977051e-01 -7.738931775093078613e-01 9.133000969886779785e-01 -9.965490102767944336e-01 -2.877981066703796387e-01 4.644869863986968994e-01 9.599170684814453125e-01 -1.157370209693908691e-01 4.261290132999420166e-01 -3.253190219402313232e-01 4.348942041397094727e-01 9.959802627563476562e-01 5.590213537216186523e-01 -9.084316492080688477e-01 -2.748515009880065918e-01 4.319733977317810059e-01 1.491849273443222046e-01 7.346827983856201172e-01 9.999763369560241699e-01 -7.326024770736694336e-01 9.992271065711975098e-01 9.756773114204406738e-01 3.174648284912109375e-01 9.916349649429321289e-01 -9.915180504322052002e-02 -1.905205100774765015e-01 -6.227148324251174927e-02 2.828147411346435547e-01 -4.360898435115814209e-01 -4.000088572502136230e-01 3.039733767509460449e-01 9.993999004364013672e-01 -5.006529688835144043e-01 -2.198487818241119385e-01 -9.683199524879455566e-01 7.181851863861083984e-01 4.562476873397827148e-01 -5.373620390892028809e-01 -2.710113227367401123e-01 -4.674066305160522461e-01 -9.784274697303771973e-01 -7.425125688314437866e-02 9.822902083396911621e-01 9.973616003990173340e-01 -9.995794892311096191e-01 -1.655530631542205811e-01 -3.894813954830169678e-01 9.902152419090270996e-01 -2.740434110164642334e-01 -9.921988248825073242e-01 9.998617768287658691e-01 -7.288631796836853027e-01 -9.982806444168090820e-01 9.895480871200561523e-01 5.881980061531066895e-01 1.533987224102020264e-01 4.581492245197296143e-01 -9.968206286430358887e-01 -8.252966403961181641e-01 3.394952714443206787e-01 9.990993142127990723e-01 6.167823076248168945e-01 -2.316178530454635620e-01 5.126537680625915527e-01 1.822298206388950348e-02 -9.982720613479614258e-01 -9.989904761314392090e-01 -9.878669381141662598e-01 7.618092298507690430e-01 7.469866275787353516e-01 3.897089660167694092e-01 9.939226508140563965e-01 -8.781056404113769531e-01 3.850163146853446960e-02 9.953564405441284180e-01 -4.698613286018371582e-01 9.458206892013549805e-01 9.999109506607055664e-01 -8.013831377029418945e-01 -7.138514518737792969e-01 9.149848222732543945e-01 -7.301198840141296387e-01 -3.328849747776985168e-02 2.147913128137588501e-01 9.998674988746643066e-01 9.093364477157592773e-01 3.867206871509552002e-01 -2.123517245054244995e-01 -9.429119229316711426e-01 5.634889006614685059e-01 9.979676008224487305e-01 9.538025856018066406e-01 -3.917194157838821411e-02 4.783183336257934570e-01 4.303988516330718994e-01 4.117371737957000732e-01 9.994459748268127441e-01 -4.309109747409820557e-01 -8.106067776679992676e-01 -1.370669156312942505e-01 -9.124590158462524414e-01 -2.248623818159103394e-01 -6.728227138519287109e-01 3.250533044338226318e-01 -5.445663332939147949e-01 -9.761506319046020508e-01 2.777542769908905029e-01 9.695534706115722656e-01 -5.799387395381927490e-02 1.934048086404800415e-01 5.975749492645263672e-01 4.948288798332214355e-01 5.584926605224609375e-01 1.897716075181961060e-01 7.816319465637207031e-01 -9.543325901031494141e-01 5.979608297348022461e-01 9.203495979309082031e-01 -4.387279152870178223e-01 -3.472732305526733398e-01 8.544694781303405762e-01 -1.753347069025039673e-01 9.847555756568908691e-01 8.211729526519775391e-01 9.996155500411987305e-01 5.843714475631713867e-01 9.073760509490966797e-01 7.774255424737930298e-02 2.450706623494625092e-02 3.375094234943389893e-01 -2.472906559705734253e-01 9.464419484138488770e-01 -9.282757341861724854e-02 5.388994216918945312e-01 -2.396288365125656128e-01 -5.533660054206848145e-01 -1.673732697963714600e-01 -9.085505604743957520e-01 -9.173800945281982422e-01 -3.721807301044464111e-01 -4.040205180644989014e-01 4.485486820340156555e-02 -9.606789946556091309e-01 -9.449886083602905273e-01 1.420842856168746948e-01 5.118558406829833984e-01 7.682228088378906250e-01 -6.222735643386840820e-01 9.887664914131164551e-01 -7.672803997993469238e-01 1.833525151014328003e-01 1.625266522169113159e-01 -9.836040139198303223e-01 1.985507756471633911e-01 1.445786207914352417e-01 -4.480121731758117676e-01 1.119808331131935120e-01 3.976902961730957031e-01 3.188519179821014404e-01 -9.893287420272827148e-01 8.473122119903564453e-02 9.912443757057189941e-01 -6.331672519445419312e-02 6.983400583267211914e-01 -4.170795977115631104e-01 7.055194973945617676e-01 -4.500695466995239258e-01 -4.042582809925079346e-01 9.851982593536376953e-01 -9.997951984405517578e-01 2.090421020984649658e-01 4.385030642151832581e-02 -3.970915973186492920e-01 -3.621713221073150635e-01 -6.978178024291992188e-01 9.895933270454406738e-01 2.504198253154754639e-01 -1.328755766153335571e-01 -5.774264335632324219e-01 9.315142035484313965e-01 -7.046337127685546875e-01 9.939972162246704102e-01 -5.881323218345642090e-01 -9.368450641632080078e-01 -7.271726429462432861e-02 1.593666523694992065e-01 -9.997895956039428711e-01 1.920937001705169678e-01 9.091522097587585449e-01 -9.930627346038818359e-01 1.200150325894355774e-02 -1.680955290794372559e-01 3.706329464912414551e-01 4.078381061553955078e-01 -1.415347009897232056e-01 -2.363441735506057739e-01 -7.441855072975158691e-01 -2.556466758251190186e-01 9.985350370407104492e-01 2.236671447753906250e-01 9.296064376831054688e-01 4.914356470108032227e-01 8.640934824943542480e-01 -5.362908840179443359e-01 2.815797924995422363e-01 -2.375363558530807495e-02 4.885194823145866394e-02 5.022319555282592773e-01 -8.854092955589294434e-01 9.886578321456909180e-01 -9.999762177467346191e-01 -9.214819073677062988e-01 3.805673718452453613e-01 -8.527737259864807129e-01 -6.933054327964782715e-01 -4.438940286636352539e-01 -2.032543420791625977e-01 9.589543193578720093e-02 -9.996085166931152344e-01 -9.994965791702270508e-01 5.217483043670654297e-01 -9.948880076408386230e-01 -7.827240824699401855e-01 -9.798365235328674316e-01 7.779110968112945557e-02 -4.544863700866699219e-01 -1.239906325936317444e-01 3.188330829143524170e-01 1.434183120727539062e-01 2.808461189270019531e-01 6.488797664642333984e-01 5.723617672920227051e-01 9.635388255119323730e-01 5.052314996719360352e-01 -2.304309308528900146e-01 2.068086117506027222e-01 7.273160219192504883e-01 2.441542036831378937e-02 5.881746858358383179e-02 -9.794085621833801270e-01 4.207377433776855469e-01 9.740405678749084473e-01 9.996789693832397461e-01 5.335302948951721191e-01 9.656745195388793945e-01 -8.194440603256225586e-01 -1.563406735658645630e-01 5.367528796195983887e-01 -9.956501722335815430e-01 8.587951660156250000e-01 3.581984341144561768e-01 6.660830974578857422e-01 -9.825747013092041016e-01 -9.453398585319519043e-01 2.148995995521545410e-01 -9.935329556465148926e-01 9.855723381042480469e-01 3.281536400318145752e-01 2.638013362884521484e-01 7.386640906333923340e-01 7.495375275611877441e-01 3.675550222396850586e-01 -1.934757828712463379e-02 -9.437589645385742188e-01 -6.472230553627014160e-01 -3.658713698387145996e-01 -2.413023114204406738e-01 7.570452243089675903e-02 -9.999909400939941406e-01 -1.426922678947448730e-01 -9.892589449882507324e-01 2.513622939586639404e-01 -2.072245329618453979e-01 1.749266684055328369e-01 2.529827058315277100e-01 -9.882038235664367676e-01 9.834169745445251465e-01 -9.938318729400634766e-01 2.397605627775192261e-01 -1.877303272485733032e-01 -4.562439024448394775e-02 6.252024173736572266e-01 -9.773026704788208008e-01 8.989945650100708008e-01 4.949325919151306152e-01 3.081252872943878174e-01 -1.183914020657539368e-01 -4.997202754020690918e-01 -8.227276802062988281e-01
-1.384668648242950439e-01 8.969225287437438965e-01 -2.278781309723854065e-02 2.473749071359634399e-01 2.196343541145324707e-01 -2.330628782510757446e-01 9.980577230453491211e-01 -9.963662624359130859e-01 -8.923128247261047363e-02 -3.689439594745635986e-01 1.491333842277526855e-01 -8.518014550209045410e-01 9.935904145240783691e-01 -9.977617263793945312e-01 -7.332164049148559570e-01 2.918859124183654785e-01 -2.192872613668441772e-01 3.443969413638114929e-02 -3.657540678977966309e-01 -4.590548574924468994e-01 1.951191872358322144e-01 2.063231468200683594e-01 -4.217610657215118408e-01 3.266594409942626953e-01 9.999294877052307129e-01 9.993529915809631348e-01 -3.565640002489089966e-02 -4.293189048767089844e-01 2.735078334808349609e-01 8.509464859962463379e-01 8.021360635757446289e-01 1.134679070673882961e-03 5.343263745307922363e-01 -1.938036531209945679e-01 -9.691360592842102051e-01 -1.407914310693740845e-01 -5.412985682487487793e-01 -1.711809337139129639e-01 9.811472296714782715e-01 -3.435852229595184326e-01 -1.688883751630783081e-01 -6.832333654165267944e-02 3.074960969388484955e-02 -9.944646358489990234e-01 1.368579864501953125e-01 8.851977586746215820e-01 -9.487898349761962891e-01 -1.254163384437561035e-01 9.560914635658264160e-01 -4.481309950351715088e-01 9.918525218963623047e-01 -1.428742110729217529e-01 9.673006534576416016e-01 -9.297287464141845703e-02 2.191596776247024536e-01 2.466467171907424927e-01 -7.110027223825454712e-02 -2.051050215959548950e-01 -9.986327290534973145e-01 -9.648088812828063965e-01 -2.026092074811458588e-02 -1.745607107877731323e-01 9.338158965110778809e-01 9.630855917930603027e-02 -1.045400202274322510e-01 -9.930716156959533691e-01 9.663090109825134277e-01 7.689949274063110352e-01 3.571915626525878906e-02 -1.781124062836170197e-02 9.944652915000915527e-01 9.994934797286987305e-01 -8.379209637641906738e-01 -9.797552824020385742e-01 -9.305379390716552734e-01 -1.267625689506530762e-01 2.127321250736713409e-02 7.898511290550231934e-01 9.198484569787979126e-02 -1.666932404041290283e-01 -9.951010346412658691e-01 -4.165143892168998718e-02 9.989522099494934082e-01 -1.522591263055801392e-01 9.087200164794921875e-01 -8.596531748771667480e-01 6.465107947587966919e-02 2.004306763410568237e-01 -1.530346423387527466e-01 2.461086958646774292e-01 -9.362888932228088379e-01 -2.572572827339172363e-01 4.859462380409240723e-01 -9.870036244392395020e-01 -7.042592763900756836e-01 -6.328374743461608887e-01 9.928421974182128906e-01 -1.406958103179931641e-01 -9.993273019790649414e-01 -4.490515291690826416e-01 -2.619024179875850677e-02 -6.480318307876586914e-01 -1.873413175344467163e-01 -1.905603557825088501e-01 1.922328919172286987e-01 1.163844615221023560e-01 9.189143776893615723e-01 4.124341607093811035e-01 -2.769089043140411377e-01 8.315451741218566895e-01 -6.486220657825469971e-02 4.775402843952178955e-01 5.532171726226806641e-01 -9.678783416748046875e-01 -3.303567767143249512e-01 2.041019052267074585e-01 -8.405909538269042969e-01 -4.972216486930847168e-01 1.318575590848922729e-01 9.874154329299926758e-01 -8.674225211143493652e-01 -1.762929260730743408e-01 -9.511100649833679199e-01 9.701555967330932617e-01 -3.675876259803771973e-01 8.698493987321853638e-02 -6.761268973350524902e-01 -2.235499173402786255e-01 -4.023660123348236084e-01 -2.773614227771759033e-01 9.561951160430908203e-01 9.608606100082397461e-01 8.988043069839477539e-01 2.097405865788459778e-02 5.616446137428283691e-01 -9.667838811874389648e-01 9.845585823059082031e-01 -9.854506850242614746e-01 -7.426785230636596680e-01 1.777107119560241699e-01 9.996538758277893066e-01 3.746585845947265625e-01 -2.749222517013549805e-01 8.796705007553100586e-01 3.401323556900024414e-01 6.034992337226867676e-01 -2.508970201015472412e-01 9.629166722297668457e-01 -4.486000165343284607e-02 -5.405174195766448975e-02 -3.226969838142395020e-01 -1.296799629926681519e-01 3.558171391487121582e-01 -3.382651507854461670e-01 4.526247680187225342e-01 -5.033361911773681641e-01 -8.707777857780456543e-01 7.762870788574218750e-01 -1.895056813955307007e-01 3.272311687469482422e-01 -2.181254327297210693e-01 4.061979055404663086e-01 1.498228311538696289e-01 -4.686155319213867188e-01 9.998900294303894043e-01 -2.427860796451568604e-01 -3.299400210380554199e-01 -2.052222192287445068e-01 9.888829588890075684e-01 2.177752256393432617e-01 2.747981846332550049e-01 -7.258673906326293945e-01 -9.970442652702331543e-01 -8.657802939414978027e-01 -3.412978649139404297e-01 3.150344192981719971e-01 3.744076788425445557e-01 -2.623943686485290527e-01 9.988896250724792480e-01 9.886017441749572754e-01 9.849569201469421387e-01 -1.655974239110946655e-01 9.963499307632446289e-01 -8.682822585105895996e-01 9.820152521133422852e-01 -9.984275102615356445e-01 -8.998942375183105469e-01 8.592535257339477539e-01 4.547168910503387451e-01 9.944432377815246582e-01 8.046014308929443359e-01 -9.936771988868713379e-01 -9.916827678680419922e-01 2.457237094640731812e-01 9.310938119888305664e-01 -2.085498422384262085e-01 -2.275333255529403687e-01 -9.763091802597045898e-01 5.342862010002136230e-01 1.522646695375442505e-01 -3.383537828922271729e-01 5.490463972091674805e-02 -2.254281640052795410e-01 2.314796000719070435e-01 -9.401438385248184204e-02 6.772257089614868164e-01 -1.472029387950897217e-01 9.876589179039001465e-01 9.047834277153015137e-01 -1.887492090463638306e-01 -8.294337987899780273e-01 -4.625476002693176270e-01 -1.201424524188041687e-01 3.159760236740112305e-01 9.486370086669921875e-01 -9.742394685745239258e-01 8.036161065101623535e-01 9.993231296539306641e-01 8.513233661651611328e-01 -6.066741794347763062e-02 -5.729079842567443848e-01 7.467104494571685791e-02 -7.393625974655151367e-01 4.195875525474548340e-01 -7.455567717552185059e-01 9.017701745033264160e-01 -9.848219752311706543e-01 -7.657313719391822815e-03 -7.705792784690856934e-01 9.518482685089111328e-01 -1.169017925858497620e-01 1.820917725563049316e-01 -1.449175477027893066e-01 3.216251432895660400e-01 9.753103256225585938e-01 4.047233164310455322e-01 -6.306552290916442871e-01 -5.894110798835754395e-01 2.986376285552978516e-01 -3.914655745029449463e-01 9.409143924713134766e-01 9.999935030937194824e-01 -5.182293057441711426e-01 9.781575202941894531e-01 9.443039894104003906e-01 2.958956658840179443e-01 9.780012369155883789e-01 1.521167159080505371e-01 4.014939367771148682e-01 2.983856499195098877e-01 2.290322482585906982e-01 -2.716797590255737305e-01 5.780986044555902481e-03 2.994174063205718994e-01 9.993299841880798340e-01 -6.364656984806060791e-02 -2.329968810081481934e-01 -9.932287335395812988e-01 -1.290962845087051392e-01 2.329180091619491577e-01 -7.756357640027999878e-02 -9.180971980094909668e-01 1.227879449725151062e-01 -8.777960538864135742e-01 -1.512108594179153442e-01 9.766715168952941895e-01 9.904717803001403809e-01 -9.755393862724304199e-01 -7.865436491556465626e-04 -7.948134839534759521e-02 9.930083751678466797e-01 -1.707420349121093750e-01 -8.976491689682006836e-01 9.998778700828552246e-01 -3.806090354919433594e-01 -9.796426296234130859e-01 9.867400527000427246e-01 2.459766343235969543e-02 5.471860766410827637e-01 2.921643555164337158e-01 -9.372335076332092285e-01 -8.234627246856689453e-01 6.354613900184631348e-01 9.783574938774108887e-01 7.538003921508789062e-01 -1.330609172582626343e-01 1.707099229097366333e-01 -1.675880253314971924e-01 -9.979409575462341309e-01 -9.998581409454345703e-01 -9.040752649307250977e-01 6.511424183845520020e-01 2.838119268417358398e-01 5.948547720909118652e-01 9.751436114311218262e-01 -9.444751739501953125e-01 -1.129835918545722961e-01 9.755519628524780273e-01 -3.807653114199638367e-02 9.852805733680725098e-01 9.991338253021240234e-01 -5.395171642303466797e-01 -4.373643100261688232e-01 9.155225157737731934e-01 -4.012860357761383057e-01 1.205929666757583618e-01 1.081186980009078979e-01 9.997485876083374023e-01 4.284903705120086670e-01 1.377004683017730713e-01 -8.898226916790008545e-02 -5.221074819564819336e-01 -1.461751908063888550e-01 9.939453601837158203e-01 9.832739233970642090e-01 -2.854540944099426270e-02 2.591323554515838623e-01 3.514928519725799561e-01 2.788563258945941925e-02 9.993212223052978516e-01 3.506770133972167969e-01 -3.970796763896942139e-01 -5.575540065765380859e-01 -9.568027257919311523e-01 -4.570828080177307129e-01 -4.914387464523315430e-01 -8.644557595252990723e-01 -7.515615820884704590e-01 -9.232993125915527344e-01 5.185616612434387207e-01 9.790523648262023926e-01 2.860301136970520020e-01 4.852680861949920654e-02 2.374536842107772827e-01 2.623381614685058594e-01 4.785581231117248535e-01 -6.138145551085472107e-02 -8.236609399318695068e-02 -9.523844122886657715e-01 5.110378265380859375e-01 9.981073141098022461e-01 -2.696761190891265869e-01 -3.104760646820068359e-01 9.683442115783691406e-01 2.354553788900375366e-01 8.402004837989807129e-01 8.763566017150878906e-01 9.999118447303771973e-01 -5.821598321199417114e-02 8.586413860321044922e-01 1.199938878417015076e-01 -2.324603497982025146e-01 2.615632712841033936e-01 5.331142246723175049e-02 8.604933619499206543e-01 8.616885542869567871e-02 8.450985550880432129e-01 -3.236768245697021484e-01 -1.877254098653793335e-01 6.393763236701488495e-03 -9.818726181983947754e-01 -8.168053627014160156e-01 -4.483408629894256592e-01 -7.426463067531585693e-02 2.708185911178588867e-01 -9.065346717834472656e-01 -8.498698472976684570e-01 7.912687659263610840e-01 2.642740309238433838e-01 6.807879209518432617e-01 -1.199049279093742371e-01 9.712805747985839844e-01 -5.096301436424255371e-01 2.010285109281539917e-01 -3.314685225486755371e-01 -9.982008934020996094e-01 3.274480700492858887e-01 1.576461195945739746e-01 -3.316105008125305176e-01 2.954053282737731934e-01 -2.697940766811370850e-01 3.492784798145294189e-01 -9.576397538185119629e-01 1.741357594728469849e-01 9.945167899131774902e-01 -6.016309857368469238e-01 5.043517351150512695e-01 -3.064990043640136719e-01 7.905711531639099121e-01 -3.977785706520080566e-01 -3.238382637500762939e-01 7.973855137825012207e-01 -9.995405673980712891e-01 -2.109262794256210327e-01 -2.123159468173980713e-01 -1.503053009510040283e-01 -2.354709953069686890e-01 -5.941876173019409180e-01 9.971904158592224121e-01 -1.781312972307205200e-01 3.150822520256042480e-01 -9.398491978645324707e-01 8.336753249168395996e-01 -4.811719655990600586e-01 8.965483903884887695e-01 -8.849753737449645996e-01 -8.783397078514099121e-01 3.033032640814781189e-02 1.614023894071578979e-01 -9.999203085899353027e-01 -4.121267497539520264e-01 9.342919588088989258e-01 -9.979269504547119141e-01 2.916029095649719238e-01 6.570772528648376465e-01 3.555205762386322021e-01 3.076579272747039795e-01 -7.078720927238464355e-01 -6.379839777946472168e-01 -9.906086921691894531e-01 -4.439193010330200195e-01 9.947018027305603027e-01 2.124211639165878296e-01 8.805403709411621094e-01 6.344971656799316406e-01 -9.784882068634033203e-01 -3.538760244846343994e-01 9.903062134981155396e-02 -2.445081770420074463e-01 -3.746538609266281128e-02 3.505651950836181641e-01 -9.881671667098999023e-01 9.699276089668273926e-01 -9.999059438705444336e-01 -7.925485372543334961e-01 3.845719695091247559e-01 -5.938023924827575684e-01 -6.129100322723388672e-01 -1.696918159723281860e-01 -1.396500039845705032e-02 -1.193098956719040871e-03 -9.995377659797668457e-01 -9.989829063415527344e-01 1.884728223085403442e-01 -9.964792132377624512e-01 -9.293550252914428711e-01 -9.903064370155334473e-01 3.461680114269256592e-01 -2.840875685214996338e-01 1.137499511241912842e-02 2.088917940855026245e-01 4.180832505226135254e-01 1.070690602064132690e-01 9.151085019111633301e-01 3.270964920520782471e-01 9.601882696151733398e-01 4.304393529891967773e-01 -1.398437842726707458e-02 -4.003152847290039062e-01 9.635857343673706055e-01 9.595623612403869629e-01 2.460337877273559570e-01 -9.830426573753356934e-01 2.713062763214111328e-01 9.226605296134948730e-01 9.990656375885009766e-01 6.201960444450378418e-01 9.744610190391540527e-01 -9.950202107429504395e-01 -2.093769162893295288e-01 4.049345552921295166e-01 -6.685849428176879883e-01 7.323006391525268555e-01 2.796970307826995850e-01 6.355209946632385254e-01 -9.583926200866699219e-01 -9.794040918350219727e-01 1.689004898071289062e-01 -9.734163284301757812e-01 9.639989137649536133e-01 -4.109374806284904480e-02 2.223717272281646729e-01 4.930936098098754883e-01 2.867097556591033936e-01 -1.670585386455059052e-02 -2.322686463594436646e-01 -8.423193693161010742e-01 -3.802072405815124512e-01 -4.537886381149291992e-01 1.302791237831115723e-01 -2.585771679878234863e-01 -9.999983310699462891e-01 -6.804500818252563477e-01 -8.220289349555969238e-01 5.894397571682929993e-02 -2.913577854633331299e-01 1.772801727056503296e-01 2.214720398187637329e-01 -9.638822078704833984e-01 9.990321397781372070e-01 -9.803345203399658203e-01 2.439569234848022461e-01 2.688856050372123718e-02 3.052705228328704834e-01 2.538381814956665039e-01 -8.031729459762573242e-01 9.473377466201782227e-01 7.129674553871154785e-01 1.881057769060134888e-01 2.847717404365539551e-01 -4.410166144371032715e-01 -9.171268343925476074e-01
5.261569619178771973e-01 1.292720288038253784e-01 1.346721798181533813e-01 2.654778659343719482e-01 -2.762927301228046417e-02 9.481072425842285156e-01 9.921085834503173828e-01 -8.694968223571777344e-01 -3.342878445982933044e-02 -9.758093357086181641e-01 -2.420722041279077530e-03 -9.616827964782714844e-01 9.741280674934387207e-01 -7.761901021003723145e-01 -7.622539997100830078e-01 -9.343915432691574097e-02 -3.132634609937667847e-02 -1.940523386001586914e-01 -4.677749276161193848e-01 -5.398498177528381348e-01 2.228613644838333130e-01 1.877070367336273193e-01 -7.629567384719848633e-01 -3.113935887813568115e-01 9.949932098388671875e-01 9.952926039695739746e-01 8.173771202564239502e-02 -3.864369690418243408e-01 3.638245165348052979e-01 8.819482326507568359e-01 9.378423690795898438e-01 8.188781142234802246e-02 3.593398034572601318e-01 -1.092122122645378113e-01 -9.901738166809082031e-01 -1.568535119295120239e-01 -7.403554320335388184e-01 -4.611834287643432617e-01 8.863561749458312988e-01 -2.080995216965675354e-02 -2.703686058521270752e-01 1.294151991605758667e-01 1.909640878438949585e-01 -9.777405261993408203e-01 -6.456127017736434937e-02 9.067212343215942383e-01 -9.646555185317993164e-01 1.953327059745788574e-01 8.001810312271118164e-01 -2.804662585258483887e-01 9.987337589263916016e-01 -7.904803007841110229e-02 6.744778156280517578e-01 -3.045479655265808105e-01 4.610432684421539307e-02 1.348608881235122681e-01 -1.710482686758041382e-01 1.741752922534942627e-01 -9.955672025680541992e-01 -9.661179780960083008e-01 -1.406125277280807495e-01 -9.871125221252441406e-02 9.640153646469116211e-01 -1.692517995834350586e-01 -6.809742748737335205e-02 -9.986345767974853516e-01 -1.712151318788528442e-01 2.083945274353027344e-01 1.048175767064094543e-01 -6.284946799278259277e-01 9.881599545478820801e-01 9.979113936424255371e-01 -6.187413930892944336e-01 -8.303606510162353516e-01 -9.490578770637512207e-01 -7.284352090209722519e-03 -7.872531563043594360e-02 8.835732340812683105e-01 -8.064702153205871582e-02 4.198653623461723328e-02 -9.574631452560424805e-01 8.065892010927200317e-02 9.930363297462463379e-01 3.803524002432823181e-02 9.135799407958984375e-01 -9.720191955566406250e-01 1.504958719015121460e-01 3.622143268585205078e-01 -1.211208999156951904e-01 2.773593664169311523e-01 -9.549881219863891602e-01 -2.345867007970809937e-01 3.415397107601165771e-01 -8.314387202262878418e-01 -9.276306033134460449e-01 -9.907811880111694336e-01 9.685172438621520996e-01 -2.195841521024703979e-01 -9.809556603431701660e-01 -3.714218735694885254e-01 2.299665212631225586e-01 -8.324590325355529785e-01 -9.697502255439758301e-01 -3.940767347812652588e-01 5.154502764344215393e-02 5.118027329444885254e-01 9.276551008224487305e-01 3.260643780231475830e-01 -1.103002354502677917e-01 5.643920898437500000e-01 -1.895928978919982910e-01 6.464718580245971680e-01 8.077068328857421875e-01 -9.663414359092712402e-01 -3.296443521976470947e-01 4.349280893802642822e-02 -6.096738576889038086e-01 8.267382383346557617e-01 1.855816990137100220e-01 9.932393431663513184e-01 -6.025685667991638184e-01 -1.809511780738830566e-01 -8.311820626258850098e-01 9.962731003761291504e-01 9.778274595737457275e-02 -1.845884323120117188e-01 -5.391556620597839355e-01 2.617815323173999786e-02 -7.750434428453445435e-02 -3.659302890300750732e-01 9.942694902420043945e-01 9.851425886154174805e-01 9.642325639724731445e-01 -1.599599421024322510e-01 6.303534507751464844e-01 -9.920397400856018066e-01 9.579988718032836914e-01 -9.693553447723388672e-01 9.363874197006225586e-01 -2.545738220214843750e-01 9.999275207519531250e-01 2.310818247497081757e-02 -1.900050938129425049e-01 -5.923734903335571289e-01 -2.733494639396667480e-01 5.997649431228637695e-01 -2.235291898250579834e-01 9.944214820861816406e-01 -6.145247220993041992e-01 -1.822672784328460693e-01 -4.536235332489013672e-01 2.224960327148437500e-01 8.059444427490234375e-01 -3.921797573566436768e-01 3.848792314529418945e-01 -8.679140359163284302e-02 -8.563548326492309570e-01 7.758049964904785156e-01 -2.931848466396331787e-01 -1.881427317857742310e-01 -1.762109994888305664e-01 -2.027027904987335205e-01 2.132415324449539185e-01 4.087364673614501953e-02 9.998301267623901367e-01 2.285817712545394897e-01 -2.258860692381858826e-02 -2.886586487293243408e-01 9.827004075050354004e-01 -4.106264710426330566e-01 -4.648006579373031855e-04 -6.433367133140563965e-01 -4.945732355117797852e-01 -9.038475751876831055e-01 4.298239573836326599e-02 3.216516971588134766e-02 -3.422746360301971436e-01 -1.540370434522628784e-01 9.937262535095214844e-01 9.993891119956970215e-01 9.698125720024108887e-01 3.199186921119689941e-02 9.471145272254943848e-01 -8.686462640762329102e-01 7.470819950103759766e-01 -9.761004447937011719e-01 -6.541202664375305176e-01 5.693255662918090820e-01 3.162201344966888428e-01 9.681696891784667969e-01 -8.954914212226867676e-01 -9.495388269424438477e-01 -9.773727655410766602e-01 3.344869613647460938e-01 6.883595585823059082e-01 7.497546821832656860e-02 -8.776407837867736816e-01 -9.463562965393066406e-01 -2.149776518344879150e-01 3.569086194038391113e-01 2.320074290037155151e-01 3.381785452365875244e-01 -2.220828235149383545e-01 2.968189716339111328e-01 -3.516612350940704346e-01 9.459327459335327148e-01 2.949605323374271393e-02 9.277942776679992676e-01 2.537882328033447266e-01 2.509632706642150879e-01 -6.137507557868957520e-01 -5.698649287223815918e-01 -5.873539671301841736e-02 6.140232682228088379e-01 9.634446501731872559e-01 -9.964095950126647949e-01 8.600543141365051270e-01 9.980103969573974609e-01 9.026565551757812500e-01 2.745996713638305664e-01 -9.742707014083862305e-01 2.488528490066528320e-01 -8.409950137138366699e-01 2.737582325935363770e-01 -8.058062791824340820e-01 -8.558714985847473145e-01 -9.413539171218872070e-01 8.791157603263854980e-02 -3.744921982288360596e-01 9.984776973724365234e-01 6.645375490188598633e-02 2.673184871673583984e-01 1.032730340957641602e-01 3.727220296859741211e-01 7.622897624969482422e-01 4.481619298458099365e-01 -7.885897159576416016e-01 -2.606497406959533691e-01 2.867073714733123779e-01 -6.192098185420036316e-02 9.237329959869384766e-01 9.999433159828186035e-01 6.950946152210235596e-02 8.938492536544799805e-01 9.631827473640441895e-01 3.088849782943725586e-01 4.066907763481140137e-01 1.356248557567596436e-01 7.171954512596130371e-01 4.385185241699218750e-02 -1.732199639081954956e-01 8.546826988458633423e-02 -8.264420181512832642e-02 2.320826649665832520e-01 9.959143996238708496e-01 3.464323654770851135e-02 -1.988443881273269653e-01 -9.997710585594177246e-01 1.377861015498638153e-03 6.579565405845642090e-01 1.781692355871200562e-01 -9.707191586494445801e-01 -3.857831284403800964e-02 -8.447365760803222656e-01 -4.621363282203674316e-01 9.865409731864929199e-01 9.721108078956604004e-01 -8.785995244979858398e-01 3.214786052703857422e-01 -4.798535406589508057e-01 9.934955239295959473e-01 1.879171282052993774e-01 -9.930303096771240234e-01 9.970312118530273438e-01 -3.358525633811950684e-01 -9.366174936294555664e-01 8.460777401924133301e-01 -2.401902079582214355e-01 8.888972997665405273e-01 5.289468765258789062e-01 -8.620916604995727539e-01 -8.555920124053955078e-01 6.401001811027526855e-01 9.465361833572387695e-01 3.328884243965148926e-01 -1.397529393434524536e-01 7.951894402503967285e-02 -1.404420882463455200e-01 -9.913141131401062012e-01 -9.965426325798034668e-01 6.366596221923828125e-01 4.611544907093048096e-01 3.668422698974609375e-01 7.990765571594238281e-01 9.677284359931945801e-01 -9.792811870574951172e-01 -2.018475830554962158e-01 9.460760354995727539e-01 2.587167620658874512e-01 9.962707161903381348e-01 9.818502664566040039e-01 -9.468801021575927734e-01 -5.342406034469604492e-01 8.776363134384155273e-01 -8.595778793096542358e-02 2.820181846618652344e-01 -4.048789292573928833e-02 9.893103241920471191e-01 -8.037093281745910645e-01 1.965486109256744385e-01 -4.609882459044456482e-02 -8.476775288581848145e-01 7.273113727569580078e-02 9.770035147666931152e-01 9.663329720497131348e-01 1.025093272328376770e-01 2.397800087928771973e-01 -6.860358268022537231e-02 -3.260061517357826233e-02 9.997786283493041992e-01 1.849984973669052124e-01 6.271433234214782715e-01 -3.977375626564025879e-01 -5.920514464378356934e-01 -3.897297680377960205e-01 -4.085938930511474609e-01 -9.680886268615722656e-01 3.938558697700500488e-01 -9.013185501098632812e-01 3.316393792629241943e-01 9.626874327659606934e-01 2.302443236112594604e-01 -1.312396079301834106e-01 -8.947491049766540527e-01 2.971187829971313477e-01 1.939347237348556519e-01 -1.547498852014541626e-01 -5.055696368217468262e-01 -9.466838240623474121e-01 4.797565937042236328e-01 9.989179372787475586e-01 -2.471701614558696747e-02 -1.846057921648025513e-01 9.912242293357849121e-01 -9.172199964523315430e-01 -4.605007767677307129e-01 8.062644600868225098e-01 9.998139739036560059e-01 3.558164462447166443e-02 9.042068719863891602e-01 3.762076199054718018e-01 -3.358539640903472900e-01 6.348683238029479980e-01 3.886270821094512939e-01 8.993936181068420410e-01 4.120494425296783447e-01 -5.670500993728637695e-01 -3.045521676540374756e-02 -2.109718322753906250e-01 2.238621115684509277e-01 -9.956124424934387207e-01 -8.849107027053833008e-01 -2.379456162452697754e-01 6.378473341464996338e-02 -1.030018553137779236e-01 -9.716927409172058105e-01 -8.991689682006835938e-01 3.538917005062103271e-02 -2.195523232221603394e-01 1.440193206071853638e-01 3.152772188186645508e-01 9.805352687835693359e-01 -5.113445520401000977e-01 1.359278410673141479e-01 3.458661437034606934e-01 -9.831457138061523438e-01 4.557145833969116211e-01 1.960582733154296875e-01 -3.403166234493255615e-01 -2.804664969444274902e-01 9.588819742202758789e-01 2.276886254549026489e-01 -2.631407678127288818e-01 -6.806040555238723755e-02 9.848764538764953613e-01 -8.789217472076416016e-01 -6.634568423032760620e-02 -4.116453826427459717e-01 8.567996025085449219e-01 -1.021171212196350098e-01 -1.057958155870437622e-01 7.945324778556823730e-01 -9.944450259208679199e-01 -8.161686360836029053e-03 -5.701361298561096191e-01 -1.545785814523696899e-01 -1.157883927226066589e-01 -4.411533772945404053e-01 9.542501568794250488e-01 1.962894648313522339e-01 -1.441076397895812988e-01 -7.058866620063781738e-01 5.044494271278381348e-01 -1.553212702274322510e-01 9.507653713226318359e-01 -9.096428155899047852e-01 -8.776224851608276367e-01 -2.387218922376632690e-01 2.280884236097335815e-02 -9.969251155853271484e-01 7.528213858604431152e-01 4.476589858531951904e-01 -9.917224645614624023e-01 2.059327811002731323e-02 -5.647578090429306030e-02 5.168792009353637695e-01 6.712844222784042358e-02 -6.560042500495910645e-01 -4.945579767227172852e-01 -9.893099665641784668e-01 -5.452959537506103516e-01 8.028944730758666992e-01 -7.499752938747406006e-02 9.834126234054565430e-01 5.116878151893615723e-01 -9.799494743347167969e-01 -1.315149366855621338e-01 -9.313362091779708862e-02 -2.452572584152221680e-01 -9.087522327899932861e-02 2.411857545375823975e-01 -9.856104254722595215e-01 -2.998747304081916809e-02 -9.992298483848571777e-01 -8.385661244392395020e-01 9.717526286840438843e-02 -8.393033742904663086e-01 -1.767367571592330933e-01 6.852366030216217041e-02 -1.020185723900794983e-01 -2.183925919234752655e-02 -9.848909378051757812e-01 -8.802817463874816895e-01 -7.663970813155174255e-03 -9.165760874748229980e-01 -9.778814315795898438e-01 -9.904158115386962891e-01 2.623344063758850098e-01 -1.173812244087457657e-02 -6.101305410265922546e-02 9.743928164243698120e-02 4.232800006866455078e-01 2.495891749858856201e-01 9.462185502052307129e-01 2.438403069972991943e-01 9.975152611732482910e-01 2.224668264389038086e-01 -6.009241193532943726e-02 -3.387199044227600098e-01 9.082083702087402344e-01 9.057272076606750488e-01 1.621808260679244995e-01 -9.625920653343200684e-01 -2.260630019009113312e-02 9.026894569396972656e-01 9.944437742233276367e-01 8.923580646514892578e-01 9.988273382186889648e-01 -9.384117126464843750e-01 -1.385821551084518433e-01 4.875339567661285400e-01 9.200013279914855957e-01 6.076800227165222168e-01 -3.147044032812118530e-02 3.325799107551574707e-01 -9.858070611953735352e-01 -9.844154119491577148e-01 3.942639231681823730e-01 -9.700435400009155273e-01 9.984388351440429688e-01 -3.018669486045837402e-01 4.277661442756652832e-01 2.445372939109802246e-01 1.913223974406719208e-02 -2.225547879934310913e-01 -9.310882687568664551e-01 -9.763635396957397461e-01 -4.168984591960906982e-01 -4.973166882991790771e-01 2.845898568630218506e-01 -1.929942667484283447e-01 -9.999783039093017578e-01 -9.822607040405273438e-01 -6.223275065422058105e-01 -2.411185530945658684e-03 -7.228399813175201416e-02 -1.072215884923934937e-01 4.851216375827789307e-01 7.465193867683410645e-01 9.870117902755737305e-01 -9.958169460296630859e-01 -1.599611490964889526e-01 3.263091444969177246e-01 -2.152099162340164185e-01 -3.440108895301818848e-02 -8.152111172676086426e-01 -1.898834258317947388e-01 6.322961449623107910e-01 1.600372642278671265e-01 1.799029111862182617e-02 -5.761857032775878906e-01 -7.409280538558959961e-01
-4.715841710567474365e-01 8.935962915420532227e-01 -1.613372750580310822e-02 6.959354877471923828e-02 -2.791383266448974609e-01 2.858673334121704102e-01 9.864118695259094238e-01 -9.557426571846008301e-01 -1.642115712165832520e-01 -9.923094511032104492e-01 2.074799984693527222e-01 -9.382234811782836914e-01 9.971852898597717285e-01 -9.842523336410522461e-01 -8.353671431541442871e-01 -1.544527113437652588e-01 2.328071445226669312e-01 -9.069637209177017212e-02 -5.432609915733337402e-01 -4.197665452957153320e-01 7.149865627288818359e-01 4.759023487567901611e-01 -5.100783705711364746e-01 -7.182498574256896973e-01 9.983072876930236816e-01 9.956289529800415039e-01 1.050595715641975403e-01 -5.141029953956604004e-01 5.230503082275390625e-01 9.975294470787048340e-01 9.764598608016967773e-01 -3.089378178119659424e-01 4.832024872303009033e-01 -1.154880225658416748e-01 -8.694207668304443359e-01 -3.992345035076141357e-01 -6.590448021888732910e-01 -3.914835751056671143e-01 4.492765069007873535e-01 -2.447078078985214233e-01 -3.721362352371215820e-02 1.622493416070938110e-01 3.135147988796234131e-01 -9.897220134735107422e-01 1.189497299492359161e-02 5.568358898162841797e-01 -4.966137707233428955e-01 -1.947101801633834839e-01 9.807300567626953125e-01 -5.282075405120849609e-01 9.878301620483398438e-01 1.692525483667850494e-02 9.331392645835876465e-01 -7.113745808601379395e-02 7.946928143501281738e-01 5.036174058914184570e-01 1.356367170810699463e-01 -3.072825372219085693e-01 -9.996384382247924805e-01 -9.462999701499938965e-01 -2.336574643850326538e-01 -2.304894775152206421e-01 9.925733804702758789e-01 3.417209088802337646e-01 -1.096423864364624023e-01 -9.868147969245910645e-01 7.206497788429260254e-01 8.301284313201904297e-01 -2.927120327949523926e-01 -9.569392204284667969e-01 9.919773936271667480e-01 9.845052957534790039e-01 -1.037153303623199463e-01 -9.325697422027587891e-01 -9.875842332839965820e-01 -2.881599366664886475e-01 -4.847735166549682617e-03 6.541501879692077637e-01 1.282081753015518188e-01 -1.807879805564880371e-01 -5.876241922378540039e-01 -2.038909196853637695e-01 9.998918771743774414e-01 -9.303410053253173828e-01 9.968954324722290039e-01 -9.339058995246887207e-01 2.913017570972442627e-01 1.969684660434722900e-01 -5.346422791481018066e-01 3.778794705867767334e-01 -9.871512055397033691e-01 -8.538926020264625549e-03 4.577662050724029541e-01 -9.832301139831542969e-01 -8.209431916475296021e-02 -7.313341498374938965e-01 9.970341324806213379e-01 -3.638656437397003174e-01 -9.957605600357055664e-01 2.413227967917919159e-02 -2.077368199825286865e-01 4.028556048870086670e-01 -5.073513388633728027e-01 -2.047467529773712158e-01 -1.836455911397933960e-01 -9.896814078092575073e-02 7.806535363197326660e-01 5.952811837196350098e-01 -4.631821811199188232e-01 2.148811072111129761e-01 1.547667235136032104e-01 6.796091198921203613e-01 3.233052194118499756e-01 -9.952822327613830566e-01 -1.584176868200302124e-01 1.404336690902709961e-01 -6.753337979316711426e-01 8.521128892898559570e-01 1.427717506885528564e-01 9.879434704780578613e-01 -3.099552989006042480e-01 -3.244313597679138184e-01 -9.905251860618591309e-01 9.992883205413818359e-01 -3.428505957126617432e-01 -2.994620501995086670e-01 -8.401685953140258789e-01 -1.815908402204513550e-01 -3.040586411952972412e-01 -5.120010375976562500e-01 9.278829693794250488e-01 7.750132083892822266e-01 7.657530307769775391e-01 7.765342295169830322e-02 7.650086283683776855e-01 -9.787826538085937500e-01 6.992594003677368164e-01 -9.948177337646484375e-01 7.463289499282836914e-01 2.631455063819885254e-01 9.998841881752014160e-01 2.292799800634384155e-01 -3.857735097408294678e-01 9.513114690780639648e-01 -2.548646032810211182e-01 9.584670662879943848e-01 -8.943899869918823242e-01 9.946640133857727051e-01 6.447334885597229004e-01 -3.984438478946685791e-01 -4.687367081642150879e-01 -2.454874962568283081e-01 9.048159122467041016e-01 -4.558450877666473389e-01 4.191494882106781006e-01 -3.361687958240509033e-01 -9.941680431365966797e-01 3.546356260776519775e-01 -1.092359498143196106e-01 1.851900070905685425e-01 1.085666269063949585e-01 2.059773653745651245e-01 -2.426138706505298615e-02 -5.107216238975524902e-01 9.999365806579589844e-01 -2.772164046764373779e-01 -4.734966158866882324e-01 -4.502443075180053711e-01 9.881054759025573730e-01 1.380903571844100952e-01 1.023915410041809082e-01 -8.343388438224792480e-01 -7.919709682464599609e-01 -9.975667595863342285e-01 3.273971080780029297e-01 1.177686676383018494e-01 -6.456791162490844727e-01 -3.162526786327362061e-01 9.994513988494873047e-01 9.986126422882080078e-01 9.081353545188903809e-01 -4.631251394748687744e-01 9.929528236389160156e-01 -9.585120081901550293e-01 8.292785882949829102e-01 -9.975667595863342285e-01 -8.939957618713378906e-01 6.892246007919311523e-01 5.077732801437377930e-01 9.924290776252746582e-01 -5.116602778434753418e-02 -9.859806895256042480e-01 -9.146810770034790039e-01 1.476034820079803467e-01 9.728595018386840820e-01 -6.802630424499511719e-02 -8.247461318969726562e-01 -9.982448220252990723e-01 6.708672642707824707e-01 2.724492847919464111e-01 -1.294273883104324341e-01 1.799644902348518372e-02 7.297534942626953125e-01 5.808525681495666504e-01 -1.905429810285568237e-01 -3.485276401042938232e-01 2.065336704254150391e-02 8.563272356986999512e-01 8.997656106948852539e-01 -3.272522389888763428e-01 6.130545958876609802e-02 -4.833081662654876709e-01 -1.071533635258674622e-01 8.068938851356506348e-01 9.928029775619506836e-01 -9.240910410881042480e-01 9.869288206100463867e-01 9.994013309478759766e-01 9.974790811538696289e-01 2.438816279172897339e-01 -8.847341537475585938e-01 -2.668957710266113281e-01 -4.515377283096313477e-01 4.473522007465362549e-01 -4.952849745750427246e-01 -8.980444073677062988e-02 -9.962326884269714355e-01 -5.137930158525705338e-03 6.000674366950988770e-01 9.870889186859130859e-01 -2.392288744449615479e-01 2.581761181354522705e-01 -2.566063702106475830e-01 4.326630234718322754e-01 9.785273671150207520e-01 7.516914606094360352e-01 -1.549067348241806030e-01 -5.730159282684326172e-01 3.036212325096130371e-01 -1.692587044090032578e-03 7.352854609489440918e-01 9.999913573265075684e-01 -9.496328830718994141e-01 3.819980323314666748e-01 9.966015815734863281e-01 2.710790336132049561e-01 9.806169867515563965e-01 2.167965769767761230e-01 6.347034573554992676e-01 8.956986665725708008e-02 3.080724179744720459e-01 -2.959348857402801514e-01 -2.268022894859313965e-01 1.905129700899124146e-01 9.987630844116210938e-01 -2.835410833358764648e-01 -3.319386839866638184e-01 -9.969620108604431152e-01 4.840553402900695801e-01 8.106517195701599121e-01 2.820798195898532867e-02 -9.400047659873962402e-01 5.689271539449691772e-02 -9.945943355560302734e-01 1.157798841595649719e-01 9.988740086555480957e-01 9.940460324287414551e-01 -9.547028541564941406e-01 2.153594791889190674e-01 -5.202380418777465820e-01 9.981170296669006348e-01 -4.135509431362152100e-01 -9.929556250572204590e-01 9.987441897392272949e-01 -5.741050839424133301e-01 -8.971487879753112793e-01 6.663952469825744629e-01 3.856510221958160400e-01 5.313476920127868652e-01 7.252391576766967773e-01 -9.565910100936889648e-01 -8.776389956474304199e-01 8.723495602607727051e-01 9.425750374794006348e-01 2.231684178113937378e-01 -1.595979332923889160e-01 1.287183910608291626e-01 8.674097247421741486e-03 -9.988113045692443848e-01 -9.995073676109313965e-01 -5.488617420196533203e-01 6.547955274581909180e-01 5.855894088745117188e-01 7.908788919448852539e-01 9.832372069358825684e-01 -9.281729459762573242e-01 -5.480358749628067017e-02 9.974903464317321777e-01 -9.743115305900573730e-02 9.898937940597534180e-01 9.743506908416748047e-01 -9.337477087974548340e-01 -8.311719298362731934e-01 8.706581592559814453e-01 -3.458224534988403320e-01 -2.066810727119445801e-01 -9.635268710553646088e-03 9.969773888587951660e-01 3.695275485515594482e-01 3.715900480747222900e-01 -6.184310838580131531e-02 -8.279283642768859863e-01 2.248437553644180298e-01 9.871033430099487305e-01 9.754151105880737305e-01 -1.360017210245132446e-01 8.817392587661743164e-02 1.435226052999496460e-01 1.232876479625701904e-01 9.987168312072753906e-01 3.818404376506805420e-01 -4.655874073505401611e-01 -5.474703311920166016e-01 -1.656751185655593872e-01 -3.036935329437255859e-01 -6.563974618911743164e-01 -8.851504325866699219e-01 6.723578572273254395e-01 -9.976282119750976562e-01 -6.013836264610290527e-01 9.990571141242980957e-01 3.076250255107879639e-01 3.755842894315719604e-02 -1.489924341440200806e-01 2.079946845769882202e-01 5.734056234359741211e-01 -9.757535159587860107e-02 -7.025533169507980347e-02 -9.962966442108154297e-01 4.228405952453613281e-01 9.995253682136535645e-01 -4.837890863418579102e-01 -3.805070221424102783e-01 9.805755615234375000e-01 1.493532508611679077e-01 7.123603820800781250e-01 9.674252867698669434e-01 9.999377727508544922e-01 8.089243620634078979e-02 8.547207117080688477e-01 5.600031018257141113e-01 -1.840582638978958130e-01 1.367846876382827759e-01 -2.933250665664672852e-01 9.977665543556213379e-01 7.377301901578903198e-02 2.883368134498596191e-01 -2.642378509044647217e-01 -5.651226639747619629e-01 2.637704014778137207e-01 -9.715694785118103027e-01 -9.971067905426025391e-01 -3.962288498878479004e-01 -4.205437377095222473e-02 -5.785230919718742371e-02 -9.842461347579956055e-01 -9.975565671920776367e-01 2.799680531024932861e-01 4.008050858974456787e-01 6.671104431152343750e-01 1.331079006195068359e-01 9.136304855346679688e-01 -5.996443629264831543e-01 2.566681206226348877e-01 -6.683905124664306641e-01 -9.981644153594970703e-01 1.872159391641616821e-01 3.109275996685028076e-01 -2.400265336036682129e-01 1.274625863879919052e-02 8.753296732902526855e-01 2.695551216602325439e-01 -7.372361421585083008e-01 3.030208647251129150e-01 9.967194199562072754e-01 -3.383549451828002930e-01 2.622905671596527100e-01 -3.990146815776824951e-01 9.247166514396667480e-01 -4.986099004745483398e-01 -4.352667927742004395e-01 9.303392171859741211e-01 -9.995417594909667969e-01 -4.461956024169921875e-01 -3.072559237480163574e-01 -2.567398548126220703e-01 -1.167567670345306396e-01 -6.134193539619445801e-01 9.983713626861572266e-01 2.675148844718933105e-01 -5.554643645882606506e-02 1.364803966134786606e-02 9.843524098396301270e-01 -5.307649374008178711e-01 9.700996279716491699e-01 -8.923187255859375000e-01 -9.961277842521667480e-01 -3.723042905330657959e-01 9.298787452280521393e-03 -9.990488290786743164e-01 -4.925707578659057617e-01 4.831505119800567627e-01 -9.982813596725463867e-01 5.146500468254089355e-01 2.075613886117935181e-01 6.844214797019958496e-01 2.028133273124694824e-01 -1.872401684522628784e-01 2.633098959922790527e-01 -9.828362464904785156e-01 -4.872375428676605225e-01 -9.466485679149627686e-02 1.951296031475067139e-01 9.469592571258544922e-01 6.759561896324157715e-01 -9.116126894950866699e-01 -3.386559486389160156e-01 1.566209942102432251e-01 -3.332658112049102783e-01 -2.092051208019256592e-01 6.711465120315551758e-01 -9.974097013473510742e-01 9.063341021537780762e-01 -9.993052482604980469e-01 -9.508100748062133789e-01 4.848508834838867188e-01 -9.420782923698425293e-01 -9.572944641113281250e-01 -2.803526632487773895e-02 -2.784191370010375977e-01 1.342826634645462036e-01 -9.955714941024780273e-01 -9.940661787986755371e-01 5.389720201492309570e-01 -9.976474046707153320e-01 -9.475346803665161133e-01 -9.879343509674072266e-01 7.234775424003601074e-01 -2.570863664150238037e-01 3.219327628612518311e-01 4.843805134296417236e-01 2.364788353443145752e-01 4.357443749904632568e-02 9.352334141731262207e-01 6.559730172157287598e-01 9.714894890785217285e-01 6.430367231369018555e-01 9.943194687366485596e-02 -1.485254708677530289e-02 7.940001487731933594e-01 9.235595464706420898e-01 2.737034857273101807e-01 -9.951889514923095703e-01 2.516408860683441162e-01 9.976666569709777832e-01 9.934498071670532227e-01 9.025737047195434570e-01 9.882280826568603516e-01 -8.709400892257690430e-01 -1.951492726802825928e-01 3.891455829143524170e-01 5.962753295898437500e-01 9.837870597839355469e-01 -5.559875816106796265e-02 5.772610306739807129e-01 -9.980871677398681641e-01 -9.933677911758422852e-01 2.839953005313873291e-01 -9.737396240234375000e-01 9.891566634178161621e-01 -7.358118891716003418e-02 5.262742042541503906e-01 4.778615534305572510e-01 2.924731373786926270e-01 6.065748259425163269e-02 -5.416396260261535645e-01 -9.313622117042541504e-01 -5.527740716934204102e-01 -6.316325664520263672e-01 -1.749896630644798279e-02 -2.278618961572647095e-01 -9.999948143959045410e-01 -6.048395037651062012e-01 -7.812365889549255371e-01 2.369651794433593750e-01 -2.877383828163146973e-01 1.705207824707031250e-01 3.252920210361480713e-01 9.010162949562072754e-02 9.982755780220031738e-01 -9.695934653282165527e-01 -1.772946268320083618e-01 2.261577546596527100e-01 -1.163713932037353516e-01 1.164537072181701660e-01 -9.118604660034179688e-01 -5.715708732604980469e-01 9.950267076492309570e-01 2.390064150094985962e-01 -1.655199229717254639e-01 -6.717881560325622559e-01 -1.514835469424724579e-02
3.325795233249664307e-01 -2.735130488872528076e-02 2.237174212932586670e-01 3.965268135070800781e-01 1.461576968431472778e-01 9.808677434921264648e-01 9.768037199974060059e-01 -9.358097314834594727e-01 -5.393245816230773926e-02 -9.150783419609069824e-01 1.117007732391357422e-01 -8.540503382682800293e-01 9.996799826622009277e-01 -9.698868989944458008e-01 -8.827633261680603027e-01 -3.795041143894195557e-02 7.762585580348968506e-02 -2.364619970321655273e-01 -5.115920901298522949e-01 -4.397467076778411865e-01 6.762948036193847656e-01 3.399220108985900879e-01 -3.059360980987548828e-01 -9.519192576408386230e-01 9.949413537979125977e-01 9.963901042938232422e-01 2.178884446620941162e-01 -3.963892757892608643e-01 4.493389129638671875e-01 9.995633363723754883e-01 9.543867111206054688e-01 -1.266706436872482300e-01 4.412077963352203369e-01 -2.047158479690551758e-01 -9.645570516586303711e-01 -2.920761108398437500e-01 -7.218471169471740723e-01 -4.411980509757995605e-01 3.164485394954681396e-01 -1.916022449731826782e-01 -1.146440282464027405e-01 1.364245116710662842e-01 3.712741434574127197e-01 -9.152443408966064453e-01 1.372968703508377075e-01 9.763797521591186523e-01 -8.195306658744812012e-01 3.307349979877471924e-02 9.154108762741088867e-01 -5.019004940986633301e-01 9.972194433212280273e-01 1.826817169785499573e-02 1.847397536039352417e-01 -1.723568439483642578e-01 7.591233849525451660e-01 3.364692628383636475e-01 8.799035847187042236e-02 2.751909196376800537e-04 -9.960829019546508789e-01 -9.522641301155090332e-01 -3.299734592437744141e-01 -1.657592356204986572e-01 9.646367430686950684e-01 2.470425069332122803e-01 -1.119040399789810181e-01 -8.956366181373596191e-01 1.264494061470031738e-01 8.961767554283142090e-01 -2.324975132942199707e-01 -9.929050207138061523e-01 9.840394258499145508e-01 9.851744174957275391e-01 -3.128037452697753906e-01 -7.819045782089233398e-01 -9.765581488609313965e-01 -8.612080477178096771e-03 -7.438776642084121704e-02 4.654434919357299805e-01 -1.027585044503211975e-01 9.102946519851684570e-02 -7.424824237823486328e-01 -3.488561213016510010e-01 9.992986917495727539e-01 -5.154367089271545410e-01 9.978906512260437012e-01 -8.195054531097412109e-01 2.569147050380706787e-01 2.422685474157333374e-01 -6.225093603134155273e-01 4.492276310920715332e-01 -9.831669330596923828e-01 -3.715192675590515137e-01 5.873927474021911621e-01 -9.425826072692871094e-01 -1.865740567445755005e-01 -9.799684882164001465e-01 9.579497575759887695e-01 -2.889907062053680420e-01 -8.694690465927124023e-01 -1.709714382886886597e-01 8.670271635055541992e-01 2.299361974000930786e-01 -6.820206046104431152e-01 -3.773560822010040283e-01 -8.500948548316955566e-02 9.707329422235488892e-02 -6.871303543448448181e-03 4.079652428627014160e-01 -2.119934856891632080e-01 5.760565996170043945e-01 3.177258372306823730e-02 9.148979783058166504e-01 5.424757599830627441e-01 -9.940872192382812500e-01 -4.144126176834106445e-01 -4.753414914011955261e-02 -5.645326897501945496e-02 7.034562826156616211e-01 -1.542427111417055130e-02 9.871549010276794434e-01 -2.524029016494750977e-01 -3.320390582084655762e-01 -8.998376131057739258e-01 9.968528747558593750e-01 -3.916346728801727295e-01 -3.273586630821228027e-01 -3.382562994956970215e-01 -1.993781328201293945e-01 -1.239709183573722839e-01 -5.649723410606384277e-01 9.269347190856933594e-01 8.543890714645385742e-01 2.190041542053222656e-01 -2.006440423429012299e-03 7.439959049224853516e-01 -9.696564674377441406e-01 7.408280968666076660e-01 -9.895318746566772461e-01 9.905242919921875000e-01 -2.849060483276844025e-02 9.998902678489685059e-01 3.474028110504150391e-01 -3.725546598434448242e-01 -7.352936863899230957e-01 -1.570061892271041870e-01 5.889101624488830566e-01 4.088866412639617920e-01 9.504212141036987305e-01 7.285687327384948730e-01 -2.330865263938903809e-01 -3.431282639503479004e-01 1.138736307621002197e-01 1.807170510292053223e-01 -4.247319400310516357e-01 4.089436531066894531e-01 -3.587248325347900391e-01 -9.983797073364257812e-01 7.062993645668029785e-01 -2.564041316509246826e-01 1.032825931906700134e-01 5.469257757067680359e-02 1.505528837442398071e-01 1.525366753339767456e-01 -4.503866434097290039e-01 9.994986653327941895e-01 -1.862247437238693237e-01 -5.390215516090393066e-01 -6.254518628120422363e-01 9.899256229400634766e-01 -7.046237587928771973e-01 6.983775645494461060e-02 7.681003957986831665e-02 -9.335259199142456055e-01 -9.995363354682922363e-01 -3.971942700445652008e-03 3.081060051918029785e-01 -5.384485125541687012e-01 -1.191737577319145203e-01 9.950489997863769531e-01 9.989733695983886719e-01 9.003764986991882324e-01 -4.243215024471282959e-01 9.597036838531494141e-01 -9.905912876129150391e-01 9.224534630775451660e-01 -9.376663565635681152e-01 -4.746256470680236816e-01 9.144105315208435059e-01 4.345656335353851318e-01 9.233161807060241699e-01 -9.223100543022155762e-01 -9.786468744277954102e-01 -9.810313582420349121e-01 9.159221500158309937e-02 6.191518902778625488e-01 3.459602296352386475e-01 -9.663411229848861694e-02 -9.977895021438598633e-01 5.730094909667968750e-01 2.609585225582122803e-01 -1.913512200117111206e-01 5.159221291542053223e-01 9.545958638191223145e-01 5.300038456916809082e-01 -1.582069247961044312e-01 -3.952322304248809814e-01 -2.376409322023391724e-01 6.036540865898132324e-01 3.475457429885864258e-01 -1.364792734384536743e-01 1.715780496597290039e-01 -9.711860418319702148e-01 -2.576267421245574951e-01 6.096390485763549805e-01 9.842382669448852539e-01 -9.903472065925598145e-01 9.940131306648254395e-01 9.994251728057861328e-01 9.994403123855590820e-01 3.069172203540802002e-01 -9.634458422660827637e-01 -7.622842490673065186e-02 -2.846889495849609375e-01 3.766387701034545898e-01 -8.315904736518859863e-01 -5.040907263755798340e-01 -9.875456094741821289e-01 -1.941451220773160458e-03 -3.876807987689971924e-01 9.913273453712463379e-01 7.980536669492721558e-02 3.079226613044738770e-01 -1.921324580907821655e-01 5.085476636886596680e-01 9.340765476226806641e-01 5.167772769927978516e-01 -3.382183983922004700e-02 -6.184657812118530273e-01 1.778082996606826782e-01 -5.097426846623420715e-02 9.697065353393554688e-01 9.999678134918212891e-01 -7.743585705757141113e-01 6.121169328689575195e-01 9.991395473480224609e-01 6.971506029367446899e-02 9.475983381271362305e-01 2.409548610448837280e-01 1.262155324220657349e-01 6.311854813247919083e-03 2.638445794582366943e-01 2.146854400634765625e-01 -1.219831183552742004e-01 5.231551527976989746e-01 9.971498847007751465e-01 5.158520117402076721e-02 -2.766613475978374481e-02 -9.997963309288024902e-01 4.683913290500640869e-01 8.532134294509887695e-01 1.819983683526515961e-02 -9.405669569969177246e-01 2.358808815479278564e-01 -9.675617814064025879e-01 8.914145827293395996e-02 9.899696707725524902e-01 9.064036011695861816e-01 -9.420606493949890137e-01 3.960781916975975037e-02 -3.286011219024658203e-01 9.683241844177246094e-01 -1.432764530181884766e-01 -5.513203144073486328e-01 9.832884669303894043e-01 -4.991763532161712646e-01 -9.049348831176757812e-01 8.324759602546691895e-01 5.114584565162658691e-01 7.195599079132080078e-01 5.044423341751098633e-01 -8.177005052566528320e-01 -4.899471998214721680e-01 9.695507884025573730e-01 4.146397411823272705e-01 -4.739170074462890625e-01 -3.120867609977722168e-01 -2.697097137570381165e-02 -1.371622383594512939e-01 -9.958950281143188477e-01 -9.963009953498840332e-01 -1.044838577508926392e-01 6.044964194297790527e-01 4.514715969562530518e-01 2.559682726860046387e-01 9.857052564620971680e-01 -7.469853162765502930e-01 -2.929448485374450684e-01 9.939706325531005859e-01 1.953418850898742676e-01 9.958940744400024414e-01 9.516476988792419434e-01 -7.794120907783508301e-02 -8.638002276420593262e-01 -7.015323638916015625e-02 -3.667719066143035889e-01 5.545482039451599121e-01 -1.766866892576217651e-01 9.981576204299926758e-01 8.263662457466125488e-01 1.107190176844596863e-01 2.202432155609130859e-01 -8.714414834976196289e-01 -1.364012248814105988e-02 8.716676831245422363e-01 9.740485548973083496e-01 -2.208308875560760498e-01 2.775157690048217773e-01 3.557263910770416260e-01 7.809294760227203369e-02 9.995392560958862305e-01 4.171744287014007568e-01 4.610095322132110596e-01 -4.002650678157806396e-01 -3.745528161525726318e-01 -3.292819559574127197e-01 -4.278541803359985352e-01 -9.958679676055908203e-01 3.716616332530975342e-01 -9.987980127334594727e-01 3.794926702976226807e-01 9.826968908309936523e-01 2.594665586948394775e-01 2.268261611461639404e-01 -8.772441148757934570e-01 -4.164205864071846008e-02 5.194910168647766113e-01 9.069002419710159302e-02 -3.238993585109710693e-01 -9.992577433586120605e-01 2.470325380563735962e-01 9.995024204254150391e-01 -4.400486648082733154e-01 -3.876843750476837158e-01 9.727520346641540527e-01 -3.198766410350799561e-01 -6.732379198074340820e-01 9.604891538619995117e-01 9.999625086784362793e-01 -7.919272780418395996e-02 6.934462785720825195e-01 3.411607444286346436e-01 -2.467145472764968872e-01 -8.410036563873291016e-01 -1.427242010831832886e-01 9.994735121726989746e-01 2.751411497592926025e-01 8.692304491996765137e-01 -5.427456647157669067e-02 -6.624305248260498047e-01 3.730494379997253418e-01 -9.491652250289916992e-01 -9.995104074478149414e-01 -2.622283697128295898e-01 -6.217996776103973389e-02 -1.490757912397384644e-01 -9.650271534919738770e-01 -9.995132684707641602e-01 -7.622815668582916260e-02 4.345214664936065674e-01 5.103075504302978516e-01 3.546553477644920349e-02 9.889377951622009277e-01 -5.558879375457763672e-01 1.428771466016769409e-01 -9.112496972084045410e-01 -9.249077439308166504e-01 -6.955919787287712097e-03 2.226549386978149414e-01 -2.898969948291778564e-01 -4.931390285491943359e-02 8.049154877662658691e-01 9.592161327600479126e-02 8.312513232231140137e-01 3.084946572780609131e-01 9.928530454635620117e-01 -3.651657998561859131e-01 2.335995584726333618e-01 -3.398235142230987549e-01 9.881550073623657227e-01 -3.743534088134765625e-01 -4.489295482635498047e-01 9.490723609924316406e-01 -9.961450099945068359e-01 3.249540179967880249e-02 -6.216915249824523926e-01 -4.030499160289764404e-01 -3.237316906452178955e-01 -4.380281865596771240e-01 9.804520606994628906e-01 1.870588809251785278e-01 3.282782062888145447e-02 -3.064450025558471680e-01 9.947683811187744141e-01 -8.470074087381362915e-02 8.778037428855895996e-01 -2.649067342281341553e-01 -9.987893700599670410e-01 -2.604691386222839355e-01 1.470018774271011353e-01 -9.980074763298034668e-01 -5.677627325057983398e-01 7.977390885353088379e-01 -7.059960961341857910e-01 4.513284564018249512e-01 7.367948889732360840e-01 4.642822444438934326e-01 2.676200270652770996e-01 7.981212735176086426e-01 4.080169200897216797e-01 -9.924918413162231445e-01 -5.673292875289916992e-01 -6.273219585418701172e-01 1.089504137635231018e-01 9.927800297737121582e-01 6.143736839294433594e-01 -8.030347228050231934e-01 -3.664538860321044922e-01 2.166011482477188110e-01 -5.961542204022407532e-02 -7.774697151035070419e-04 4.860385358333587646e-01 -9.139966368675231934e-01 1.300387978553771973e-01 -9.987772107124328613e-01 -8.745736479759216309e-01 3.577603101730346680e-01 -8.630110621452331543e-01 -8.852707743644714355e-01 2.384292632341384888e-01 -5.458177924156188965e-01 6.614987552165985107e-02 -9.880307316780090332e-01 -9.867848157882690430e-01 1.871989518404006958e-01 -9.871449470520019531e-01 -9.393777847290039062e-01 -9.958260655403137207e-01 7.320162653923034668e-01 -2.274543344974517822e-01 1.465597301721572876e-01 4.092216491699218750e-01 3.931293785572052002e-01 1.782411038875579834e-01 8.251309394836425781e-01 6.511037945747375488e-01 9.963171482086181641e-01 3.963922262191772461e-01 3.778390586376190186e-01 -2.876996397972106934e-01 9.303119778633117676e-01 9.892687797546386719e-01 4.121358990669250488e-01 -9.775556325912475586e-01 2.677829563617706299e-01 9.985803365707397461e-01 9.953743815422058105e-01 9.736348390579223633e-01 9.984645843505859375e-01 -9.276639819145202637e-01 6.515891104936599731e-02 6.921376585960388184e-01 8.384038805961608887e-01 9.323880672454833984e-01 1.625279784202575684e-01 4.210450947284698486e-01 -9.908609986305236816e-01 -9.741679430007934570e-01 4.887052774429321289e-01 -9.851821064949035645e-01 9.976414442062377930e-01 -1.949709653854370117e-01 5.137740373611450195e-01 2.180382162332534790e-01 1.333646029233932495e-01 -2.591305375099182129e-01 -8.677148818969726562e-01 -9.753279685974121094e-01 -5.283765196800231934e-01 -3.608265817165374756e-01 4.373234137892723083e-02 -2.661650478839874268e-01 -9.999933242797851562e-01 -8.088589906692504883e-01 -9.385288953781127930e-01 -9.112936258316040039e-02 -2.651905119419097900e-01 -8.233914524316787720e-02 3.935901522636413574e-01 8.889015018939971924e-02 8.836360573768615723e-01 -9.942589998245239258e-01 3.437669575214385986e-02 2.821183204650878906e-01 6.356573430821299553e-04 8.475475013256072998e-02 -5.016490817070007324e-01 6.750242114067077637e-01 9.921712279319763184e-01 2.298125922679901123e-01 -1.416208446025848389e-01 -4.287661015987396240e-01 -2.672109901905059814e-01
9.904367327690124512e-01 -9.068309068679809570e-01 8.635260909795761108e-02 3.244158625602722168e-01 -1.559604406356811523e-01 9.639692306518554688e-01 9.931300878524780273e-01 -8.789263963699340820e-01 -3.892015814781188965e-01 -9.875755906105041504e-01 2.352099865674972534e-01 -9.934769868850708008e-01 9.833313226699829102e-01 -9.973292946815490723e-01 -7.834036946296691895e-01 1.190585792064666748e-01 3.925769627094268799e-01 -2.625274658203125000e-02 -5.673288702964782715e-01 -3.065962791442871094e-01 3.668809533119201660e-01 -7.710643857717514038e-02 7.203218936920166016e-01 -7.444121837615966797e-01 9.838851094245910645e-01 9.938971996307373047e-01 1.123091578483581543e-01 -4.329243302345275879e-01 -7.818662375211715698e-02 9.640080332756042480e-01 9.913237690925598145e-01 3.148095309734344482e-02 6.138845086097717285e-01 -1.147784590721130371e-01 -9.788004159927368164e-01 -3.414757847785949707e-01 -4.521593749523162842e-01 -2.747282087802886963e-01 9.838101863861083984e-01 -1.797270327806472778e-01 -4.146294295787811279e-01 -2.688013911247253418e-01 2.824153006076812744e-01 -9.924921989440917969e-01 -1.433902233839035034e-01 9.280841946601867676e-01 -9.882391095161437988e-01 -4.032728448510169983e-02 4.592310786247253418e-01 -8.491367846727371216e-02 9.851523041725158691e-01 9.338929504156112671e-02 9.965348839759826660e-01 -3.969010710716247559e-01 -1.529911309480667114e-01 3.218277394771575928e-01 -7.228736579418182373e-02 -2.050504982471466064e-01 -9.982641935348510742e-01 -9.143618345260620117e-01 -9.850671142339706421e-02 -2.732533514499664307e-01 8.382062315940856934e-01 -2.635244727134704590e-01 -3.946988657116889954e-02 -8.642216920852661133e-01 8.945557475090026855e-02 7.204521298408508301e-01 4.837072640657424927e-02 3.716540336608886719e-01 9.281993508338928223e-01 9.779936671257019043e-01 -7.606773972511291504e-01 -7.834910154342651367e-01 -6.669109463691711426e-01 -7.444803416728973389e-02 2.076280713081359863e-01 8.980579376220703125e-01 -1.200538799166679382e-01 3.957490250468254089e-02 -9.455513954162597656e-01 -3.139291405677795410e-01 9.587732553482055664e-01 -6.820713877677917480e-01 9.655215740203857422e-01 -9.936246871948242188e-01 -6.665233522653579712e-02 2.128214538097381592e-01 -3.268263936042785645e-01 2.301394492387771606e-01 -9.206562638282775879e-01 -9.440021961927413940e-02 4.703117907047271729e-01 -9.989904761314392090e-01 -9.095121026039123535e-01 -9.297129511833190918e-01 7.580372095108032227e-01 1.770298480987548828e-01 -9.912223219871520996e-01 -3.242011368274688721e-01 8.640906214714050293e-01 1.110647618770599365e-01 -8.843008875846862793e-01 -8.600638061761856079e-02 4.482130706310272217e-02 2.138042896986007690e-01 9.835299849510192871e-01 4.371738433837890625e-01 -1.754534095525741577e-01 -2.472515963017940521e-02 -7.600812613964080811e-02 4.126560986042022705e-01 -3.085088729858398438e-01 -9.628831148147583008e-01 -9.779372811317443848e-02 -1.638282388448715210e-01 -7.554920911788940430e-01 7.225455045700073242e-01 -3.061711601912975311e-02 7.942967414855957031e-01 -7.316415309906005859e-01 -3.695325180888175964e-02 -8.692538738250732422e-01 9.856296777725219727e-01 -3.599359467625617981e-02 -1.353343129158020020e-01 -3.781588673591613770e-01 -1.756211929023265839e-02 -6.849884390830993652e-01 -2.513550221920013428e-01 9.990915060043334961e-01 9.821707606315612793e-01 2.359350621700286865e-01 1.356175243854522705e-01 5.226446390151977539e-01 -9.383455514907836914e-01 9.099994301795959473e-01 -9.844257831573486328e-01 9.452799558639526367e-01 -5.690959747880697250e-03 9.999101758003234863e-01 3.334998786449432373e-01 -2.556978166103363037e-01 8.218253850936889648e-01 1.214729696512222290e-01 9.308992624282836914e-01 -2.966415584087371826e-01 9.903686046600341797e-01 2.918366193771362305e-01 7.560734637081623077e-03 -3.794304132461547852e-01 9.780277311801910400e-02 8.215743899345397949e-01 -3.541735708713531494e-01 2.562447786331176758e-01 -1.824499070644378662e-01 -8.910346627235412598e-01 5.325614809989929199e-01 -3.444046378135681152e-01 -1.247424259781837463e-01 -1.793307214975357056e-01 1.436844915151596069e-01 -4.648622870445251465e-01 -1.280259191989898682e-01 9.999508857727050781e-01 -1.951944679021835327e-01 -5.333943367004394531e-01 -2.850914895534515381e-01 9.806933403015136719e-01 -1.660902947187423706e-01 3.042384386062622070e-01 -4.703418314456939697e-01 -9.776767492294311523e-01 -9.610560536384582520e-01 -1.493056714534759521e-01 3.122916817665100098e-01 2.185410857200622559e-01 4.676004871726036072e-02 9.793254137039184570e-01 9.997662305831909180e-01 9.959625005722045898e-01 -2.185949534177780151e-01 1.120056062936782837e-01 -8.756630420684814453e-01 4.554952085018157959e-01 -7.711040973663330078e-01 -6.415897607803344727e-01 8.289474844932556152e-01 4.546817541122436523e-01 9.907701015472412109e-01 -9.534416794776916504e-01 -8.526891469955444336e-01 -7.743052840232849121e-01 -9.161088615655899048e-02 7.892590165138244629e-01 -1.693555414676666260e-01 -9.639658331871032715e-01 -9.767518043518066406e-01 7.383325137197971344e-03 1.110442280769348145e-01 -3.534381389617919922e-01 -1.894642263650894165e-01 6.205358505249023438e-01 4.042605459690093994e-01 -8.282687515020370483e-02 1.511127501726150513e-01 -1.041909754276275635e-01 8.347613215446472168e-01 9.427261352539062500e-01 -8.268434554338455200e-02 -6.893242001533508301e-01 -9.043651223182678223e-01 -1.072633713483810425e-01 3.584171533584594727e-01 9.679294228553771973e-01 -9.747895002365112305e-01 8.483034372329711914e-01 9.555923938751220703e-01 9.709406495094299316e-01 -1.438636779785156250e-01 -9.316523671150207520e-01 -2.563964128494262695e-01 -3.475725650787353516e-01 2.937273681163787842e-01 -9.869511723518371582e-01 -5.863178968429565430e-01 -9.663428664207458496e-01 -1.661757230758666992e-01 -7.360131144523620605e-01 9.544298648834228516e-01 -1.439988333731889725e-02 3.336888849735260010e-01 4.322896152734756470e-02 2.747657597064971924e-01 9.045702219009399414e-01 4.890788793563842773e-01 6.815991401672363281e-01 -4.741926789283752441e-01 1.191716194152832031e-01 1.301626563072204590e-01 9.864683747291564941e-01 9.998238682746887207e-01 -3.497424721717834473e-01 6.713117957115173340e-01 9.891988039016723633e-01 9.636932611465454102e-02 9.981958270072937012e-01 3.542840108275413513e-02 5.466442704200744629e-01 2.583294510841369629e-01 2.485742866992950439e-01 1.581289619207382202e-02 1.782136857509613037e-01 3.840548098087310791e-01 9.961373209953308105e-01 -2.033597379922866821e-01 -2.476930022239685059e-01 -9.988790154457092285e-01 3.340297192335128784e-02 3.045099973678588867e-02 -8.972008526325225830e-02 -9.981420040130615234e-01 2.369708716869354248e-01 -1.536015421152114868e-01 2.428047508001327515e-01 9.805371165275573730e-01 8.148483037948608398e-01 -9.952450990676879883e-01 -2.843000888824462891e-01 -1.364518851041793823e-01 9.947048425674438477e-01 5.384307727217674255e-02 -7.922624349594116211e-01 9.997217655181884766e-01 -4.947606325149536133e-01 -9.887770414352416992e-01 9.807079434394836426e-01 -9.165446460247039795e-02 9.628853797912597656e-01 4.451190233230590820e-01 -8.177947402000427246e-01 -7.170013189315795898e-01 9.469001293182373047e-01 9.647191762924194336e-01 -5.892332196235656738e-01 9.793499857187271118e-02 -5.482223257422447205e-02 4.173422455787658691e-01 -9.980581402778625488e-01 -9.998122453689575195e-01 -5.420092344284057617e-01 4.105747938156127930e-01 3.571518361568450928e-01 8.060090541839599609e-01 9.949533343315124512e-01 -9.792763590812683105e-01 1.156797353178262711e-02 9.942662715911865234e-01 -1.289163380861282349e-01 9.941835403442382812e-01 9.742246866226196289e-01 -9.587541818618774414e-01 4.692143574357032776e-02 5.708919167518615723e-01 -1.547480225563049316e-01 1.822706013917922974e-01 3.367460370063781738e-01 9.977423548698425293e-01 -6.029014587402343750e-01 2.915830612182617188e-01 -5.031688809394836426e-01 -9.405373930931091309e-01 2.629560828208923340e-01 9.951591491699218750e-01 9.657325744628906250e-01 -8.779031038284301758e-02 6.858284026384353638e-02 3.740414977073669434e-01 1.487566381692886353e-01 9.992308616638183594e-01 4.375864267349243164e-01 8.736816048622131348e-01 -3.906563520431518555e-01 -9.919167160987854004e-01 -4.551192522048950195e-01 -3.832871615886688232e-01 -9.046621322631835938e-01 3.474236130714416504e-01 -9.757182002067565918e-01 4.158903956413269043e-01 9.384948015213012695e-01 2.326387017965316772e-01 -1.356706023216247559e-01 -6.268838047981262207e-01 -2.205319702625274658e-01 4.686960577964782715e-01 2.891610860824584961e-01 -8.279127478599548340e-01 -9.599844217300415039e-01 3.480387032032012939e-01 9.997944235801696777e-01 -6.407196074724197388e-02 -2.299177497625350952e-01 9.874653816223144531e-01 -8.681696057319641113e-01 -7.860965728759765625e-01 7.969002127647399902e-01 9.996581077575683594e-01 -9.379474818706512451e-02 4.733055233955383301e-01 1.261307746171951294e-01 1.117425262928009033e-01 2.973639965057373047e-01 -5.003282427787780762e-02 9.650737643241882324e-01 5.811669304966926575e-02 5.552639365196228027e-01 -8.817049115896224976e-02 -5.184141546487808228e-02 1.037915050983428955e-01 -9.978808760643005371e-01 -9.640752673149108887e-01 -5.637871026992797852e-01 -3.765056431293487549e-01 2.369386376813054085e-03 -8.424075841903686523e-01 -9.617375135421752930e-01 4.147931337356567383e-01 2.265390455722808838e-01 5.435528755187988281e-01 -4.649765193462371826e-01 9.780176877975463867e-01 -3.039727509021759033e-01 9.984834119677543640e-03 2.028354257345199585e-01 -9.971126914024353027e-01 -1.429725736379623413e-01 5.646101236343383789e-01 -1.945126503705978394e-01 -2.448865622282028198e-01 -4.050529599189758301e-01 2.924539446830749512e-01 -3.794273734092712402e-01 2.680451236665248871e-02 9.989299178123474121e-01 -9.137933254241943359e-01 6.113207340240478516e-01 -3.510421216487884521e-01 5.587399005889892578e-01 -2.195147573947906494e-01 -2.839622497558593750e-01 8.434855937957763672e-01 -9.987873435020446777e-01 2.833133637905120850e-01 3.102262020111083984e-01 -1.692405492067337036e-01 1.552471071481704712e-01 -5.038003325462341309e-01 9.825463294982910156e-01 -1.204374358057975769e-01 2.761111967265605927e-02 -1.996491849422454834e-01 8.277993202209472656e-01 -1.947975456714630127e-01 9.644336104393005371e-01 -9.467759132385253906e-01 -9.263284206390380859e-01 2.781837992370128632e-02 1.569146960973739624e-01 -9.499666690826416016e-01 -8.476097136735916138e-02 6.850461959838867188e-01 1.833267360925674438e-01 4.851413145661354065e-02 -4.953570067882537842e-01 3.352892696857452393e-01 2.083857357501983643e-01 6.845223903656005859e-01 -4.848936498165130615e-01 -9.929259419441223145e-01 -5.042417049407958984e-01 2.632942795753479004e-01 -3.273036330938339233e-02 9.916490316390991211e-01 4.382851719856262207e-01 -6.765182614326477051e-01 -8.917450904846191406e-02 5.508729219436645508e-01 1.157521232962608337e-01 -4.926270991563796997e-02 1.548399776220321655e-01 -9.984452128410339355e-01 7.608706355094909668e-01 -9.998295307159423828e-01 -6.850426793098449707e-01 2.351459264755249023e-01 -6.473139673471450806e-02 -6.749357581138610840e-01 5.392022803425788879e-02 -2.950308322906494141e-01 -3.788977265357971191e-01 -9.983034729957580566e-01 -9.748198390007019043e-01 -2.384293265640735626e-02 -9.883930087089538574e-01 -9.769008755683898926e-01 -9.429438710212707520e-01 6.693980097770690918e-01 -1.646263748407363892e-01 3.786399960517883301e-02 4.284622073173522949e-01 -1.898903697729110718e-01 -1.350135505199432373e-01 9.971728324890136719e-01 5.593406558036804199e-01 9.865295886993408203e-01 -2.674178779125213623e-01 -7.068606466054916382e-02 1.584800630807876587e-01 9.553740620613098145e-01 8.167297244071960449e-01 1.504462659358978271e-01 -9.804986119270324707e-01 2.261811941862106323e-01 9.675817489624023438e-01 9.951071739196777344e-01 9.591847658157348633e-01 9.916023015975952148e-01 -9.393453598022460938e-01 -1.079148519784212112e-02 3.678223490715026855e-01 -7.600177545100450516e-03 7.121126055717468262e-01 9.083119034767150879e-02 1.387695372104644775e-01 -9.995523691177368164e-01 -9.947637915611267090e-01 1.658786833286285400e-01 -9.586776494979858398e-01 9.929617047309875488e-01 2.277038246393203735e-01 2.331511527299880981e-01 5.364226922392845154e-02 1.677604466676712036e-01 1.400484740734100342e-01 -9.883541464805603027e-01 -9.636459350585937500e-01 -5.352956056594848633e-01 -3.852092325687408447e-01 5.429347231984138489e-02 -1.006331741809844971e-01 -9.998309016227722168e-01 -9.806804060935974121e-01 -7.835752367973327637e-01 1.735746115446090698e-01 -2.542349100112915039e-01 1.171590462327003479e-01 1.951995790004730225e-01 6.239229440689086914e-01 9.695394039154052734e-01 -9.978496432304382324e-01 5.014833807945251465e-02 2.240875065326690674e-01 1.496889591217041016e-01 -3.736462071537971497e-02 -9.341875314712524414e-01 1.298650056123733521e-01 6.758604645729064941e-01 5.444981455802917480e-01 3.101463913917541504e-01 -4.033685922622680664e-01 -5.856553316116333008e-01
4.792204201221466064e-01 9.155911803245544434e-01 -1.074274107813835144e-01 1.487867720425128937e-02 -7.979253679513931274e-02 8.981928229331970215e-01 9.903620481491088867e-01 -6.571849584579467773e-01 -3.049839138984680176e-01 -9.138865470886230469e-01 -1.272761076688766479e-01 -9.957590699195861816e-01 9.908004403114318848e-01 -9.751560688018798828e-01 -7.834522128105163574e-01 2.792133204638957977e-02 -4.458351433277130127e-02 -4.052972048521041870e-02 -7.133715748786926270e-01 -4.682211577892303467e-01 5.361272692680358887e-01 3.392575085163116455e-01 -6.882302761077880859e-01 -8.263218402862548828e-01 9.844467043876647949e-01 9.942499399185180664e-01 1.901913434267044067e-02 -3.149726986885070801e-01 4.597888290882110596e-01 9.978484511375427246e-01 -6.499263644218444824e-01 1.887215226888656616e-01 1.080380156636238098e-01 -1.810062080621719360e-01 -9.547392129898071289e-01 -4.918100833892822266e-01 -5.292070508003234863e-01 -3.439918458461761475e-01 4.741073250770568848e-01 1.218778192996978760e-01 5.986938718706369400e-03 -1.063906773924827576e-01 1.567170768976211548e-01 -7.648646831512451172e-01 3.229498118162155151e-02 9.364279508590698242e-01 -9.788295626640319824e-01 3.545834124088287354e-02 9.934722185134887695e-01 -3.227583765983581543e-01 9.995576739311218262e-01 3.343880549073219299e-02 5.324675440788269043e-01 -3.167777955532073975e-01 8.876029849052429199e-01 2.545552849769592285e-01 -3.539818525314331055e-01 1.860979795455932617e-01 -9.995600581169128418e-01 -9.934668540954589844e-01 -1.907739937305450439e-01 -6.962563097476959229e-02 9.695857763290405273e-01 3.249893486499786377e-01 3.512338101863861084e-01 -9.986135959625244141e-01 -3.727822331711649895e-03 8.574163913726806641e-01 1.551104187965393066e-01 -8.271731138229370117e-01 9.939156174659729004e-01 9.929795861244201660e-01 3.343466222286224365e-01 -9.428456425666809082e-01 -9.588884115219116211e-01 -1.935828626155853271e-01 -3.141158074140548706e-02 8.323177099227905273e-01 6.569942831993103027e-02 2.026243060827255249e-01 -9.375548958778381348e-01 -2.365957945585250854e-01 9.975234270095825195e-01 -4.035853445529937744e-01 9.939271211624145508e-01 -9.655956625938415527e-01 2.098422795534133911e-01 8.679894357919692993e-02 -2.489587366580963135e-01 1.689528524875640869e-01 -9.831476807594299316e-01 2.719472050666809082e-01 7.031284570693969727e-01 -6.712617874145507812e-01 -9.447259902954101562e-01 -9.485720992088317871e-01 9.937915802001953125e-01 -4.950478971004486084e-01 -7.003545165061950684e-01 -1.899913102388381958e-01 2.403233796358108521e-01 1.293196380138397217e-01 -6.971451044082641602e-01 -2.344881892204284668e-01 2.478557676076889038e-01 2.328138947486877441e-01 7.923897504806518555e-01 3.487013280391693115e-01 -5.569615960121154785e-01 3.413151800632476807e-01 -1.087810248136520386e-01 8.597792983055114746e-01 9.265833497047424316e-01 -9.944697618484497070e-01 -3.639293015003204346e-01 2.045603841543197632e-01 2.305299490690231323e-01 8.630859255790710449e-01 -1.424058377742767334e-01 9.929261803627014160e-01 -9.365803003311157227e-01 -1.685011237859725952e-01 -9.753564000129699707e-01 8.818111419677734375e-01 -2.375856041908264160e-01 -3.723772466182708740e-01 -7.773552536964416504e-01 1.132050231099128723e-01 -3.756709694862365723e-01 -3.158271312713623047e-01 9.071897864341735840e-01 9.960435628890991211e-01 9.742701053619384766e-01 -1.584029793739318848e-01 6.117168068885803223e-01 -9.740729928016662598e-01 6.303763985633850098e-01 -9.885127544403076172e-01 8.823953866958618164e-01 -2.297924906015396118e-01 9.999180436134338379e-01 4.317919164896011353e-02 -3.453755974769592285e-01 -9.249144792556762695e-01 -3.495174348354339600e-01 8.060343861579895020e-01 1.278246939182281494e-01 9.234233498573303223e-01 6.354227066040039062e-01 -1.707482486963272095e-01 -4.329347014427185059e-01 1.119284927845001221e-01 3.229914903640747070e-01 -1.481283456087112427e-01 5.016273260116577148e-01 -4.291417449712753296e-02 -9.929276108741760254e-01 -3.496235609054565430e-01 -1.319561004638671875e-01 2.335250191390514374e-02 -3.320505917072296143e-01 -5.197382532060146332e-03 -3.671680018305778503e-02 -2.967032492160797119e-01 9.977159500122070312e-01 1.423177421092987061e-01 -3.073112070560455322e-01 -5.541468262672424316e-01 9.555807113647460938e-01 -5.828232765197753906e-01 2.231891267001628876e-02 -9.287033677101135254e-01 -2.443802654743194580e-01 -9.979069828987121582e-01 2.975398860871791840e-02 2.174095213413238525e-01 -6.834676861763000488e-01 -2.509442530572414398e-02 9.994162321090698242e-01 9.993528127670288086e-01 9.891563653945922852e-01 -1.770181953907012939e-01 9.363223314285278320e-01 -9.473170638084411621e-01 6.564676165580749512e-01 -9.832322001457214355e-01 -9.596310853958129883e-01 1.680240631103515625e-01 4.434648454189300537e-01 9.077188372611999512e-01 -9.338602423667907715e-01 -9.286265969276428223e-01 -9.983195066452026367e-01 -1.375014930963516235e-01 9.203555583953857422e-01 3.471641540527343750e-01 4.276912510395050049e-01 -9.963392019271850586e-01 8.902801275253295898e-01 5.207201838493347168e-01 -1.104925200343132019e-02 -7.855286449193954468e-02 8.210187554359436035e-01 5.277007222175598145e-01 -7.201451063156127930e-02 6.251761913299560547e-01 -3.119229376316070557e-01 7.962482571601867676e-01 1.690006107091903687e-01 -1.663813591003417969e-01 1.505833119153976440e-01 -4.532462656497955322e-01 -2.043175250291824341e-01 7.568809986114501953e-01 9.838982224464416504e-01 -9.952381253242492676e-01 9.614331126213073730e-01 9.988750815391540527e-01 9.970223903656005859e-01 3.334681987762451172e-01 -9.941580295562744141e-01 -1.685992479324340820e-01 2.563651204109191895e-01 6.278828978538513184e-01 -3.732910752296447754e-01 7.905357480049133301e-01 -9.912785887718200684e-01 3.069571554660797119e-01 -9.607883095741271973e-01 9.975373148918151855e-01 4.938635975122451782e-02 3.270789086818695068e-01 -2.198240160942077637e-01 -2.165070734918117523e-02 9.715768694877624512e-01 5.878738760948181152e-01 -9.143098592758178711e-01 -4.602893888950347900e-01 2.907386720180511475e-01 1.161112412810325623e-01 9.679409265518188477e-01 9.999551177024841309e-01 -6.984452605247497559e-01 9.092686772346496582e-01 9.905156493186950684e-01 4.680742323398590088e-01 -5.227784067392349243e-02 -4.942964389920234680e-02 8.895151615142822266e-01 -1.454678475856781006e-01 3.146245777606964111e-01 -1.829145252704620361e-01 -2.923305034637451172e-01 3.889638781547546387e-01 9.984064102172851562e-01 -1.916980743408203125e-01 8.907130360603332520e-02 -9.999166131019592285e-01 7.335991859436035156e-01 9.393090009689331055e-01 -2.263663411140441895e-01 -9.061434864997863770e-01 -1.408462077379226685e-01 -9.892526268959045410e-01 -3.131525963544845581e-02 9.958864450454711914e-01 9.837960600852966309e-01 -6.971359848976135254e-01 1.069765836000442505e-01 -3.999954164028167725e-01 9.727072715759277344e-01 3.175640851259231567e-02 -9.105643033981323242e-01 9.982625842094421387e-01 -6.081940531730651855e-01 -9.632739424705505371e-01 9.468746185302734375e-01 5.036150664091110229e-02 -2.464795857667922974e-01 6.255092620849609375e-01 -9.886667728424072266e-01 -7.208823561668395996e-01 9.498087167739868164e-01 8.537154197692871094e-01 -5.192419886589050293e-01 -2.812453508377075195e-01 3.999951109290122986e-02 2.917461283504962921e-02 -9.878399968147277832e-01 -9.981391429901123047e-01 8.694505691528320312e-01 6.413916945457458496e-01 6.171932816505432129e-01 -2.014712989330291748e-01 9.863590002059936523e-01 -4.867369830608367920e-01 -2.251055091619491577e-01 9.893393516540527344e-01 4.067448154091835022e-02 9.895454049110412598e-01 9.939815998077392578e-01 -7.002937048673629761e-02 -9.286547899246215820e-01 1.503182798624038696e-01 -3.709299862384796143e-01 3.201034665107727051e-01 2.932130098342895508e-01 9.973447322845458984e-01 5.998464226722717285e-01 2.748660743236541748e-01 3.793216943740844727e-01 4.355511367321014404e-01 -1.181464865803718567e-01 8.652360439300537109e-01 9.880264401435852051e-01 -1.156415939331054688e-01 2.232121676206588745e-01 8.690515160560607910e-02 -1.745698899030685425e-01 9.998419284820556641e-01 -3.643669560551643372e-02 -2.587961256504058838e-01 -3.489368855953216553e-01 -3.958839178085327148e-01 -6.558431982994079590e-01 -5.210034847259521484e-01 -9.930714964866638184e-01 2.254553735256195068e-01 -9.953170418739318848e-01 7.964617013931274414e-01 5.407185554504394531e-01 6.059025600552558899e-02 -3.562394082546234131e-01 -2.351492345333099365e-01 6.726095676422119141e-01 1.928426027297973633e-01 3.642304837703704834e-01 8.743341267108917236e-02 -9.976032972335815430e-01 3.252837657928466797e-01 9.969785213470458984e-01 -2.573069632053375244e-01 -3.465804755687713623e-01 9.542432427406311035e-01 1.520305722951889038e-01 9.679195880889892578e-01 9.253824353218078613e-01 9.999462366104125977e-01 -5.810329318046569824e-02 9.881007075309753418e-01 2.980562746524810791e-01 -2.913990616798400879e-01 -9.187316894531250000e-01 3.825867474079132080e-01 9.966611862182617188e-01 4.750190675258636475e-01 -4.918603599071502686e-01 -3.839557170867919922e-01 -4.046149849891662598e-01 3.207777142524719238e-01 -9.870936274528503418e-01 -9.974800944328308105e-01 -3.612031042575836182e-01 -8.871324360370635986e-03 -6.718382705003023148e-03 -9.946324825286865234e-01 -9.976004958152770996e-01 -3.606918454170227051e-01 -4.522362351417541504e-02 5.347521901130676270e-01 5.899590253829956055e-02 9.777956008911132812e-01 -4.613285660743713379e-01 4.332799315452575684e-01 -9.317876100540161133e-01 -9.927563667297363281e-01 4.953005313873291016e-01 -6.848887354135513306e-02 -3.387110829353332520e-01 -2.314894199371337891e-01 6.418478488922119141e-01 -1.338011324405670166e-01 -9.816655516624450684e-01 2.467811107635498047e-01 9.838147759437561035e-01 -7.046505808830261230e-01 4.322802424430847168e-01 -4.748710989952087402e-01 9.944816231727600098e-01 -1.476367563009262085e-01 -1.441923528909683228e-01 9.962404370307922363e-01 -9.991233348846435547e-01 -1.074602529406547546e-01 -3.861034810543060303e-01 7.110371254384517670e-03 -4.325918853282928467e-01 -4.327082335948944092e-01 9.973903894424438477e-01 1.477877497673034668e-01 -1.438099239021539688e-02 -7.146602869033813477e-01 9.763153791427612305e-01 -3.911647498607635498e-01 9.430395364761352539e-01 8.321697711944580078e-01 -9.958363175392150879e-01 7.136472314596176147e-02 3.399962186813354492e-01 -9.973660111427307129e-01 4.896288216114044189e-01 -5.110585689544677734e-02 -9.505106806755065918e-01 1.841916143894195557e-01 1.818828284740447998e-01 5.733234286308288574e-01 1.796689480543136597e-01 8.750348538160324097e-02 3.666929006576538086e-01 -8.648778200149536133e-01 -6.832026243209838867e-01 7.896738648414611816e-01 2.003761380910873413e-01 9.952837228775024414e-01 3.039525151252746582e-01 -9.684990048408508301e-01 2.821140550076961517e-02 3.268696367740631104e-02 -6.094406917691230774e-02 -3.165936470031738281e-01 8.606763184070587158e-02 2.350982874631881714e-01 9.806286096572875977e-01 -9.995955824851989746e-01 -8.325317502021789551e-01 1.896087676286697388e-01 -8.639617562294006348e-01 -7.679792046546936035e-01 5.799967050552368164e-02 -3.077508509159088135e-01 -2.356986403465270996e-01 -9.722447991371154785e-01 -9.977108240127563477e-01 3.540559113025665283e-01 -9.696458578109741211e-01 -7.191066145896911621e-01 -9.957166314125061035e-01 7.376210093498229980e-01 -1.874689906835556030e-01 2.095589041709899902e-01 4.629135876893997192e-02 4.518952369689941406e-01 2.594322264194488525e-01 8.453469276428222656e-01 7.613815069198608398e-01 9.988474249839782715e-01 6.911387294530868530e-02 -2.053254470229148865e-02 -3.028238713741302490e-01 5.215866491198539734e-02 9.723647832870483398e-01 1.926305294036865234e-01 -9.639848470687866211e-01 3.929725885391235352e-01 9.942533969879150391e-01 9.932236075401306152e-01 8.739815950393676758e-01 9.993231296539306641e-01 -9.673321843147277832e-01 -1.944898813962936401e-01 3.442810475826263428e-01 9.301283359527587891e-01 9.135779142379760742e-01 2.702998220920562744e-01 3.110903799533843994e-01 -9.793300032615661621e-01 -9.923899173736572266e-01 3.367992639541625977e-01 -9.969959259033203125e-01 9.859054684638977051e-01 2.004704922437667847e-01 4.528163671493530273e-01 2.790524661540985107e-01 7.398448139429092407e-02 -2.404062598943710327e-01 -8.005205988883972168e-01 -9.734117388725280762e-01 -5.883119106292724609e-01 -5.830673575401306152e-01 1.458201110363006592e-01 -3.542031943798065186e-01 -9.999565482139587402e-01 -9.976931214332580566e-01 -9.473229050636291504e-01 1.235179305076599121e-01 -2.189834564924240112e-01 -1.130129322409629822e-01 7.079519629478454590e-01 -9.637741446495056152e-01 9.977294206619262695e-01 -9.854479432106018066e-01 -3.968161046504974365e-01 4.987355470657348633e-01 -8.855926245450973511e-02 5.689148604869842529e-02 -7.328824400901794434e-01 7.622323036193847656e-01 9.316221475601196289e-01 3.005422651767730713e-01 1.939301043748855591e-01 -5.485488772392272949e-01 -4.099696129560470581e-02
8.944965004920959473e-01 8.710660934448242188e-01 -2.176079303026199341e-01 -1.242945715785026550e-01 5.950537919998168945e-01 9.978643655776977539e-01 8.948745131492614746e-01 -9.285174608230590820e-01 7.735855132341384888e-02 -9.956141114234924316e-01 3.690350353717803955e-01 -9.932829737663269043e-01 5.596959590911865234e-01 -9.993216395378112793e-01 -6.675114035606384277e-01 -6.953500956296920776e-02 -1.253313571214675903e-01 -1.836742013692855835e-01 -2.377779036760330200e-01 -2.751708924770355225e-01 3.505674898624420166e-01 4.157927334308624268e-01 4.624897614121437073e-02 4.551507234573364258e-01 9.993335604667663574e-01 9.974046945571899414e-01 -2.477643787860870361e-01 -1.082047894597053528e-01 -1.294759213924407959e-01 1.950110048055648804e-01 6.234353780746459961e-01 2.134824991226196289e-01 2.250840216875076294e-01 2.338001690804958344e-02 -9.996750354766845703e-01 -3.935736417770385742e-02 -6.101664304733276367e-01 -3.086834847927093506e-01 9.786341190338134766e-01 4.563266932964324951e-01 2.539119422435760498e-01 8.022807538509368896e-02 4.680836200714111328e-01 -9.953818917274475098e-01 -7.195468246936798096e-02 -5.465244650840759277e-01 -9.850159287452697754e-01 3.502694666385650635e-01 9.439024329185485840e-01 -2.557357549667358398e-01 9.983503818511962891e-01 2.104749828577041626e-01 9.803597331047058105e-01 -3.870236454531550407e-03 2.263152301311492920e-01 -1.787353157997131348e-01 -3.251366913318634033e-01 3.575499355792999268e-01 -9.989479780197143555e-01 -9.966150522232055664e-01 -3.518549799919128418e-01 -4.404152333736419678e-01 9.965267181396484375e-01 1.745917797088623047e-01 -1.409013122320175171e-01 -9.989800453186035156e-01 9.567334055900573730e-01 -9.403939545154571533e-02 -1.573996990919113159e-02 -9.812270402908325195e-01 9.936004877090454102e-01 9.998863935470581055e-01 -7.715639472007751465e-01 -5.485709309577941895e-01 -9.861841201782226562e-01 -8.117740154266357422e-01 -4.151717424392700195e-01 9.928631782531738281e-01 4.114625602960586548e-02 3.305685222148895264e-01 -9.775536656379699707e-01 5.262612700462341309e-01 9.989932179450988770e-01 5.690462142229080200e-02 8.097128272056579590e-01 -9.970986247062683105e-01 3.085908889770507812e-01 4.308070540428161621e-01 -1.514783501625061035e-01 1.365995258092880249e-01 -8.923196792602539062e-01 2.049409449100494385e-01 1.140255331993103027e-01 -9.901997447013854980e-01 -9.067445993423461914e-01 -1.198621094226837158e-01 9.913279414176940918e-01 -1.221071183681488037e-01 -9.883987307548522949e-01 1.559474170207977295e-01 7.093277573585510254e-01 1.480181422084569931e-02 -7.918403744697570801e-01 4.709510132670402527e-02 -3.197681158781051636e-02 6.431601047515869141e-01 6.541599631309509277e-01 1.024170815944671631e-01 -5.521080493927001953e-01 -5.465546846389770508e-01 1.805756688117980957e-01 2.518541514873504639e-01 9.251460433006286621e-01 -9.196978807449340820e-01 3.683547675609588623e-01 -4.412176609039306641e-01 -8.756585121154785156e-01 -4.459794983267784119e-02 4.270984604954719543e-02 9.977495670318603516e-01 -7.943787574768066406e-01 2.066901773214340210e-01 -9.738302230834960938e-01 2.197972536087036133e-01 -1.364709585905075073e-01 -8.550263009965419769e-03 -9.925563931465148926e-01 3.924640417098999023e-01 -1.582308411598205566e-01 2.176537513732910156e-01 9.957278966903686523e-01 8.990970849990844727e-01 9.924884438514709473e-01 -2.190825045108795166e-01 6.409454345703125000e-01 -9.961289763450622559e-01 9.807879328727722168e-01 -9.664682745933532715e-01 -6.046515107154846191e-01 1.311304271221160889e-01 9.999080300331115723e-01 4.858206212520599365e-01 4.326741695404052734e-01 3.294507265090942383e-01 8.575743436813354492e-02 9.952281117439270020e-01 -8.436130285263061523e-01 9.957408308982849121e-01 -9.592412710189819336e-01 -2.454548180103302002e-01 1.938443779945373535e-01 -2.716702818870544434e-01 7.296981215476989746e-01 -2.080682292580604553e-02 -5.085589736700057983e-02 1.619194149971008301e-01 5.255724191665649414e-01 -1.999754458665847778e-04 2.167428880929946899e-01 -1.334509700536727905e-01 -5.775396525859832764e-02 -1.452452596276998520e-02 6.259057670831680298e-02 2.734379172325134277e-01 9.999838471412658691e-01 9.470852464437484741e-02 3.831959664821624756e-01 -3.943964242935180664e-01 9.867801070213317871e-01 -1.719083040952682495e-01 -1.383467167615890503e-01 -9.091652035713195801e-01 -9.954765439033508301e-01 -4.493343457579612732e-02 -1.116419509053230286e-01 -2.893430590629577637e-01 -8.137536644935607910e-01 1.821881085634231567e-01 9.973244667053222656e-01 9.993228912353515625e-01 8.698796033859252930e-01 -8.805609494447708130e-02 9.984283447265625000e-01 5.743955373764038086e-01 -3.310515582561492920e-01 -8.910506963729858398e-01 -9.646031856536865234e-01 -1.136404797434806824e-01 1.173183619976043701e-01 9.993376135826110840e-01 -2.255452871322631836e-01 -9.942126274108886719e-01 -9.867871403694152832e-01 2.384121567010879517e-01 9.917798042297363281e-01 2.128941416740417480e-01 -6.940874457359313965e-01 -9.266170859336853027e-01 9.159224033355712891e-01 2.451959550380706787e-01 2.137145698070526123e-01 -5.526876449584960938e-02 -6.547088176012039185e-02 1.646738499402999878e-01 1.060962006449699402e-01 9.726275205612182617e-01 5.318377539515495300e-02 9.968651533126831055e-01 9.988402724266052246e-01 5.710520222783088684e-02 -4.746496304869651794e-02 5.891258716583251953e-01 -3.733000159263610840e-01 6.996511816978454590e-01 9.342122077941894531e-01 -9.958338141441345215e-01 -6.498097181320190430e-01 9.938369989395141602e-01 5.315455794334411621e-01 3.279470205307006836e-01 -9.759224653244018555e-01 2.381763309240341187e-01 -9.237813353538513184e-01 -7.677021622657775879e-02 -6.393764019012451172e-01 -4.088347554206848145e-01 -9.823063611984252930e-01 4.121207296848297119e-01 -8.623253107070922852e-01 8.259426355361938477e-01 -1.854988932609558105e-01 -1.055683717131614685e-01 -4.135742783546447754e-01 -1.767593175172805786e-01 9.745464324951171875e-01 5.539841055870056152e-01 -8.396267294883728027e-01 -3.304006159305572510e-01 -1.264666765928268433e-01 -3.187182247638702393e-01 3.585143685340881348e-01 9.999687075614929199e-01 -3.062270581722259521e-01 9.027602076530456543e-01 2.607638537883758545e-01 1.243944987654685974e-01 9.955463409423828125e-01 -9.485962241888046265e-02 9.897382259368896484e-01 -1.681924909353256226e-01 3.184944689273834229e-01 3.567748665809631348e-01 -1.155440062284469604e-01 9.528396278619766235e-02 9.966619014739990234e-01 3.263514116406440735e-02 -9.341534972190856934e-02 -9.808679819107055664e-01 -2.391288988292217255e-02 9.549056887626647949e-01 -1.608871854841709137e-02 -9.995340704917907715e-01 1.091914474964141846e-01 -7.849896550178527832e-01 -1.791495680809020996e-01 9.841683506965637207e-01 9.968751668930053711e-01 -8.467596173286437988e-01 2.833735644817352295e-01 1.822095736861228943e-02 9.994914531707763672e-01 -3.501322865486145020e-01 -9.984704852104187012e-01 9.999211430549621582e-01 -3.892937898635864258e-01 -9.926744103431701660e-01 9.994848966598510742e-01 -3.433737158775329590e-01 -3.851451873779296875e-01 4.146019220352172852e-01 -9.520583748817443848e-01 -9.858538508415222168e-01 4.187014400959014893e-01 9.694364666938781738e-01 -4.145331978797912598e-01 1.341048330068588257e-01 -1.366033554077148438e-01 7.275211811065673828e-02 -9.933978319168090820e-01 -9.998362660408020020e-01 -7.406774759292602539e-01 5.391833931207656860e-02 5.453276038169860840e-01 6.570977568626403809e-01 9.757493138313293457e-01 -9.934788346290588379e-01 -9.791536629199981689e-02 9.971969127655029297e-01 3.130142390727996826e-01 9.981303811073303223e-01 9.994849562644958496e-01 -8.302353024482727051e-01 1.560850534588098526e-02 9.957434535026550293e-01 -2.194471657276153564e-01 -4.417774379253387451e-01 1.475529223680496216e-01 9.998078942298889160e-01 -1.743699461221694946e-01 4.799061715602874756e-01 3.165760338306427002e-01 -3.287247121334075928e-01 -2.573767900466918945e-01 9.095095396041870117e-01 9.333505630493164062e-01 -3.697723448276519775e-01 -4.518323838710784912e-01 2.688708901405334473e-01 -4.580174684524536133e-01 9.996381402015686035e-01 4.220928549766540527e-01 -7.762175798416137695e-01 -1.309783607721328735e-01 -9.513026475906372070e-01 -3.711299896240234375e-01 -2.326930761337280273e-01 -9.918645620346069336e-01 -1.028452590107917786e-01 -7.700752019882202148e-01 -1.832073181867599487e-01 9.894305467605590820e-01 1.940203011035919189e-01 -9.219863265752792358e-02 9.145885705947875977e-01 4.150456786155700684e-01 5.226791650056838989e-02 9.854643046855926514e-02 -8.478236794471740723e-01 -2.503415346145629883e-01 4.021089673042297363e-01 9.999547600746154785e-01 3.210225999355316162e-01 1.145436540246009827e-01 9.203080534934997559e-01 -7.587578892707824707e-01 9.607150554656982422e-01 6.794850230216979980e-01 9.989179372787475586e-01 -2.545290589332580566e-01 9.437391757965087891e-01 1.777111887931823730e-01 -5.447696447372436523e-01 4.177121818065643311e-01 -1.437380015850067139e-01 4.270666837692260742e-01 1.950070559978485107e-01 -8.823092579841613770e-01 -2.845749855041503906e-01 -1.808216124773025513e-01 -1.622608155012130737e-01 -9.862303733825683594e-01 -3.222513794898986816e-01 -3.071952760219573975e-01 3.520551323890686035e-01 4.592947959899902344e-01 -9.995245933532714844e-01 -2.524062395095825195e-01 3.042577505111694336e-01 -3.947832882404327393e-01 2.662806212902069092e-01 4.287064373493194580e-01 9.913311600685119629e-01 9.940992109477519989e-03 6.820235848426818848e-01 7.597572207450866699e-01 -9.988207221031188965e-01 5.938615202903747559e-01 -2.479363828897476196e-01 -1.113215759396553040e-01 1.552476733922958374e-01 9.346975088119506836e-01 9.912005811929702759e-02 -9.925171732902526855e-01 1.181256771087646484e-01 9.831565022468566895e-01 -9.072082638740539551e-01 2.663315534591674805e-01 -1.358301937580108643e-01 4.111946523189544678e-01 -3.786942362785339355e-01 4.615432769060134888e-02 9.247820377349853516e-01 -9.985702037811279297e-01 -6.791586279869079590e-01 -2.546806037425994873e-01 2.616098821163177490e-01 -2.143396586179733276e-01 -2.806871831417083740e-01 9.829886555671691895e-01 -2.009057439863681793e-03 3.919479846954345703e-01 -9.979046583175659180e-01 -5.811457037925720215e-01 -2.449422031641006470e-01 9.689537286758422852e-01 -3.914673626422882080e-01 4.293678998947143555e-01 -6.112348660826683044e-02 3.877412378787994385e-01 -9.986140727996826172e-01 5.883560180664062500e-01 -3.356398269534111023e-02 -9.946801066398620605e-01 3.683461248874664307e-01 -4.233223199844360352e-01 1.267476081848144531e-01 1.844523400068283081e-01 -1.480917483568191528e-01 -1.147150769829750061e-01 -9.999496936798095703e-01 -4.512664079666137695e-01 8.550804853439331055e-01 4.135276377201080322e-01 9.520462155342102051e-01 1.444554179906845093e-01 -9.903973937034606934e-01 5.321082472801208496e-01 -1.014488562941551208e-01 -3.631108673289418221e-03 -1.529357489198446274e-02 3.894706442952156067e-02 -8.685557842254638672e-01 9.943261146545410156e-01 -9.999736547470092773e-01 -9.855314493179321289e-01 3.700323402881622314e-01 -9.631024599075317383e-01 -1.009243503212928772e-01 -1.702000945806503296e-02 -2.429724335670471191e-01 -3.093719482421875000e-02 -9.994573593139648438e-01 -9.929835200309753418e-01 3.717194795608520508e-01 -9.966007471084594727e-01 -9.864572882652282715e-01 -9.496716856956481934e-01 5.308971405029296875e-01 3.752167522907257080e-02 4.187557399272918701e-01 1.023592948913574219e-01 5.527322888374328613e-01 -1.822511702775955200e-01 9.961322546005249023e-01 4.573292136192321777e-01 9.478179812431335449e-01 1.953662037849426270e-01 4.871654883027076721e-02 -3.358524739742279053e-01 9.187788367271423340e-01 8.931909203529357910e-01 -3.360950648784637451e-01 -9.952983260154724121e-01 3.687022030353546143e-01 8.095586299896240234e-01 9.995411038398742676e-01 3.339159786701202393e-01 9.383454322814941406e-01 -9.947792887687683105e-01 -1.716709583997726440e-01 8.105670660734176636e-02 9.493950605392456055e-01 6.826098561286926270e-01 -2.622987329959869385e-01 -3.478537872433662415e-02 -9.963392019271850586e-01 -9.987483620643615723e-01 -1.265958882868289948e-02 -9.677567481994628906e-01 9.983097314834594727e-01 -2.795829623937606812e-02 3.445421457290649414e-01 -3.373785316944122314e-01 -2.919341027736663818e-01 -6.583961099386215210e-02 -8.407698869705200195e-01 -9.772238731384277344e-01 6.430102884769439697e-02 3.872670233249664307e-01 1.174158155918121338e-01 -4.464348405599594116e-02 -9.999922513961791992e-01 -9.934223294258117676e-01 -2.560163848102092743e-02 1.211996674537658691e-01 3.227481245994567871e-01 2.610473334789276123e-01 5.649842619895935059e-01 -9.838631749153137207e-01 9.999297857284545898e-01 -8.505260944366455078e-01 -2.999405860900878906e-01 3.384844064712524414e-01 -3.034181520342826843e-02 -1.751156002283096313e-01 -1.708824187517166138e-01 4.310729205608367920e-01 -7.140782475471496582e-01 -5.032794475555419922e-01 4.540412425994873047e-01 -1.012901663780212402e-01 -6.097487211227416992e-01
4.159491360187530518e-01 9.015103578567504883e-01 1.515207905322313309e-02 4.057343602180480957e-01 5.692779421806335449e-01 5.733014941215515137e-01 9.166190028190612793e-01 -9.449434280395507812e-01 2.868520021438598633e-01 -9.886003136634826660e-01 1.420902162790298462e-01 -1.063888445496559143e-01 9.812010526657104492e-01 -9.936826825141906738e-01 -8.329674601554870605e-01 9.136006236076354980e-02 -2.032440304756164551e-01 -2.094042152166366577e-01 -3.818168640136718750e-01 -2.521854341030120850e-01 2.276877760887145996e-01 4.509108364582061768e-01 -8.002116680145263672e-01 -6.997055411338806152e-01 9.963403940200805664e-01 9.972788095474243164e-01 -2.404209524393081665e-01 -5.160126686096191406e-01 3.717715144157409668e-01 9.369519352912902832e-01 -3.173271566629409790e-02 9.611474350094795227e-03 4.253193438053131104e-01 -1.062784790992736816e-01 -9.824346899986267090e-01 -4.619059562683105469e-01 -6.356443762779235840e-01 -5.329202413558959961e-01 3.757143914699554443e-01 -7.753521203994750977e-02 -2.301053851842880249e-01 -1.084692925214767456e-01 4.317529201507568359e-01 -5.623059272766113281e-01 8.599816262722015381e-02 5.960196256637573242e-01 -8.274216651916503906e-01 1.923834830522537231e-01 9.511830210685729980e-01 -3.954654633998870850e-01 9.840786457061767578e-01 -5.468366146087646484e-01 8.730241656303405762e-01 -5.323361977934837341e-02 -9.420390725135803223e-01 2.611439824104309082e-01 -1.129178851842880249e-01 4.482814669609069824e-01 -9.957625269889831543e-01 -9.979750514030456543e-01 1.368176341056823730e-01 -3.643818199634552002e-01 6.438674926757812500e-01 -1.238440051674842834e-01 -1.527937650680541992e-01 -9.953643679618835449e-01 -6.784681081771850586e-01 -2.629449367523193359e-01 2.703892588615417480e-01 -9.860979318618774414e-01 9.552408456802368164e-01 9.727785587310791016e-01 -8.817374110221862793e-01 -9.501162767410278320e-01 -8.119101524353027344e-01 -4.412543475627899170e-01 -5.495561957359313965e-01 1.808121502399444580e-01 -4.610798954963684082e-01 -6.287721544504165649e-02 -9.360100142657756805e-03 3.964245319366455078e-01 9.961443543434143066e-01 3.840371072292327881e-01 8.391665816307067871e-01 -5.281031131744384766e-01 5.289781466126441956e-02 2.837363481521606445e-01 -3.784414827823638916e-01 2.682862244546413422e-02 -5.897840857505798340e-01 -3.445976674556732178e-01 5.014948844909667969e-01 -9.916627407073974609e-01 -9.248884320259094238e-01 -9.525323510169982910e-01 9.858119487762451172e-01 6.559060513973236084e-02 -4.906613230705261230e-01 -3.325324505567550659e-04 -5.316452383995056152e-01 -7.441592812538146973e-01 -6.736599206924438477e-01 6.403973698616027832e-02 -2.621297240257263184e-01 3.165368735790252686e-01 5.340927243232727051e-01 2.636109888553619385e-01 -3.222674727439880371e-01 8.293343186378479004e-01 6.656672060489654541e-02 2.303372621536254883e-01 2.025504410266876221e-01 -7.764079570770263672e-01 -5.812683328986167908e-02 -3.549595177173614502e-01 -7.440150976181030273e-01 -7.357184886932373047e-01 -4.731129109859466553e-02 9.932435154914855957e-01 -4.858132600784301758e-01 2.787654995918273926e-01 -6.194036602973937988e-01 9.824178814888000488e-01 -6.611550450325012207e-01 -1.555049866437911987e-01 3.778142035007476807e-01 -8.717906475067138672e-02 -4.280793666839599609e-01 7.978630810976028442e-02 9.943093657493591309e-01 9.964525103569030762e-01 7.947139739990234375e-01 2.473448812961578369e-01 5.911455750465393066e-01 -9.677184224128723145e-01 9.834611415863037109e-01 -7.527102231979370117e-01 9.244227409362792969e-01 3.289622962474822998e-01 9.999399185180664062e-01 4.787607192993164062e-01 -5.767418444156646729e-02 -4.720768332481384277e-01 -3.367927372455596924e-01 -5.039007067680358887e-01 -2.059336751699447632e-01 9.840577840805053711e-01 -5.946883559226989746e-01 -2.146056890487670898e-01 1.684975177049636841e-01 -2.013133168220520020e-01 2.100362926721572876e-01 2.259450405836105347e-01 4.351441860198974609e-01 -2.316849492490291595e-02 -8.788116574287414551e-01 8.565862774848937988e-01 -7.058417797088623047e-02 -7.431221008300781250e-02 -3.009900152683258057e-01 3.455049125477671623e-03 6.317295134067535400e-03 -4.151148498058319092e-01 9.996474981307983398e-01 1.938571967184543610e-02 -1.972945332527160645e-01 -6.744807362556457520e-01 9.933341145515441895e-01 1.787348240613937378e-01 3.861604928970336914e-01 -6.779684424400329590e-01 -8.497014641761779785e-01 -9.260775446891784668e-01 -2.778699398040771484e-01 5.071025490760803223e-01 -6.830979883670806885e-02 2.545400150120258331e-02 9.826130867004394531e-01 9.887610077857971191e-01 8.947579264640808105e-01 -4.873098060488700867e-02 9.782483577728271484e-01 -8.107357025146484375e-01 5.334271192550659180e-01 -9.951955676078796387e-01 4.283505082130432129e-01 -7.250517606735229492e-01 2.186960279941558838e-01 8.458552360534667969e-01 -7.955918312072753906e-01 -8.277117013931274414e-01 -9.974837303161621094e-01 3.100928664207458496e-01 8.899892568588256836e-01 -5.398666486144065857e-02 -9.178057312965393066e-01 -8.410013914108276367e-01 6.593888998031616211e-01 5.378904193639755249e-02 2.399617135524749756e-01 -4.310677945613861084e-01 6.214902997016906738e-01 -4.786177277565002441e-01 -1.597473919391632080e-01 3.383364379405975342e-01 -3.404756188392639160e-01 8.518062233924865723e-01 7.419511079788208008e-01 1.938798129558563232e-01 -8.501973152160644531e-01 2.809427678585052490e-01 -1.564662903547286987e-01 5.304045081138610840e-01 7.444010376930236816e-01 -9.943603277206420898e-01 7.415287494659423828e-01 9.946898221969604492e-01 9.153082966804504395e-01 -2.892455784603953362e-03 -5.675902366638183594e-01 -2.436447292566299438e-01 -9.745214581489562988e-01 3.146880269050598145e-01 7.363713979721069336e-01 8.232116103172302246e-01 -7.169269323348999023e-01 1.691367775201797485e-01 -8.502944111824035645e-01 9.878016114234924316e-01 2.255135476589202881e-01 -2.700577378273010254e-01 -6.822655797004699707e-01 3.886988759040832520e-01 7.291578054428100586e-01 4.479958415031433105e-01 -2.771931588649749756e-01 -5.268841981887817383e-01 3.367826715111732483e-02 -1.515463739633560181e-01 7.374563813209533691e-01 9.999553561210632324e-01 6.390854716300964355e-01 5.620250701904296875e-01 8.852555155754089355e-01 2.480832189321517944e-01 9.313491582870483398e-01 2.315681427717208862e-02 6.013671159744262695e-01 1.661718338727951050e-01 2.938093245029449463e-01 1.082348898053169250e-01 2.372549287974834442e-02 4.058293402194976807e-01 9.819753170013427734e-01 -2.577070295810699463e-01 -2.464932054281234741e-01 -9.983690381050109863e-01 -3.712185025215148926e-01 5.139737129211425781e-01 -1.630310714244842529e-01 -9.863384366035461426e-01 -1.117635220289230347e-01 -9.772583842277526855e-01 5.458464380353689194e-03 9.178051948547363281e-01 6.899778842926025391e-01 -7.901906967163085938e-01 1.487806141376495361e-01 -9.885954111814498901e-02 9.986895322799682617e-01 -3.822444081306457520e-01 -7.757793664932250977e-01 9.979417920112609863e-01 -5.117151737213134766e-01 -9.379056692123413086e-01 9.793477058410644531e-01 2.752172052860260010e-01 8.774722814559936523e-01 5.751524567604064941e-01 -9.481870532035827637e-01 -9.574716091156005859e-01 8.102110028266906738e-01 9.543521404266357422e-01 8.691492080688476562e-01 1.597438007593154907e-02 8.331708610057830811e-02 5.393823981285095215e-01 -9.253295660018920898e-01 -9.889041185379028320e-01 -3.332472592592239380e-02 2.725210189819335938e-01 3.250418603420257568e-01 4.082779586315155029e-01 8.963550329208374023e-01 -9.738321304321289062e-01 2.231852263212203979e-01 8.448043465614318848e-01 2.398393303155899048e-01 9.441754817962646484e-01 9.973288178443908691e-01 -6.901273131370544434e-01 4.130597114562988281e-01 4.413999319076538086e-01 1.933203265070915222e-02 1.069335788488388062e-01 3.477296829223632812e-01 9.688248634338378906e-01 -8.336424827575683594e-02 4.156097471714019775e-01 -1.252441783435642719e-03 7.205631136894226074e-01 1.644210219383239746e-01 9.030928015708923340e-01 9.023745059967041016e-01 -2.139066755771636963e-01 9.590847790241241455e-02 3.451552391052246094e-01 -9.274934977293014526e-02 9.990854263305664062e-01 4.560570120811462402e-01 8.253588676452636719e-01 -3.541051745414733887e-01 4.798170328140258789e-01 -5.683318376541137695e-01 -6.595825552940368652e-01 -9.822235703468322754e-01 -5.702455043792724609e-01 -8.706940412521362305e-01 -8.760067224502563477e-01 9.375964403152465820e-01 3.471989631652832031e-01 -3.073698580265045166e-01 -7.746636867523193359e-01 2.083285450935363770e-01 -1.073838770389556885e-02 1.876771003007888794e-01 2.974804043769836426e-01 -9.312195181846618652e-01 2.661002278327941895e-01 9.990736246109008789e-01 1.648860275745391846e-01 -5.786011368036270142e-02 9.316588640213012695e-01 -2.210761159658432007e-01 -9.020221829414367676e-01 4.325018227100372314e-01 9.991383552551269531e-01 -3.224224150180816650e-01 5.404174327850341797e-01 3.509701490402221680e-01 -6.858593970537185669e-02 6.965795755386352539e-01 1.081330031156539917e-01 9.057047367095947266e-01 -1.520878635346889496e-02 6.336922645568847656e-01 -3.826868534088134766e-01 -2.527121901512145996e-01 1.567401289939880371e-01 -9.936450719833374023e-01 -9.232544898986816406e-01 -5.390178561210632324e-01 1.814173758029937744e-01 6.161287426948547363e-02 -9.928206801414489746e-01 -9.278470873832702637e-01 6.734279990196228027e-01 2.717177569866180420e-01 5.222979784011840820e-01 2.587399780750274658e-01 9.968495965003967285e-01 -5.691531896591186523e-01 2.175587266683578491e-01 -6.423298716545104980e-01 -9.795396924018859863e-01 1.918677836656570435e-01 1.994053721427917480e-01 -4.248001873493194580e-01 -6.777430325746536255e-02 4.125132858753204346e-01 -1.175786033272743225e-01 -9.377891421318054199e-01 3.315804600715637207e-01 9.879612922668457031e-01 6.728391647338867188e-01 1.242623999714851379e-01 -1.949588209390640259e-01 9.726803898811340332e-01 -1.410200297832489014e-01 -2.215162366628646851e-01 3.839530050754547119e-01 -8.692636489868164062e-01 -2.333275526762008667e-01 7.364473491907119751e-02 -2.142022252082824707e-01 -4.200824797153472900e-01 -5.649831295013427734e-01 9.960848689079284668e-01 5.047111585736274719e-02 3.444217145442962646e-01 -9.595392346382141113e-01 8.534369468688964844e-01 -3.116524517536163330e-01 9.900702834129333496e-01 -5.196762084960937500e-01 -8.770782351493835449e-01 -4.893629997968673706e-02 4.379625245928764343e-02 -9.998152852058410645e-01 -1.204630210995674133e-01 9.689077138900756836e-01 -9.266131520271301270e-01 1.970024406909942627e-01 -4.913558661937713623e-01 9.509425610303878784e-02 2.580000162124633789e-01 -5.155549570918083191e-02 -7.216617465019226074e-01 -9.770514369010925293e-01 -4.620639979839324951e-01 9.401268362998962402e-01 2.239813506603240967e-01 9.953441023826599121e-01 3.716676533222198486e-01 -9.408178329467773438e-01 3.469235301017761230e-01 4.879309237003326416e-01 1.483270376920700073e-01 2.170253247022628784e-01 2.553856074810028076e-01 -9.543480277061462402e-01 -1.354686617851257324e-01 -9.985846281051635742e-01 -2.022117376327514648e-01 -3.410253226757049561e-01 -6.100487112998962402e-01 3.644684553146362305e-01 -2.704511284828186035e-01 -2.845416963100433350e-01 -2.691141143441200256e-02 -6.383152008056640625e-01 -9.658466577529907227e-01 3.021118640899658203e-01 -9.857572913169860840e-01 -6.057656407356262207e-01 -9.928314685821533203e-01 8.459271788597106934e-01 -3.464297354221343994e-01 6.880012154579162598e-02 4.591648466885089874e-03 1.364918611943721771e-02 -1.077910810708999634e-01 -4.238189458847045898e-01 1.308192610740661621e-01 9.902865886688232422e-01 7.666052877902984619e-02 -2.636524438858032227e-01 -4.467505216598510742e-01 9.901123642921447754e-01 -3.188753873109817505e-02 -3.098258376121520996e-02 -9.687175750732421875e-01 4.066785573959350586e-01 8.512039780616760254e-01 9.951778650283813477e-01 8.082287311553955078e-01 9.807236790657043457e-01 -8.874451518058776855e-01 -2.935817539691925049e-01 9.080033749341964722e-02 6.857826709747314453e-01 -4.583280533552169800e-02 -1.908654719591140747e-01 1.733727455139160156e-01 -8.852105140686035156e-01 -9.304157495498657227e-01 3.624135851860046387e-01 -9.926040768623352051e-01 9.921401143074035645e-01 -9.444353170692920685e-03 5.148539543151855469e-01 1.261184811592102051e-01 3.778786584734916687e-02 4.194843024015426636e-02 -7.210488915443420410e-01 -9.323414564132690430e-01 -4.506416618824005127e-01 -2.721963822841644287e-01 1.714050024747848511e-01 -1.841163635253906250e-01 -9.999329447746276855e-01 -9.808363318443298340e-01 -7.427679896354675293e-01 -1.826114654541015625e-01 1.346454769372940063e-01 -1.260209530591964722e-01 1.934145539999008179e-01 2.218523323535919189e-01 9.832484126091003418e-01 -9.691838026046752930e-01 -2.500409781932830811e-01 1.340859234333038330e-01 -2.607822120189666748e-01 -4.476125165820121765e-02 6.060816049575805664e-01 7.420341968536376953e-01 7.539585828781127930e-01 1.384510248899459839e-01 4.984488710761070251e-02 -2.845562398433685303e-01 -9.594833850860595703e-01
-5.362581610679626465e-01 9.058235883712768555e-01 1.910176314413547516e-02 5.490162372589111328e-01 -5.051705241203308105e-01 -4.311155974864959717e-01 9.664197564125061035e-01 -9.868292212486267090e-01 -2.388957142829895020e-02 -9.733908772468566895e-01 1.862230449914932251e-01 -9.594060778617858887e-01 8.899030089378356934e-01 -9.904023408889770508e-01 -8.876909613609313965e-01 3.717946112155914307e-01 -3.078558668494224548e-02 -3.419933319091796875e-01 -1.846271306276321411e-01 8.195384591817855835e-02 2.776677310466766357e-01 2.786397933959960938e-01 4.694076776504516602e-01 -7.576847076416015625e-01 9.970549345016479492e-01 9.931123852729797363e-01 -4.778845701366662979e-03 -6.990480422973632812e-01 3.030695617198944092e-01 9.495736956596374512e-01 9.898579716682434082e-01 -9.501092135906219482e-02 2.580872178077697754e-01 -2.510675191879272461e-01 -7.939346432685852051e-01 -2.149974703788757324e-01 -2.107675820589065552e-01 -5.268524885177612305e-01 8.138818740844726562e-01 -3.346621990203857422e-01 -3.189673423767089844e-01 -2.240117043256759644e-01 4.700976610183715820e-01 -9.799973964691162109e-01 1.051465198397636414e-01 6.324343085289001465e-01 -9.729419350624084473e-01 -2.535143494606018066e-01 7.496523857116699219e-01 -2.131122797727584839e-01 9.879977703094482422e-01 -5.747368931770324707e-01 9.908856749534606934e-01 -2.058256268501281738e-01 -8.075691461563110352e-01 6.360619664192199707e-01 1.513565778732299805e-01 -1.089324429631233215e-02 -9.904263615608215332e-01 -9.405274987220764160e-01 4.335338175296783447e-01 -4.734770059585571289e-01 8.597819209098815918e-01 -1.125755235552787781e-01 3.127413094043731689e-01 -9.792276620864868164e-01 -1.809832900762557983e-01 4.091134071350097656e-01 3.577647507190704346e-01 -9.640990197658538818e-02 9.801161885261535645e-01 9.947833418846130371e-01 -4.976568520069122314e-01 -9.468249082565307617e-01 -4.896132946014404297e-01 1.981077045202255249e-01 -5.157459974288940430e-01 5.183837413787841797e-01 -5.346161723136901855e-01 -4.103042483329772949e-01 -9.333319067955017090e-01 2.040411829948425293e-01 9.997518658638000488e-01 -7.881430387496948242e-01 9.718143939971923828e-01 -9.762430191040039062e-01 -1.821399927139282227e-01 2.564051151275634766e-01 -1.163702905178070068e-01 -5.138429347425699234e-03 -9.431930184364318848e-01 -3.030661642551422119e-01 4.245199263095855713e-01 -9.903669357299804688e-01 -7.328364253044128418e-01 3.040027245879173279e-02 9.722787141799926758e-01 2.111863642930984497e-01 -9.819163680076599121e-01 -3.043089807033538818e-01 -4.427987337112426758e-01 -9.729104638099670410e-01 -7.305202484130859375e-01 -2.907088994979858398e-01 -2.378595173358917236e-01 4.828504920005798340e-01 8.957675099372863770e-01 5.491160154342651367e-01 -4.047582149505615234e-01 6.056210994720458984e-01 -9.097753092646598816e-03 2.772069275379180908e-01 -3.573695123195648193e-01 -9.740520119667053223e-01 -3.587426543235778809e-01 -2.751010358333587646e-01 -6.545506715774536133e-01 6.601912379264831543e-01 -2.735520526766777039e-02 9.733638763427734375e-01 -6.917861104011535645e-01 1.457089930772781372e-01 -9.360072612762451172e-01 9.965354800224304199e-01 -3.066146671772003174e-01 2.773151397705078125e-01 -8.010742664337158203e-01 -4.895287454128265381e-01 -4.544817507266998291e-01 -9.002278745174407959e-02 9.855108261108398438e-01 9.976504445075988770e-01 9.062480330467224121e-01 4.320682287216186523e-01 7.189216613769531250e-01 -9.487926363945007324e-01 9.914726018905639648e-01 -9.815124273300170898e-01 6.756697893142700195e-01 3.933018445968627930e-01 9.994943141937255859e-01 4.419437646865844727e-01 -3.538189828395843506e-01 9.429094791412353516e-01 -6.843598186969757080e-02 -6.754129528999328613e-01 -9.712057709693908691e-01 9.868638515472412109e-01 3.393106535077095032e-02 -3.633189573884010315e-02 -1.612335443496704102e-01 1.358514651656150818e-02 9.607346057891845703e-01 -5.440029874444007874e-02 -2.261003851890563965e-02 -4.365631341934204102e-01 -9.214830398559570312e-01 3.053924441337585449e-01 -1.669289916753768921e-01 2.136472761631011963e-01 -7.137356996536254883e-01 -6.155023351311683655e-02 -3.167414069175720215e-01 -4.326891899108886719e-01 9.998356103897094727e-01 -3.125940263271331787e-01 -2.542193233966827393e-01 -3.073062002658843994e-01 9.909061789512634277e-01 9.552714824676513672e-01 4.706757664680480957e-01 -8.929195404052734375e-01 -6.881914138793945312e-01 -9.450556635856628418e-01 5.848795175552368164e-01 6.020578145980834961e-01 8.538199663162231445e-01 -4.148781001567840576e-01 9.840809106826782227e-01 9.676275849342346191e-01 9.888766407966613770e-01 -1.580438166856765747e-01 9.956922531127929688e-01 -9.315243363380432129e-01 8.340821266174316406e-01 -9.861609339714050293e-01 -6.500142216682434082e-01 4.492379724979400635e-01 6.486195921897888184e-01 9.507241249084472656e-01 1.484823413193225861e-02 -5.637035369873046875e-01 -7.333662509918212891e-01 3.628992736339569092e-01 8.718847632408142090e-01 -4.292519390583038330e-01 -4.621972739696502686e-01 -9.806032180786132812e-01 -9.160645008087158203e-01 -1.011424697935581207e-02 2.360242307186126709e-01 -1.661337912082672119e-01 8.560816049575805664e-01 1.527089476585388184e-01 -9.836788289248943329e-03 -3.422096744179725647e-02 -1.657765209674835205e-01 7.350934743881225586e-01 9.607800841331481934e-01 2.738459408283233643e-01 -8.114989995956420898e-01 6.458321213722229004e-01 4.246378540992736816e-01 2.223536819219589233e-01 9.798189997673034668e-01 -9.967507123947143555e-01 3.100817203521728516e-01 9.651762843132019043e-01 9.434887170791625977e-01 -1.162074431777000427e-01 -8.185672760009765625e-01 -3.169997930526733398e-01 -9.670989513397216797e-01 2.210078835487365723e-01 -4.513193294405937195e-02 3.102775216102600098e-01 -9.777123332023620605e-01 6.531458348035812378e-02 -5.920826792716979980e-01 9.958938360214233398e-01 -2.983748912811279297e-02 -6.362719833850860596e-02 -6.080065965652465820e-01 7.033716440200805664e-01 9.666916131973266602e-01 4.368326365947723389e-01 -5.669162869453430176e-01 -3.026285469532012939e-01 4.061986505985260010e-01 -4.849473536014556885e-01 9.120656251907348633e-01 9.995398521423339844e-01 -5.477713793516159058e-02 7.886834740638732910e-01 9.590114951133728027e-01 6.331407427787780762e-01 9.988847374916076660e-01 -2.464861720800399780e-01 5.791075825691223145e-01 2.053570151329040527e-01 4.994940012693405151e-02 -2.049069404602050781e-01 8.859594236128032207e-04 2.069918215274810791e-01 9.893107414245605469e-01 -1.993101984262466431e-01 -5.949885249137878418e-01 -9.988586902618408203e-01 -1.829770356416702271e-01 8.701356649398803711e-01 2.405003607273101807e-01 -9.922262430191040039e-01 -3.346600234508514404e-01 -9.383916854858398438e-01 2.723961174488067627e-01 9.901789426803588867e-01 9.476208090782165527e-01 -9.980724453926086426e-01 -1.077343001961708069e-01 1.172899231314659119e-01 9.994436502456665039e-01 -5.168640241026878357e-02 -8.591091036796569824e-01 9.976596236228942871e-01 -3.861879110336303711e-01 -9.914915561676025391e-01 9.084852933883666992e-01 3.076971173286437988e-01 9.261890053749084473e-01 3.861226141452789307e-01 -9.805958867073059082e-01 -9.853040575981140137e-01 9.072344899177551270e-01 9.901615381240844727e-01 9.522629976272583008e-01 -1.735432296991348267e-01 -3.171767592430114746e-01 3.814259469509124756e-01 -9.954788088798522949e-01 -9.999155998229980469e-01 -9.522086977958679199e-01 2.644029557704925537e-01 4.649420976638793945e-01 9.328110814094543457e-01 9.856346845626831055e-01 -9.984337687492370605e-01 6.870771199464797974e-02 9.813629388809204102e-01 5.762071534991264343e-02 9.701246619224548340e-01 9.975724220275878906e-01 -9.477480649948120117e-01 -1.545953750610351562e-01 8.384891748428344727e-01 -6.326217204332351685e-02 -3.994636237621307373e-02 1.623582690954208374e-01 9.877777099609375000e-01 -5.455608963966369629e-01 7.942997664213180542e-02 -3.356987833976745605e-01 1.556472480297088623e-02 3.690446615219116211e-01 9.965766072273254395e-01 -2.424378693103790283e-01 -3.556239008903503418e-01 1.753813028335571289e-01 1.444574296474456787e-01 -2.158067375421524048e-02 9.793811440467834473e-01 2.752536833286285400e-01 5.983994603157043457e-01 -2.999241054058074951e-01 -3.620079532265663147e-02 -2.584883570671081543e-01 -4.994626939296722412e-01 -3.559764623641967773e-01 5.242797732353210449e-01 -9.747796058654785156e-01 -9.784181714057922363e-01 9.978886842727661133e-01 3.802057504653930664e-01 -3.158237934112548828e-01 -6.671758294105529785e-01 4.191828668117523193e-01 2.296910136938095093e-01 3.788131177425384521e-01 -7.716932296752929688e-01 -9.392680525779724121e-01 4.055883884429931641e-01 9.993279576301574707e-01 2.911469340324401855e-01 3.902054950594902039e-02 9.987380504608154297e-01 -8.555690050125122070e-01 -9.185811281204223633e-01 8.150087594985961914e-01 9.970812797546386719e-01 -1.334861665964126587e-01 8.712669610977172852e-01 5.937181040644645691e-02 2.594030797481536865e-01 6.681045889854431152e-01 -1.213957276195287704e-02 9.461262226104736328e-01 -6.942892819643020630e-02 6.458863615989685059e-01 -1.821974068880081177e-01 4.857562854886054993e-02 5.117021501064300537e-02 -9.998499155044555664e-01 -9.318392872810363770e-01 -5.696135759353637695e-01 1.444554328918457031e-01 3.543526232242584229e-01 -9.597455859184265137e-01 -9.465469121932983398e-01 9.721291810274124146e-02 2.885936200618743896e-01 6.128113269805908203e-01 1.322889626026153564e-01 9.896568655967712402e-01 -6.065682768821716309e-01 -5.502630025148391724e-02 -4.321165382862091064e-01 -9.990991353988647461e-01 3.430956006050109863e-01 4.448045790195465088e-01 -3.811059892177581787e-01 -4.333890676498413086e-01 5.867625474929809570e-01 9.483030438423156738e-02 -8.040490150451660156e-01 7.698117196559906006e-02 9.859688878059387207e-01 8.852002024650573730e-01 1.164521351456642151e-01 -3.357917964458465576e-01 8.192458152770996094e-01 1.192772015929222107e-01 7.118737697601318359e-02 6.221917271614074707e-01 -9.700961112976074219e-01 -2.539987862110137939e-01 4.806713163852691650e-01 -4.529380053281784058e-02 -3.524042293429374695e-02 -6.006094217300415039e-01 9.991028308868408203e-01 1.217946037650108337e-02 1.611719727516174316e-01 -9.528138041496276855e-01 9.053506255149841309e-01 -4.801087975502014160e-01 9.973406195640563965e-01 -8.235316872596740723e-01 -9.100536108016967773e-01 -5.995492637157440186e-02 1.198798790574073792e-01 -9.877144098281860352e-01 -4.125473499298095703e-01 7.452467679977416992e-01 -9.982799291610717773e-01 1.162143647670745850e-01 -8.981757760047912598e-01 4.071636199951171875e-01 5.425415635108947754e-01 -1.201327592134475708e-01 -6.112295389175415039e-01 -9.817287921905517578e-01 -5.679382681846618652e-01 4.694489240646362305e-01 4.134452044963836670e-01 9.979450702667236328e-01 5.663486123085021973e-01 -9.880349636077880859e-01 3.085042536258697510e-01 4.987247586250305176e-01 2.817884981632232666e-01 8.059506863355636597e-02 1.042577400803565979e-01 -9.978160262107849121e-01 -5.733997821807861328e-01 -9.987812638282775879e-01 -2.579396124929189682e-03 7.771649956703186035e-02 -9.086328148841857910e-01 -5.160135626792907715e-01 -5.388067364692687988e-01 -8.462662249803543091e-02 5.140282586216926575e-02 -8.804607987403869629e-01 -9.908133149147033691e-01 6.419817209243774414e-01 -9.910588264465332031e-01 -9.480322599411010742e-01 -9.670484066009521484e-01 5.714091062545776367e-01 -4.372693896293640137e-01 -2.500084638595581055e-01 1.536719202995300293e-01 3.323524817824363708e-02 2.101567685604095459e-01 8.566061854362487793e-01 6.482426822185516357e-02 9.886941313743591309e-01 -1.717426031827926636e-01 -2.502809464931488037e-01 -2.699326574802398682e-01 9.900928139686584473e-01 -8.756508231163024902e-01 8.540377765893936157e-02 -9.953858256340026855e-01 1.764312088489532471e-01 9.714549779891967773e-01 9.989185333251953125e-01 9.284255504608154297e-01 9.869046807289123535e-01 -9.974756836891174316e-01 -5.579553246498107910e-01 4.502913355827331543e-01 -8.047975301742553711e-01 7.152539491653442383e-01 -2.784824967384338379e-01 6.640956997871398926e-01 -9.824965000152587891e-01 5.363370180130004883e-01 7.752154953777790070e-03 -9.979206323623657227e-01 9.924989342689514160e-01 -3.170599043369293213e-01 2.876730822026729584e-02 3.384919166564941406e-01 3.182727470993995667e-02 1.078836023807525635e-01 -6.803715825080871582e-01 -9.870482087135314941e-01 -6.044843792915344238e-01 -8.779389411211013794e-02 7.302004843950271606e-02 -2.503370940685272217e-01 -9.997068047523498535e-01 -7.745524048805236816e-01 -6.776124835014343262e-01 3.914935886859893799e-02 -1.819993853569030762e-01 8.678662031888961792e-02 4.348971322178840637e-02 4.564161300659179688e-01 9.977172613143920898e-01 -9.981706738471984863e-01 1.749139577150344849e-01 2.341204881668090820e-01 -6.033641099929809570e-02 3.531153500080108643e-01 -8.296730518341064453e-01 8.407362699508666992e-01 4.210878610610961914e-01 6.422951817512512207e-01 -1.348555386066436768e-01 -4.816597700119018555e-01 -8.807393908500671387e-01
-9.671512842178344727e-01 9.911302328109741211e-01 1.250437796115875244e-01 -3.713681548833847046e-02 -2.031715810298919678e-01 -9.983593821525573730e-01 9.877343773841857910e-01 -9.752404093742370605e-01 -9.632709436118602753e-03 5.975308641791343689e-02 -5.588782951235771179e-02 -8.546995520591735840e-01 6.808927059173583984e-01 -7.460559606552124023e-01 -8.104832768440246582e-01 6.816351413726806641e-02 3.500493243336677551e-02 1.175314262509346008e-01 -5.892608761787414551e-01 -6.820031255483627319e-02 4.369341731071472168e-01 -1.655498594045639038e-01 8.964189291000366211e-01 -5.204004645347595215e-01 9.912864565849304199e-01 9.467539787292480469e-01 -1.758635640144348145e-01 -2.292921245098114014e-01 3.486328125000000000e-01 7.135590910911560059e-01 8.796816468238830566e-01 -3.188111782073974609e-01 1.693855971097946167e-01 4.626819789409637451e-01 -6.226500868797302246e-01 -2.288898378610610962e-01 -9.066574275493621826e-02 -4.856107532978057861e-01 7.814735174179077148e-01 -2.151223570108413696e-01 8.214236050844192505e-02 -3.345177471637725830e-01 -8.016199618577957153e-02 -9.914091825485229492e-01 6.751694530248641968e-02 6.186844706535339355e-01 -9.084228873252868652e-01 -1.903226971626281738e-01 6.349484324455261230e-01 -2.748149447143077850e-02 4.647358357906341553e-01 -8.577300608158111572e-02 6.961162090301513672e-01 -1.180197820067405701e-01 -3.770675957202911377e-01 5.261358618736267090e-01 3.348272144794464111e-01 3.751429915428161621e-01 -9.988994002342224121e-01 -9.065002202987670898e-01 -2.882011532783508301e-01 -6.819697469472885132e-02 9.881827235221862793e-01 1.618675142526626587e-01 1.897002160549163818e-01 -9.981951713562011719e-01 9.230484366416931152e-01 3.521470129489898682e-01 -2.842279076576232910e-01 9.677585959434509277e-01 9.223724007606506348e-01 9.998646378517150879e-01 -9.408910274505615234e-01 -9.710335135459899902e-01 -9.536843299865722656e-01 2.745904214680194855e-02 -1.096497103571891785e-01 -6.734701991081237793e-01 -3.399559259414672852e-01 -3.653320372104644775e-01 -9.614673256874084473e-01 -2.625462114810943604e-01 9.997678995132446289e-01 -5.179859399795532227e-01 8.872771263122558594e-01 -9.927529692649841309e-01 -4.425889551639556885e-01 1.237690970301628113e-01 -6.324641108512878418e-01 3.865799680352210999e-02 -9.005271792411804199e-01 1.925116479396820068e-01 7.268404364585876465e-01 -8.368031978607177734e-01 -9.814280867576599121e-01 5.024256706237792969e-01 8.908363580703735352e-01 -2.783195972442626953e-01 -8.549000024795532227e-01 2.252538874745368958e-02 -6.133716702461242676e-01 -6.343371868133544922e-01 -7.675808072090148926e-01 -3.452124893665313721e-01 -4.957985877990722656e-02 -1.700799763202667236e-01 9.968954920768737793e-01 4.745819866657257080e-01 -4.535834193229675293e-01 3.481934070587158203e-01 1.440071612596511841e-01 6.458057165145874023e-01 7.325705885887145996e-01 -9.637593626976013184e-01 -3.112183511257171631e-01 1.815068274736404419e-01 -9.385346770286560059e-01 -3.215779960155487061e-01 2.570066154003143311e-01 9.756564497947692871e-01 -9.886517524719238281e-01 -3.550420403480529785e-01 -8.853701353073120117e-01 9.987738132476806641e-01 1.444179415702819824e-01 1.201679706573486328e-01 -9.996728301048278809e-01 -5.354222059249877930e-01 -6.351027488708496094e-01 -1.924674212932586670e-01 4.532271027565002441e-01 4.159703552722930908e-01 7.341413497924804688e-01 5.875362455844879150e-02 4.857795834541320801e-01 -5.732342004776000977e-01 9.300238490104675293e-01 -9.849948883056640625e-01 -2.514412701129913330e-01 2.677216529846191406e-01 9.997091889381408691e-01 3.327536880970001221e-01 -4.031560420989990234e-01 9.037968516349792480e-01 -9.987864643335342407e-02 -1.123018637299537659e-01 -8.963154554367065430e-01 -5.111060142517089844e-01 -4.487755149602890015e-02 -2.123670727014541626e-01 -4.615586996078491211e-01 -3.653001487255096436e-01 3.691304922103881836e-01 -4.984019696712493896e-01 3.868713974952697754e-01 -6.691727042198181152e-01 -8.446334004402160645e-01 -9.903559088706970215e-01 -1.476866453886032104e-01 5.375471115112304688e-01 -2.606965005397796631e-01 4.586901366710662842e-01 2.327406965196132660e-02 -6.127384901046752930e-01 9.996839761734008789e-01 -5.237382054328918457e-01 -1.318822354078292847e-01 -6.146857738494873047e-01 9.057145714759826660e-01 9.078583717346191406e-01 4.929770231246948242e-01 -9.617459177970886230e-01 -3.024842441082000732e-01 -7.254112362861633301e-01 2.547700405120849609e-01 6.073411703109741211e-01 -9.337539076805114746e-01 -3.584740757942199707e-01 9.991004467010498047e-01 9.904121756553649902e-01 6.536864638328552246e-01 -1.708947569131851196e-01 9.965249896049499512e-01 -6.967249512672424316e-01 9.534970521926879883e-01 -7.187612652778625488e-01 -8.908548355102539062e-01 7.796617746353149414e-01 5.907734036445617676e-01 7.817217111587524414e-01 9.072567224502563477e-01 -9.005342125892639160e-01 -8.698772192001342773e-01 -3.756371140480041504e-02 9.917730689048767090e-01 -5.109707117080688477e-01 -8.901506066322326660e-01 -9.447938203811645508e-01 -8.863071203231811523e-01 -4.435775279998779297e-01 -2.940501272678375244e-01 -5.583283901214599609e-01 -1.005843095481395721e-02 1.473774015903472900e-01 2.937834262847900391e-01 8.143743872642517090e-01 -9.906528890132904053e-02 9.827085137367248535e-01 8.210647702217102051e-01 -2.832950353622436523e-01 -9.939178228378295898e-01 7.173852920532226562e-01 9.122902899980545044e-02 5.337975025177001953e-01 9.546070098876953125e-01 -9.408497810363769531e-02 8.302988409996032715e-01 8.310762643814086914e-01 7.812748551368713379e-01 1.294116079807281494e-01 -5.551389455795288086e-01 3.169695436954498291e-01 -8.252632021903991699e-01 3.947614431381225586e-01 -7.837118506431579590e-01 7.515375614166259766e-01 -9.438919425010681152e-01 -4.084273874759674072e-01 -6.406863331794738770e-01 9.915274381637573242e-01 1.131850630044937134e-01 8.399818837642669678e-02 -4.674458205699920654e-01 6.968551874160766602e-01 9.127971529960632324e-01 1.714411228895187378e-01 -9.839429855346679688e-01 -4.606032669544219971e-01 5.120785236358642578e-01 -3.762762248516082764e-01 9.962589144706726074e-01 9.999723434448242188e-01 -4.397304356098175049e-01 9.635300040245056152e-01 9.099310636520385742e-01 4.262300431728363037e-01 9.583501219749450684e-01 -1.532855778932571411e-01 9.521684646606445312e-01 9.373221546411514282e-02 3.447210192680358887e-01 -1.806392967700958252e-01 -2.829395234584808350e-01 2.715348303318023682e-01 9.989839196205139160e-01 -3.480199873447418213e-01 1.764633208513259888e-01 -9.936712384223937988e-01 -5.531516671180725098e-01 -3.252360820770263672e-01 -4.788687229156494141e-01 -8.541029691696166992e-01 -2.256580889225006104e-01 -9.919319748878479004e-01 1.136483773589134216e-01 9.876483678817749023e-01 9.287742376327514648e-01 -9.949536919593811035e-01 -9.406341612339019775e-02 -1.098197624087333679e-01 9.991126656532287598e-01 -2.480240464210510254e-01 -9.559911489486694336e-01 9.989658594131469727e-01 -6.728287339210510254e-01 -9.906967878341674805e-01 9.927712082862854004e-01 4.736192524433135986e-01 8.205943703651428223e-01 1.277420669794082642e-01 -9.142275452613830566e-01 -9.550142288208007812e-01 7.358967065811157227e-01 9.954688549041748047e-01 9.498272538185119629e-01 1.351930648088455200e-01 1.205287799239158630e-01 -1.375127304345369339e-02 -9.953569769859313965e-01 -9.992635250091552734e-01 -9.492349028587341309e-01 3.487733006477355957e-01 5.397688746452331543e-01 -2.043356746435165405e-01 9.937835335731506348e-01 -8.790426254272460938e-01 -4.013764858245849609e-01 9.054080247879028320e-01 -1.302525699138641357e-01 9.744519591331481934e-01 9.964523911476135254e-01 -9.923487901687622070e-01 -1.208796799182891846e-01 8.562671542167663574e-01 -4.438399970531463623e-01 5.256233811378479004e-01 -1.567081809043884277e-01 9.935637116432189941e-01 7.959064841270446777e-01 -5.419361963868141174e-02 -1.774464845657348633e-01 4.892225563526153564e-01 5.888158679008483887e-01 9.989894628524780273e-01 4.299359396100044250e-02 -2.990590035915374756e-01 4.733625650405883789e-01 5.019496083259582520e-01 6.218312382698059082e-01 9.995000958442687988e-01 3.007128238677978516e-01 -9.715701341629028320e-01 -3.491503894329071045e-01 3.351133465766906738e-01 2.098011225461959839e-01 -5.366470217704772949e-01 -9.006079435348510742e-01 -4.335458278656005859e-01 -8.772218823432922363e-01 6.004063487052917480e-01 9.783552289009094238e-01 -1.916088908910751343e-01 2.519772052764892578e-01 2.496158331632614136e-01 2.574767470359802246e-01 1.880193501710891724e-01 -6.858317553997039795e-02 2.636873424053192139e-01 -9.345043897628784180e-01 4.617644548416137695e-01 5.587486624717712402e-01 6.229100003838539124e-02 -4.728246331214904785e-01 7.830936908721923828e-01 -9.916025400161743164e-01 9.761049747467041016e-01 5.544814467430114746e-01 9.998652338981628418e-01 3.158075809478759766e-01 7.618799805641174316e-01 6.173995137214660645e-01 1.620943248271942139e-01 9.279179573059082031e-01 -1.820007115602493286e-01 7.696710824966430664e-01 -2.195464447140693665e-02 -8.664960265159606934e-01 7.252920418977737427e-02 -4.375526607036590576e-01 -3.993889391422271729e-01 -9.931018948554992676e-01 -6.599532365798950195e-01 -2.502237260341644287e-01 -2.629840970039367676e-01 -1.770457476377487183e-01 -9.836452603340148926e-01 -7.509166002273559570e-01 -3.160804808139801025e-01 3.678326606750488281e-01 6.672195792198181152e-01 -2.689816355705261230e-01 9.928340315818786621e-01 -6.206569075584411621e-01 3.816348314285278320e-01 -2.206710875034332275e-01 -9.876876473426818848e-01 2.375683486461639404e-01 5.875994563102722168e-01 -1.489017456769943237e-01 -1.895841956138610840e-02 3.559324443340301514e-01 1.531047224998474121e-01 -9.902337789535522461e-01 -2.277037054300308228e-01 9.965088963508605957e-01 -8.826856613159179688e-01 6.336114406585693359e-01 -3.957487344741821289e-01 9.814221262931823730e-01 -1.878846734762191772e-01 -4.367543458938598633e-01 9.873430132865905762e-01 -9.996092915534973145e-01 3.062724769115447998e-01 -7.622278481721878052e-02 -4.138970375061035156e-01 -4.804193973541259766e-01 -7.743946909904479980e-01 8.917170166969299316e-01 2.534585893154144287e-01 -1.766696274280548096e-01 -8.908365368843078613e-01 8.551284074783325195e-01 -5.901362299919128418e-01 8.364558219909667969e-01 -9.927130341529846191e-01 -7.530651688575744629e-01 -3.235611319541931152e-01 3.476755023002624512e-01 -9.786391854286193848e-01 3.756970167160034180e-01 -7.124045491218566895e-01 -9.983397722244262695e-01 -3.959358632564544678e-01 -4.466101527214050293e-01 4.716138839721679688e-01 6.054624915122985840e-01 3.066377043724060059e-01 -7.555592656135559082e-01 -8.956026434898376465e-01 -5.976955294609069824e-01 5.909662842750549316e-01 1.163052767515182495e-01 9.717198014259338379e-01 3.831761777400970459e-01 -9.505330920219421387e-01 -2.316262125968933105e-01 4.395931959152221680e-01 2.054886519908905029e-02 2.754176966845989227e-02 2.459686696529388428e-01 -9.937334656715393066e-01 6.602659225463867188e-01 -9.996834993362426758e-01 -8.773996829986572266e-01 4.024973809719085693e-01 -5.150067210197448730e-01 -3.493875265121459961e-01 2.084064036607742310e-01 -8.352201431989669800e-02 -2.917177975177764893e-01 -9.909234046936035156e-01 -9.988974928855895996e-01 5.225844383239746094e-01 -9.982226490974426270e-01 -9.839555621147155762e-01 -9.942471981048583984e-01 4.990068376064300537e-01 -4.219876825809478760e-01 8.977387100458145142e-02 3.960151076316833496e-01 -1.152039319276809692e-01 3.336360156536102295e-01 9.924471378326416016e-01 1.587838679552078247e-01 9.108438491821289062e-01 5.187902450561523438e-01 -3.018891811370849609e-01 5.119604468345642090e-01 8.976263403892517090e-01 -9.327444247901439667e-03 -9.468594938516616821e-02 -9.966630339622497559e-01 2.727825567126274109e-02 8.607008457183837891e-01 9.988617897033691406e-01 8.287678360939025879e-01 9.617916941642761230e-01 -9.946497678756713867e-01 -8.055381476879119873e-02 5.200547575950622559e-01 -1.670252978801727295e-01 7.071198821067810059e-01 2.109715938568115234e-01 6.308936476707458496e-01 -9.792331457138061523e-01 -9.314048886299133301e-01 4.027782976627349854e-01 -9.862659573554992676e-01 9.790363311767578125e-01 8.897311985492706299e-02 3.075968027114868164e-01 3.479223847389221191e-01 4.025712907314300537e-01 3.915881514549255371e-01 -9.338641762733459473e-01 -8.914230465888977051e-01 -4.392427504062652588e-01 -1.791004240512847900e-01 -1.708158254623413086e-01 -3.553988337516784668e-01 -9.999997019767761230e-01 6.395443081855773926e-01 -9.723260402679443359e-01 5.720692127943038940e-02 -2.019475996494293213e-01 1.201638802886009216e-01 4.972046315670013428e-01 3.645796328783035278e-02 9.993222951889038086e-01 -9.953279495239257812e-01 4.236213266849517822e-01 -9.363305568695068359e-02 7.857538759708404541e-02 5.077908635139465332e-01 -9.828613400459289551e-01 9.373977780342102051e-01 7.356022596359252930e-01 6.220817565917968750e-01 1.806894391775131226e-01 -4.255809187889099121e-01 -9.120627045631408691e-01
6.695300340652465820e-01 -5.917888879776000977e-01 1.692722588777542114e-01 6.382151246070861816e-01 -5.128765702247619629e-01 3.678613305091857910e-01 9.729695320129394531e-01 -9.854460358619689941e-01 -9.603989124298095703e-02 -9.900504350662231445e-01 1.750688254833221436e-01 -9.670199155807495117e-01 9.878636002540588379e-01 -9.978107213973999023e-01 -9.837085008621215820e-01 2.977232635021209717e-01 1.685465574264526367e-01 4.534056037664413452e-02 -7.590892314910888672e-01 1.808260008692741394e-02 5.642673969268798828e-01 4.316899180412292480e-01 7.394652068614959717e-02 -7.094632983207702637e-01 9.981029033660888672e-01 9.971227049827575684e-01 -3.150068819522857666e-01 -5.734092593193054199e-01 3.146468997001647949e-01 9.911088943481445312e-01 9.969443678855895996e-01 1.534054726362228394e-01 5.093456506729125977e-01 2.882826924324035645e-01 -9.904043674468994141e-01 -4.429022669792175293e-01 -6.306878328323364258e-01 -7.544434070587158203e-01 9.475356340408325195e-01 -3.425631821155548096e-01 3.685581684112548828e-02 -5.490627884864807129e-01 1.946137547492980957e-01 -9.935358166694641113e-01 3.519193828105926514e-01 7.343885898590087891e-01 -9.966879487037658691e-01 -1.798646450042724609e-01 6.079380512237548828e-01 -6.564418673515319824e-01 9.813037514686584473e-01 -6.372006237506866455e-02 9.909510612487792969e-01 -5.967939645051956177e-02 -1.652479320764541626e-01 6.340095996856689453e-01 6.921120733022689819e-02 2.502028644084930420e-01 -9.990059733390808105e-01 -9.328759908676147461e-01 -1.337863504886627197e-01 -2.648502886295318604e-01 8.530554771423339844e-01 2.695430517196655273e-01 3.356171846389770508e-01 -8.488388657569885254e-01 9.020066261291503906e-01 5.958747267723083496e-01 -1.788277365267276764e-02 8.457365632057189941e-01 9.257491827011108398e-01 9.995810389518737793e-01 -5.678812265396118164e-01 -9.798384308815002441e-01 2.390650212764739990e-01 -1.837580204010009766e-01 -4.149284362792968750e-01 7.007420659065246582e-01 -2.265565469861030579e-02 -3.662567436695098877e-01 -9.541635513305664062e-01 -1.237325519323348999e-01 9.992931485176086426e-01 -4.979646205902099609e-01 9.953134655952453613e-01 -9.923585653305053711e-01 -2.430776208639144897e-01 6.600803136825561523e-01 -5.312518477439880371e-01 6.623187661170959473e-01 -9.800566434860229492e-01 -4.332673177123069763e-02 8.110812306404113770e-01 -9.834561944007873535e-01 -8.904723525047302246e-01 -5.374280214309692383e-01 9.870284199714660645e-01 -2.136053144931793213e-01 -9.801291227340698242e-01 1.916509568691253662e-01 -2.748729288578033447e-01 -2.294358909130096436e-01 -6.619261503219604492e-01 -1.906584501266479492e-01 6.631691753864288330e-02 3.089239895343780518e-01 7.986833453178405762e-01 4.432695508003234863e-01 -6.668079495429992676e-01 -1.745385229587554932e-01 1.576562672853469849e-01 8.949124217033386230e-01 3.986067175865173340e-01 -9.955573678016662598e-01 -3.524710237979888916e-01 -1.143172755837440491e-01 -7.587910890579223633e-01 7.916548252105712891e-01 1.521813124418258667e-01 9.869379401206970215e-01 -4.139444231986999512e-01 -1.367605775594711304e-01 -9.641144871711730957e-01 9.936577677726745605e-01 -3.490627706050872803e-01 4.604461416602134705e-02 -8.794804215431213379e-01 -1.449664831161499023e-01 -7.531213164329528809e-01 -2.717115581035614014e-01 9.742457866668701172e-01 8.397330641746520996e-01 5.396625995635986328e-01 1.737249642610549927e-01 6.761787533760070801e-01 -9.265532493591308594e-01 9.205605983734130859e-01 -9.925254583358764648e-01 -3.057921528816223145e-01 3.428829908370971680e-01 9.998638033866882324e-01 7.231826186180114746e-01 -2.134237438440322876e-01 7.352021932601928711e-01 -7.860851287841796875e-02 4.250209033489227295e-01 -8.108648061752319336e-01 9.849240183830261230e-01 -4.507902264595031738e-02 -4.080950617790222168e-01 -1.187572032213211060e-01 7.924211025238037109e-02 4.889213442802429199e-01 -4.685462415218353271e-01 4.027047157287597656e-01 -2.727911174297332764e-01 -9.568960666656494141e-01 -4.048669934272766113e-01 -3.698926270008087158e-01 9.070204198360443115e-02 -5.476453900337219238e-01 2.889616787433624268e-01 -4.459313452243804932e-01 -6.332158446311950684e-01 9.999074339866638184e-01 -5.552382469177246094e-01 -4.449419081211090088e-01 -8.044114708900451660e-01 9.870918393135070801e-01 8.371033668518066406e-01 2.533956468105316162e-01 -7.293791770935058594e-01 -9.265886545181274414e-01 -9.890584945678710938e-01 3.992725163698196411e-02 4.998099207878112793e-01 -2.540474534034729004e-01 -3.234823942184448242e-01 9.918615221977233887e-01 9.959836006164550781e-01 9.662742614746093750e-01 -3.062203228473663330e-01 -1.116150841116905212e-01 -9.628399014472961426e-01 8.759989142417907715e-01 -9.806485176086425781e-01 -4.216097891330718994e-01 8.810027241706848145e-01 6.696770191192626953e-01 9.818944931030273438e-01 -8.040937036275863647e-02 -9.396153092384338379e-01 1.525199413299560547e-01 9.696715325117111206e-02 9.393776655197143555e-01 -4.926246032118797302e-02 -9.375346899032592773e-01 -9.963319897651672363e-01 -1.600871533155441284e-01 -1.853762120008468628e-01 -2.240453660488128662e-01 -1.515662372112274170e-01 5.710825920104980469e-01 4.344904422760009766e-01 -1.706585735082626343e-01 5.358165502548217773e-01 -1.303045600652694702e-01 9.866944551467895508e-01 9.924625754356384277e-01 -1.886744052171707153e-01 -7.906033396720886230e-01 -9.733631014823913574e-01 -2.344871759414672852e-01 4.353852570056915283e-01 9.901267886161804199e-01 -9.202676415443420410e-01 8.273499011993408203e-01 9.800957441329956055e-01 9.941282272338867188e-01 -8.984924107789993286e-02 -9.135587811470031738e-01 5.231544841080904007e-03 -8.656278252601623535e-01 6.230800151824951172e-01 -9.024525284767150879e-01 3.336973190307617188e-01 -9.832917451858520508e-01 -1.123898997902870178e-01 4.779621958732604980e-02 9.969918131828308105e-01 6.173801049590110779e-02 4.543036967515945435e-02 -4.005782008171081543e-01 2.645977735519409180e-01 9.463917613029479980e-01 7.020656466484069824e-01 4.506388604640960693e-01 -4.262412190437316895e-01 2.884388566017150879e-01 -2.313238829374313354e-01 9.672628045082092285e-01 9.998528957366943359e-01 -7.107032537460327148e-01 8.212243914604187012e-01 9.892166256904602051e-01 2.931859493255615234e-01 9.991981983184814453e-01 -4.930555820465087891e-03 -3.941107094287872314e-01 3.958781808614730835e-02 5.275083184242248535e-01 -9.688994288444519043e-02 1.078960001468658447e-01 1.689777672290802002e-01 9.981155395507812500e-01 -2.281310111284255981e-01 -4.472075104713439941e-01 -9.995836019515991211e-01 -2.212837487459182739e-01 -5.779732465744018555e-01 8.080127090215682983e-02 -9.991436600685119629e-01 -1.327345371246337891e-01 -4.248462915420532227e-01 -9.898010641336441040e-02 9.617023468017578125e-01 9.115837812423706055e-01 -9.983925223350524902e-01 -2.018320262432098389e-01 1.717818230390548706e-01 9.966638088226318359e-01 -4.230656623840332031e-01 -9.747001528739929199e-01 9.999578595161437988e-01 -7.121487855911254883e-01 -9.968223571777343750e-01 9.760069251060485840e-01 3.865329027175903320e-01 9.835777282714843750e-01 4.977064430713653564e-01 -9.290338754653930664e-01 -7.922480702400207520e-01 8.899378776550292969e-01 9.871098995208740234e-01 -4.692526757717132568e-01 -1.626366972923278809e-01 3.324392139911651611e-01 2.261414825916290283e-01 -9.993398785591125488e-01 -9.999070763587951660e-01 -9.339150786399841309e-01 4.906396269798278809e-01 6.156621575355529785e-01 7.381933331489562988e-01 9.950290322303771973e-01 -9.654376506805419922e-01 1.917514950037002563e-01 9.858241081237792969e-01 -3.826564848423004150e-01 9.912694692611694336e-01 9.987703561782836914e-01 -9.304444789886474609e-01 -6.748420000076293945e-01 9.483288526535034180e-01 -5.580502152442932129e-01 4.594878554344177246e-01 -7.803989946842193604e-02 9.964922070503234863e-01 1.075278781354427338e-02 1.224749460816383362e-01 1.070315167307853699e-01 -7.768938541412353516e-01 5.062379837036132812e-01 9.980592131614685059e-01 6.592802405357360840e-01 -4.769424200057983398e-01 -1.069437488913536072e-01 5.713142752647399902e-01 3.350667357444763184e-01 9.998964667320251465e-01 4.093478620052337646e-01 7.724891304969787598e-01 -6.224946305155754089e-02 -7.244386672973632812e-01 -5.228888988494873047e-01 -6.353521347045898438e-01 -8.723998069763183594e-01 5.709673762321472168e-01 -9.959927201271057129e-01 -5.284489989280700684e-01 9.741353988647460938e-01 1.378002464771270752e-01 -3.423333466053009033e-01 -4.907124042510986328e-01 5.663842558860778809e-01 5.631639957427978516e-01 9.104233235120773315e-02 -6.019748449325561523e-01 -9.759125709533691406e-01 4.105564951896667480e-01 9.982361197471618652e-01 -1.039785593748092651e-01 -2.046357244253158569e-01 9.663189053535461426e-01 -9.448738694190979004e-01 -2.610458731651306152e-01 9.415041208267211914e-01 9.997185468673706055e-01 -5.410366877913475037e-02 8.306482434272766113e-01 7.423111796379089355e-02 -5.763726774603128433e-03 3.966138139367103577e-02 -5.509288311004638672e-01 9.946324229240417480e-01 2.918052375316619873e-01 5.539023280143737793e-01 -2.806420028209686279e-01 -1.896615475416183472e-01 5.952717736363410950e-02 -9.955492019653320312e-01 -9.904741048812866211e-01 -6.569697856903076172e-01 -2.060334682464599609e-01 2.390736788511276245e-01 -9.753224253654479980e-01 -9.927363991737365723e-01 1.495645642280578613e-01 4.701633155345916748e-01 7.893853187561035156e-01 -2.677650153636932373e-01 9.956976771354675293e-01 -7.586282491683959961e-01 1.161987259984016418e-01 -2.569999992847442627e-01 -9.977396130561828613e-01 4.632040262222290039e-01 4.697053134441375732e-01 -3.394469320774078369e-01 -1.340729892253875732e-01 8.824848532676696777e-01 3.079220354557037354e-01 -9.927723407745361328e-01 2.867839038372039795e-01 9.984376430511474609e-01 -6.573235988616943359e-01 6.119453310966491699e-01 -5.151807665824890137e-01 9.166209697723388672e-01 -4.236000776290893555e-01 -3.194946646690368652e-01 9.182999134063720703e-01 -9.992682337760925293e-01 4.376379773020744324e-02 1.072250157594680786e-01 -1.778377890586853027e-01 -3.623050749301910400e-01 -7.129104137420654297e-01 8.908728957176208496e-01 6.339844316244125366e-02 5.816063880920410156e-01 -7.622826099395751953e-01 9.092817306518554688e-01 -4.583107233047485352e-01 9.833851456642150879e-01 -8.877497315406799316e-01 -9.668877124786376953e-01 -1.666968129575252533e-02 3.389140963554382324e-01 -9.922128319740295410e-01 -8.604735136032104492e-01 4.962725937366485596e-01 -9.031748175621032715e-01 -4.718227684497833252e-02 2.847902774810791016e-01 2.233921289443969727e-01 6.770585775375366211e-01 6.210505962371826172e-01 -2.424443811178207397e-01 -9.949574470520019531e-01 -4.358832240104675293e-01 5.482209324836730957e-01 2.688677906990051270e-01 9.950385689735412598e-01 6.143969893455505371e-01 -6.529120802879333496e-01 2.622373104095458984e-01 5.268840193748474121e-01 1.252361387014389038e-01 3.198704421520233154e-01 2.803743779659271240e-01 -9.860146045684814453e-01 2.947655618190765381e-01 -9.999762177467346191e-01 -9.539506435394287109e-01 5.538164973258972168e-01 -8.839398026466369629e-01 -7.971462011337280273e-01 4.993709549307823181e-02 -3.750151991844177246e-01 -1.597802639007568359e-01 -9.777436256408691406e-01 -8.287392258644104004e-01 4.200031757354736328e-01 -9.923704266548156738e-01 -9.933903217315673828e-01 -9.184589982032775879e-01 6.409014463424682617e-01 -7.112964987754821777e-01 -2.572720050811767578e-01 4.296409487724304199e-01 -2.032088339328765869e-01 1.913087442517280579e-02 9.951527118682861328e-01 4.539402127265930176e-01 9.848648309707641602e-01 1.447064988315105438e-02 -1.706326603889465332e-01 2.973615229129791260e-01 9.865198135375976562e-01 6.779482960700988770e-01 1.743338853120803833e-01 -9.821536540985107422e-01 2.672846317291259766e-01 9.954178929328918457e-01 9.988129138946533203e-01 8.375965356826782227e-01 9.918614029884338379e-01 -9.372021555900573730e-01 -3.376475572586059570e-01 6.518017053604125977e-01 -2.609916031360626221e-01 9.067587256431579590e-01 3.525975346565246582e-01 4.045481383800506592e-01 -9.900965690612792969e-01 -9.745783805847167969e-01 3.097043037414550781e-01 -9.506550431251525879e-01 9.969704747200012207e-01 -3.566970229148864746e-01 9.757154434919357300e-02 2.776547670364379883e-01 1.757278591394424438e-01 1.829291135072708130e-01 -9.026482105255126953e-01 -9.850747585296630859e-01 -6.715298295021057129e-01 2.781303524971008301e-01 5.092975497245788574e-02 -3.847277462482452393e-01 -9.999517202377319336e-01 -7.915615439414978027e-01 -9.226224422454833984e-01 -6.424365192651748657e-02 -1.317778080701828003e-01 2.762230932712554932e-01 3.940103054046630859e-01 1.651819050312042236e-01 9.857537746429443359e-01 -9.907393455505371094e-01 -1.022383943200111389e-01 4.281382560729980469e-01 1.444475948810577393e-01 4.387758374214172363e-01 -9.794315695762634277e-01 8.544754385948181152e-01 2.465987801551818848e-01 5.154852271080017090e-01 9.449794143438339233e-02 -2.657411396503448486e-01 -6.712237000465393066e-01
-7.663590312004089355e-01 7.222682237625122070e-01 1.504832059144973755e-01 5.819781422615051270e-01 -6.149841547012329102e-01 -8.663552254438400269e-02 9.655488133430480957e-01 -9.832003712654113770e-01 -5.223229527473449707e-05 -9.946515560150146484e-01 2.310709804296493530e-01 -8.451755642890930176e-01 8.469818830490112305e-01 -9.498599767684936523e-01 -8.848394155502319336e-01 4.290995374321937561e-02 -2.831978499889373779e-01 2.232150584459304810e-01 -4.417496919631958008e-01 -4.016963839530944824e-01 4.323338568210601807e-01 -7.273823022842407227e-02 -5.784095823764801025e-02 1.115830540657043457e-01 9.981897473335266113e-01 9.904584884643554688e-01 2.433836758136749268e-01 -5.187693834304809570e-01 2.413653433322906494e-01 3.149755895137786865e-01 9.771641492843627930e-01 -4.481681883335113525e-01 1.884117424488067627e-01 -6.177800893783569336e-02 -9.583027958869934082e-01 -2.649344503879547119e-01 -6.198233962059020996e-01 -1.568787395954132080e-01 9.903748035430908203e-01 -2.556630074977874756e-01 -2.190347462892532349e-01 1.556488275527954102e-01 4.247305989265441895e-01 -9.981960654258728027e-01 -6.588470656424760818e-03 -4.593552090227603912e-03 -9.974662065505981445e-01 3.515831828117370605e-01 2.487408183515071869e-02 6.188446655869483948e-02 9.152930974960327148e-01 -7.845228537917137146e-03 9.979162216186523438e-01 3.938259556889533997e-02 -3.737794160842895508e-01 3.811379671096801758e-01 1.449619680643081665e-01 4.780445098876953125e-01 -9.989868998527526855e-01 3.573811352252960205e-01 4.359132051467895508e-02 -2.686565816402435303e-01 8.970099687576293945e-01 -1.431240141391754150e-01 -1.643557399511337280e-01 -9.874728918075561523e-01 6.161631941795349121e-01 -4.288951456546783447e-01 2.611129283905029297e-01 7.198878526687622070e-01 7.641057372093200684e-01 9.699969291687011719e-01 -7.759150266647338867e-01 -9.951451420783996582e-01 -4.571785926818847656e-01 6.379135698080062866e-02 -3.133623003959655762e-01 -1.657903641462326050e-01 -2.140668630599975586e-01 -4.271914362907409668e-01 -1.688254177570343018e-01 2.544120848178863525e-01 9.997094869613647461e-01 -4.715116322040557861e-01 6.795201897621154785e-01 -9.991278648376464844e-01 -5.676741898059844971e-02 3.161582723259925842e-02 -3.743484914302825928e-01 2.115572541952133179e-01 -8.185094594955444336e-01 -4.292984008789062500e-01 2.908380031585693359e-01 -8.822041749954223633e-01 -9.341134428977966309e-01 3.661621510982513428e-01 9.905376434326171875e-01 1.315069347620010376e-01 -9.456422328948974609e-01 -5.125510096549987793e-01 9.499903321266174316e-01 -9.298057556152343750e-01 -2.873875796794891357e-01 -5.229352116584777832e-01 -9.351044893264770508e-02 -2.243335545063018799e-01 9.625033736228942871e-01 4.564440548419952393e-01 -4.877701699733734131e-01 -2.772704958915710449e-01 -1.394884586334228516e-01 2.015710622072219849e-01 1.877982467412948608e-01 -8.901569247245788574e-01 1.008908897638320923e-01 -1.263561397790908813e-01 -9.787310361862182617e-01 5.968483686447143555e-01 1.913588680326938629e-02 9.571559429168701172e-01 -3.940620124340057373e-01 -1.466277837753295898e-01 -8.952870368957519531e-01 9.969383478164672852e-01 -2.386831641197204590e-01 2.657423317432403564e-01 -9.996993541717529297e-01 -4.888329505920410156e-01 -6.409369111061096191e-01 -4.435244798660278320e-01 9.357257485389709473e-01 9.898775815963745117e-01 9.588775634765625000e-01 -2.635387144982814789e-02 6.959252357482910156e-01 -9.900785684585571289e-01 9.925189614295959473e-01 -9.372079968452453613e-01 6.914585828781127930e-01 1.919384896755218506e-01 9.997444748878479004e-01 3.724695444107055664e-01 -2.483811043202877045e-02 8.058396577835083008e-01 -1.869953572750091553e-01 -1.596299856901168823e-01 -9.747537374496459961e-01 9.919010996818542480e-01 -5.617118477821350098e-01 -3.457424044609069824e-01 -1.616185605525970459e-01 6.259540468454360962e-02 8.401353955268859863e-01 -2.958354949951171875e-01 7.596348971128463745e-02 -4.981942176818847656e-01 -3.857825696468353271e-01 -4.123848676681518555e-01 -3.433686494827270508e-01 3.485508859157562256e-01 -3.225584626197814941e-01 1.085805371403694153e-01 4.249583184719085693e-01 -4.649471938610076904e-01 9.999754428863525391e-01 4.096768796443939209e-02 1.376333832740783691e-01 -5.752948522567749023e-01 9.930502772331237793e-01 3.819316625595092773e-01 4.987612068653106689e-01 -9.854803681373596191e-01 -9.012594223022460938e-01 -3.302770256996154785e-01 5.608733892440795898e-01 2.763487696647644043e-01 -8.344174623489379883e-01 -2.234135568141937256e-01 9.846937656402587891e-01 9.993519783020019531e-01 9.732711315155029297e-01 -3.932746052742004395e-01 9.926561713218688965e-01 -1.020338982343673706e-01 4.046438932418823242e-01 -9.335183501243591309e-01 -6.891716122627258301e-01 1.984187215566635132e-02 4.390755593776702881e-01 9.699780941009521484e-01 -7.822484970092773438e-01 -9.927183985710144043e-01 -4.776609241962432861e-01 2.247513383626937866e-01 9.348308444023132324e-01 -3.143944144248962402e-01 -9.300507903099060059e-01 -8.742896914482116699e-01 -4.934146404266357422e-01 -1.381354629993438721e-01 -1.983734667301177979e-01 -2.725233435630798340e-01 -2.263163216412067413e-02 1.760385632514953613e-01 -1.555302441120147705e-01 4.017849862575531006e-01 9.124952554702758789e-02 9.992242455482482910e-01 9.941256046295166016e-01 -3.521651402115821838e-02 -9.360947608947753906e-01 6.248419880867004395e-01 1.665050536394119263e-01 3.753240108489990234e-01 9.252524971961975098e-01 -6.677120327949523926e-01 3.696731328964233398e-01 8.664312362670898438e-01 3.564257323741912842e-01 -1.073911935091018677e-01 -8.823543190956115723e-01 2.277061790227890015e-01 -9.092950820922851562e-01 1.057732999324798584e-01 4.824281036853790283e-01 5.380151271820068359e-01 -9.570053219795227051e-01 -2.127848267555236816e-01 5.057684183120727539e-01 9.879267811775207520e-01 2.704582512378692627e-01 -1.346282809972763062e-01 -5.246168971061706543e-01 6.170377731323242188e-01 9.205042719841003418e-01 3.495394289493560791e-01 -4.080683887004852295e-01 -4.154348969459533691e-01 4.621261954307556152e-01 -1.523502469062805176e-01 9.273046255111694336e-01 9.999647736549377441e-01 -5.367830395698547363e-01 9.509901404380798340e-01 8.409653306007385254e-01 4.229007959365844727e-01 9.925678372383117676e-01 2.149166464805603027e-01 8.265663385391235352e-01 2.569323182106018066e-01 2.068501859903335571e-01 2.127918154001235962e-01 -8.790699392557144165e-02 1.656142026185989380e-01 9.923968315124511719e-01 1.366685777902603149e-01 -4.451095163822174072e-01 -9.881614446640014648e-01 -3.529958426952362061e-01 -1.726653575897216797e-01 -4.944188892841339111e-02 -9.924848675727844238e-01 6.847421079874038696e-02 -8.483622670173645020e-01 1.323420256376266479e-01 9.788218736648559570e-01 9.243006110191345215e-01 -9.984794259071350098e-01 -1.387912333011627197e-01 -1.952926069498062134e-01 9.999880194664001465e-01 -1.223129406571388245e-01 -9.894251227378845215e-01 9.992248415946960449e-01 -5.333037972450256348e-01 -9.771969318389892578e-01 9.815981984138488770e-01 2.404724210500717163e-01 9.546257257461547852e-01 2.538655102252960205e-01 -8.994188904762268066e-01 -9.409947991371154785e-01 -5.196233280003070831e-03 9.749528765678405762e-01 8.069248795509338379e-01 -3.445511460304260254e-01 -3.799265623092651367e-01 2.430662810802459717e-01 -9.912976622581481934e-01 -9.996643662452697754e-01 -9.427815079689025879e-01 1.370607018470764160e-01 3.889085650444030762e-01 9.002496004104614258e-01 9.523726701736450195e-01 -9.996128678321838379e-01 -1.651493906974792480e-01 9.865603446960449219e-01 3.171615600585937500e-01 9.855797290802001953e-01 9.975923299789428711e-01 -9.914682507514953613e-01 -1.898223459720611572e-01 9.683429002761840820e-01 -4.887747168540954590e-01 3.628759086132049561e-02 9.637317061424255371e-02 9.982494115829467773e-01 8.195232599973678589e-02 1.257215142250061035e-01 -1.925393044948577881e-01 1.102934032678604126e-01 2.397572994232177734e-01 9.957395195960998535e-01 7.792604565620422363e-01 -2.755018770694732666e-01 7.770972698926925659e-02 9.067184478044509888e-02 1.280248723924160004e-02 9.845680594444274902e-01 3.753522336483001709e-01 -9.681291580200195312e-01 -1.835634112358093262e-01 -4.314182996749877930e-01 -3.501777946949005127e-01 -4.912069737911224365e-01 -9.911667704582214355e-01 7.489016056060791016e-01 -6.786534786224365234e-01 -5.622323155403137207e-01 9.977987408638000488e-01 3.590590879321098328e-02 3.552671149373054504e-02 6.874533295631408691e-01 -2.051095245406031609e-03 3.413717746734619141e-01 4.661202132701873779e-01 -6.992787122726440430e-01 -7.136113643646240234e-01 5.748034119606018066e-01 9.943506121635437012e-01 -3.981769457459449768e-02 -3.440779149532318115e-01 9.949363470077514648e-01 -9.366930127143859863e-01 4.168880283832550049e-01 8.705848455429077148e-01 9.995498061180114746e-01 -1.454149931669235229e-01 8.605599403381347656e-01 7.016379237174987793e-01 -4.299754649400711060e-02 9.198626875877380371e-01 -2.349460124969482422e-01 2.915580868721008301e-01 -1.705485582351684570e-01 -7.918884754180908203e-01 -9.809611737728118896e-02 -4.858789741992950439e-01 -6.690642237663269043e-02 -9.850425720214843750e-01 -2.890429794788360596e-01 -2.288355678319931030e-01 -3.094280883669853210e-02 3.263611197471618652e-01 -9.750348925590515137e-01 -2.463305145502090454e-01 6.273724436759948730e-01 -2.627187222242355347e-02 1.203754767775535583e-01 -1.344602108001708984e-01 9.641584157943725586e-01 -4.191857278347015381e-01 3.846990168094635010e-01 8.427888751029968262e-01 -9.995987415313720703e-01 3.207029998302459717e-01 4.134014844894409180e-01 -3.580975532531738281e-02 1.053398922085762024e-01 6.947285532951354980e-01 1.562619656324386597e-01 -9.918576478958129883e-01 -3.628490865230560303e-02 9.933702945709228516e-01 6.196851134300231934e-01 3.879611194133758545e-01 -1.814210563898086548e-01 7.160157561302185059e-01 -2.546007335186004639e-01 -5.529128313064575195e-01 8.228195905685424805e-01 -9.908388853073120117e-01 -2.024077177047729492e-01 1.868227869272232056e-01 -1.204787986353039742e-03 -3.272099792957305908e-01 -7.098174095153808594e-01 9.478251934051513672e-01 5.672457441687583923e-02 6.643381714820861816e-02 -9.089621305465698242e-01 4.206373393535614014e-01 -2.971786558628082275e-01 9.462694525718688965e-01 -9.685732126235961914e-01 -2.534086406230926514e-01 -3.557520508766174316e-01 3.804063200950622559e-01 -9.952458739280700684e-01 -6.452553868293762207e-01 -4.631195366382598877e-01 -9.990957379341125488e-01 6.107521429657936096e-02 -2.096170932054519653e-01 2.998693287372589111e-01 5.184718966484069824e-01 -3.640667200088500977e-01 -8.607606887817382812e-01 -9.883517622947692871e-01 -5.960144400596618652e-01 3.845907151699066162e-01 1.878648698329925537e-01 8.717014193534851074e-01 4.094037413597106934e-01 -9.964046478271484375e-01 2.047259509563446045e-01 -6.747296452522277832e-02 3.867321312427520752e-01 2.187865376472473145e-01 4.508224129676818848e-01 -9.993615746498107910e-01 1.161513626575469971e-01 -9.999284744262695312e-01 -9.941892027854919434e-01 1.940045058727264404e-01 -8.245022892951965332e-01 -4.147138595581054688e-01 -2.591906785964965820e-01 -2.373263835906982422e-01 -1.047676429152488708e-02 -9.630913734436035156e-01 -8.351025581359863281e-01 4.628933370113372803e-01 -9.995369911193847656e-01 -9.953895211219787598e-01 -9.860795736312866211e-01 6.774767041206359863e-01 -2.491971701383590698e-01 -3.355241417884826660e-01 6.960926204919815063e-02 2.736539840698242188e-01 4.269103109836578369e-01 9.960795640945434570e-01 3.179500401020050049e-01 9.471795558929443359e-01 3.207224905490875244e-01 3.973329812288284302e-02 -5.187528729438781738e-01 9.991928935050964355e-01 -7.061411142349243164e-01 4.724067449569702148e-01 -9.995161890983581543e-01 3.304742574691772461e-01 6.826168894767761230e-01 9.988024830818176270e-01 4.849397540092468262e-01 9.069972038269042969e-01 -9.429858922958374023e-01 -3.155912458896636963e-01 5.919411778450012207e-01 7.803720235824584961e-01 8.149191141128540039e-01 -3.297788277268409729e-02 3.352981805801391602e-01 -9.939397573471069336e-01 -9.646314978599548340e-01 2.611405253410339355e-01 -9.941471815109252930e-01 9.909163713455200195e-01 -4.471728503704071045e-01 2.088927030563354492e-01 -6.074212864041328430e-02 8.074472844600677490e-02 -5.475638434290885925e-02 -9.053445458412170410e-01 -9.172802567481994629e-01 -3.664995729923248291e-01 -2.606303989887237549e-01 1.807055063545703888e-02 -5.282564163208007812e-01 -9.999977946281433105e-01 -9.681795239448547363e-01 -1.106103658676147461e-01 -5.854051932692527771e-02 -4.921400547027587891e-01 8.747002482414245605e-02 6.073771119117736816e-01 2.061702609062194824e-01 9.999217987060546875e-01 -9.986283779144287109e-01 3.477212190628051758e-01 2.143965661525726318e-01 -4.852453619241714478e-02 1.841120049357414246e-02 -9.306752085685729980e-01 -6.923783570528030396e-02 6.123515367507934570e-01 6.597871184349060059e-01 -2.846444845199584961e-01 -3.462945520877838135e-01 -9.524682760238647461e-01
-7.833725214004516602e-01 -4.519661068916320801e-01 4.270044863224029541e-01 5.185328722000122070e-01 -8.874944448471069336e-01 -4.866869449615478516e-01 9.989165067672729492e-01 -9.310774803161621094e-01 2.454541996121406555e-02 -9.262909889221191406e-01 3.615001738071441650e-01 -9.925189614295959473e-01 7.749873399734497070e-01 -9.116254448890686035e-01 -9.165764451026916504e-01 3.162868916988372803e-01 -1.254093926399946213e-02 5.160902142524719238e-01 -5.367616415023803711e-01 -1.451346129179000854e-01 4.541968107223510742e-01 -1.670235395431518555e-01 9.209173917770385742e-01 -6.222994923591613770e-01 9.944017529487609863e-01 9.814262390136718750e-01 -1.043119933456182480e-02 -3.730760216712951660e-01 7.218275219202041626e-02 9.935637712478637695e-01 9.842966198921203613e-01 -1.783109456300735474e-01 4.181747138500213623e-01 3.155209496617317200e-02 -9.776338338851928711e-01 -3.018235862255096436e-01 -5.264767408370971680e-01 -1.119005028158426285e-02 9.842637777328491211e-01 -4.981015622615814209e-01 1.867971569299697876e-01 1.904019862413406372e-01 3.228675127029418945e-01 -9.989455342292785645e-01 2.748297154903411865e-01 7.116025686264038086e-01 -8.982976675033569336e-01 1.508947461843490601e-01 -3.206926286220550537e-01 4.400661960244178772e-02 7.279668450355529785e-01 -2.300843782722949982e-02 9.940049648284912109e-01 -3.187169730663299561e-01 3.743858933448791504e-01 3.477001190185546875e-01 -2.669281661510467529e-01 2.448499202728271484e-01 -9.987820982933044434e-01 9.365344643592834473e-01 -4.878973588347434998e-02 -1.554259210824966431e-01 9.866825938224792480e-01 -2.703003957867622375e-02 -1.854212954640388489e-02 -9.992593526840209961e-01 9.007673859596252441e-01 7.446961998939514160e-01 1.220559403300285339e-01 7.751838564872741699e-01 8.361139893531799316e-01 9.388487339019775391e-01 -1.939610205590724945e-02 -9.895582199096679688e-01 -8.999609351158142090e-01 -1.845038980245590210e-01 -5.124706029891967773e-01 -6.665974855422973633e-02 -3.749608695507049561e-01 -1.668614447116851807e-01 -3.890275955200195312e-01 1.493301242589950562e-01 9.998072385787963867e-01 -8.726903200149536133e-01 9.929597377777099609e-01 -9.993541836738586426e-01 3.238372802734375000e-01 5.843254923820495605e-01 -5.332953333854675293e-01 2.437409311532974243e-01 -9.865522980690002441e-01 -1.211109682917594910e-01 4.874394237995147705e-01 -5.289203524589538574e-01 -9.278545379638671875e-01 7.698930501937866211e-01 9.899494051933288574e-01 1.578299514949321747e-02 -9.494587182998657227e-01 -4.769148528575897217e-01 8.040438890457153320e-01 1.075656786561012268e-01 2.722806632518768311e-01 -3.872502148151397705e-01 -1.272595021873712540e-02 -1.643823534250259399e-01 9.942660331726074219e-01 5.571680068969726562e-01 -5.936943888664245605e-01 -9.083253145217895508e-01 -3.427395224571228027e-01 4.923777878284454346e-01 -3.099984824657440186e-01 -9.955097436904907227e-01 -4.380142688751220703e-01 3.470574915409088135e-01 -8.124865293502807617e-01 9.856134653091430664e-01 9.069361537694931030e-02 9.342351555824279785e-01 -6.823393106460571289e-01 -2.715699672698974609e-01 -9.814997911453247070e-01 9.986352920532226562e-01 -3.121522665023803711e-01 -1.415394991636276245e-01 -9.998204708099365234e-01 7.424129545688629150e-02 -5.745813846588134766e-01 -6.041067838668823242e-01 5.580263137817382812e-01 7.640458345413208008e-01 9.252548217773437500e-01 2.876725494861602783e-01 4.062581360340118408e-01 -9.919513463973999023e-01 9.547645449638366699e-01 -9.906786084175109863e-01 2.414240092039108276e-01 2.214149981737136841e-01 9.985507726669311523e-01 2.652879357337951660e-01 -4.853262305259704590e-01 8.829250931739807129e-01 2.906052768230438232e-01 5.851302742958068848e-01 -9.848445057868957520e-01 9.614911675453186035e-01 7.875137329101562500e-01 -4.308406636118888855e-02 -2.160631567239761353e-01 -2.606126070022583008e-01 9.722602963447570801e-01 -1.788105070590972900e-01 5.034856796264648438e-01 -4.089618325233459473e-01 -9.682356715202331543e-01 -9.848641157150268555e-01 -3.490420579910278320e-01 1.928112208843231201e-01 -1.178806349635124207e-01 4.985782504081726074e-01 1.604233868420124054e-02 -3.801463246345520020e-01 9.999755024909973145e-01 -1.264953017234802246e-01 -3.619579598307609558e-02 -5.509954690933227539e-01 9.950237274169921875e-01 7.289941906929016113e-01 3.236538469791412354e-01 -9.090619087219238281e-01 -9.072181582450866699e-01 -9.911444187164306641e-01 7.995873689651489258e-01 3.886906206607818604e-01 -7.691820263862609863e-01 1.528259813785552979e-01 9.971092343330383301e-01 9.991734027862548828e-01 9.973492622375488281e-01 -3.727466464042663574e-01 8.819289803504943848e-01 -7.962251901626586914e-01 -2.553499042987823486e-01 -4.001184403896331787e-01 -8.170605897903442383e-01 4.278848469257354736e-01 7.962303608655929565e-02 9.799341559410095215e-01 -2.637454867362976074e-01 -9.898119568824768066e-01 8.403168320655822754e-01 1.498940885066986084e-01 9.861630797386169434e-01 -3.202820420265197754e-01 -9.654879570007324219e-01 -9.969336986541748047e-01 -8.864844441413879395e-01 -1.206498220562934875e-01 -3.702342808246612549e-01 -1.730244010686874390e-01 8.755871653556823730e-02 1.780248135328292847e-01 -3.407795131206512451e-01 -4.292905032634735107e-01 -1.866312772035598755e-01 9.987100958824157715e-01 9.959401488304138184e-01 1.049314960837364197e-01 -7.248497009277343750e-01 -3.530799448490142822e-01 7.254225015640258789e-02 6.149786114692687988e-01 9.918871521949768066e-01 7.370696663856506348e-01 8.968997597694396973e-01 5.297585725784301758e-01 9.925589561462402344e-01 -2.553185224533081055e-01 -9.023483991622924805e-01 -2.882612645626068115e-01 2.199476957321166992e-01 1.490146517753601074e-01 -9.183028340339660645e-01 7.473844289779663086e-01 -9.950340986251831055e-01 1.406771689653396606e-01 5.767017006874084473e-01 9.904831647872924805e-01 1.836662441492080688e-01 -4.574276879429817200e-02 -3.488332033157348633e-01 2.291609793901443481e-01 9.835628867149353027e-01 1.017403006553649902e-01 7.448269724845886230e-01 -5.918946266174316406e-01 2.242557704448699951e-01 -4.137679636478424072e-01 9.286025762557983398e-01 9.996386766433715820e-01 -9.171874523162841797e-01 8.049387931823730469e-01 9.931502938270568848e-01 2.784501612186431885e-01 9.855013489723205566e-01 2.785685062408447266e-01 4.336957037448883057e-01 4.463233351707458496e-01 -9.121455252170562744e-02 -1.915996372699737549e-01 -4.141720831394195557e-01 2.003848180174827576e-02 9.927408695220947266e-01 3.721898421645164490e-02 -4.765848219394683838e-01 -9.692522883415222168e-01 5.864548683166503906e-01 1.750887632369995117e-01 -3.043122291564941406e-01 -9.757444262504577637e-01 -1.761854588985443115e-01 -8.507131338119506836e-01 1.154147759079933167e-01 9.454025030136108398e-01 9.778307676315307617e-01 -9.980556368827819824e-01 -2.071835249662399292e-01 -6.116791814565658569e-02 9.997695088386535645e-01 -4.541889205574989319e-02 -9.641485810279846191e-01 9.988589286804199219e-01 -7.284391522407531738e-01 -9.866804480552673340e-01 9.171747565269470215e-01 3.963045179843902588e-01 8.642579317092895508e-01 1.613149046897888184e-01 -6.749128699302673340e-01 -5.761096477508544922e-01 8.320885300636291504e-01 9.348399639129638672e-01 5.306285619735717773e-01 4.984800145030021667e-02 1.685655489563941956e-02 8.879416435956954956e-02 -9.983295202255249023e-01 -9.999322295188903809e-01 -9.918266534805297852e-01 1.553492993116378784e-01 4.154361188411712646e-01 -4.509420096874237061e-01 9.812032580375671387e-01 -9.992914199829101562e-01 -1.735860407352447510e-01 9.963495731353759766e-01 1.052826046943664551e-01 9.610249400138854980e-01 9.879943132400512695e-01 -9.962183833122253418e-01 -7.798914909362792969e-01 9.836578369140625000e-01 -2.462800145149230957e-01 2.015500701963901520e-02 4.420853555202484131e-01 9.977298974990844727e-01 7.468926906585693359e-01 1.908609271049499512e-01 -1.922952756285667419e-02 -2.533481121063232422e-01 3.813463151454925537e-01 9.967533349990844727e-01 8.180064558982849121e-01 -3.284116089344024658e-01 -1.394590735435485840e-01 3.187265098094940186e-01 3.084321916103363037e-01 9.911960363388061523e-01 7.791531831026077271e-02 -8.995088338851928711e-01 -4.681415855884552002e-01 -6.720918416976928711e-01 -1.005936190485954285e-01 -5.792204737663269043e-01 -8.392167687416076660e-01 9.468811750411987305e-01 -9.953576326370239258e-01 -6.506112217903137207e-01 9.989342093467712402e-01 1.143031939864158630e-01 8.778488636016845703e-02 1.984349936246871948e-01 1.229870971292257309e-02 4.739476740360260010e-01 2.815521955490112305e-01 -8.961247205734252930e-01 -9.691700935363769531e-01 5.861892700195312500e-01 9.328300356864929199e-01 -2.103581652045249939e-02 -3.824538588523864746e-01 9.867756366729736328e-01 -9.844844937324523926e-01 8.679928183555603027e-01 9.408190846443176270e-01 9.997029900550842285e-01 -8.758088946342468262e-02 9.783354997634887695e-01 6.336696743965148926e-01 1.011781617999076843e-01 1.422714591026306152e-01 -2.661946415901184082e-01 9.937950372695922852e-01 1.608677059412002563e-01 -4.742428064346313477e-01 -2.431727200746536255e-01 -3.725675642490386963e-01 7.053981535136699677e-03 -9.501671791076660156e-01 -9.919785261154174805e-01 -4.627583622932434082e-01 -4.571356251835823059e-02 4.265432059764862061e-01 -9.809867143630981445e-01 -9.920695424079895020e-01 -3.070037662982940674e-01 3.593214154243469238e-01 3.177361488342285156e-01 -1.630142778158187866e-01 9.238715767860412598e-01 -4.624728560447692871e-01 2.922518551349639893e-01 4.206191897392272949e-01 -9.998605847358703613e-01 3.562762439250946045e-01 1.462121158838272095e-01 -1.372348070144653320e-01 -2.385233640670776367e-01 5.532976388931274414e-01 2.972131827846169472e-03 -9.908732771873474121e-01 4.313701391220092773e-02 9.978983402252197266e-01 -5.530840158462524414e-01 5.371044874191284180e-01 -1.224293932318687439e-01 9.080689549446105957e-01 -3.364986479282379150e-01 -6.824840307235717773e-01 9.980041384696960449e-01 -9.994879961013793945e-01 -3.255718350410461426e-01 -3.614738211035728455e-02 -1.056211367249488831e-01 -1.675629317760467529e-01 -7.102683782577514648e-01 9.806457161903381348e-01 -1.462697982788085938e-01 1.706188917160034180e-02 8.928316831588745117e-02 9.630146026611328125e-01 -2.590522170066833496e-01 8.016362786293029785e-01 -9.370735883712768555e-01 -9.714404940605163574e-01 -4.606612622737884521e-01 2.738666906952857971e-02 -3.498349711298942566e-02 -9.784829616546630859e-01 -9.237204790115356445e-01 -9.995948672294616699e-01 2.101179659366607666e-01 3.622839748859405518e-01 4.513889253139495850e-01 2.605443298816680908e-01 8.869308829307556152e-01 -4.128226041793823242e-01 -9.494259357452392578e-01 -4.248946011066436768e-01 8.515750765800476074e-01 -3.041520416736602783e-01 9.215608835220336914e-01 4.232827126979827881e-01 -9.511464834213256836e-01 -1.666034460067749023e-01 -4.913500323891639709e-02 3.202088773250579834e-01 5.885485559701919556e-03 3.923420310020446777e-01 -9.969370365142822266e-01 8.832932710647583008e-01 -9.999760389328002930e-01 -9.926250576972961426e-01 -8.648929744958877563e-02 -9.653819203376770020e-01 -9.395616054534912109e-01 1.107265874743461609e-01 -2.154222577810287476e-01 -2.464622259140014648e-01 -9.776773452758789062e-01 -9.727272987365722656e-01 5.350161790847778320e-01 -9.959529638290405273e-01 -9.911376237869262695e-01 -9.662275314331054688e-01 3.724430501461029053e-01 -1.729063689708709717e-01 8.738023787736892700e-02 1.331266760826110840e-01 -4.041654169559478760e-01 -2.680261731147766113e-01 9.939076900482177734e-01 3.853994011878967285e-01 8.288370966911315918e-01 1.072739735245704651e-01 4.499493911862373352e-02 -3.158938586711883545e-01 9.931669831275939941e-01 -7.327516078948974609e-01 6.011320948600769043e-01 -9.980231523513793945e-01 4.451821744441986084e-01 9.949378967285156250e-01 9.969485998153686523e-01 9.253982901573181152e-01 9.372527003288269043e-01 -2.684003710746765137e-01 -2.492176145315170288e-01 4.075738489627838135e-01 7.814137339591979980e-01 9.484502077102661133e-01 2.634863853454589844e-01 5.829435586929321289e-01 -9.973455071449279785e-01 -9.864526391029357910e-01 1.996005773544311523e-01 -9.919303059577941895e-01 9.446779489517211914e-01 9.394523501396179199e-02 3.373783528804779053e-01 1.996924579143524170e-01 1.927286684513092041e-01 -2.885632216930389404e-01 -9.180121421813964844e-01 -9.113542437553405762e-01 4.771199077367782593e-02 -2.077779769897460938e-01 -1.804509013891220093e-01 -4.569132924079895020e-01 -9.999899864196777344e-01 -9.619535207748413086e-01 -5.990659594535827637e-01 -1.516822129487991333e-01 -2.519913911819458008e-01 -8.156601339578628540e-02 2.681339681148529053e-01 5.345173478126525879e-01 9.999628663063049316e-01 -9.978644251823425293e-01 -9.327834844589233398e-02 9.810843318700790405e-02 4.656329005956649780e-02 1.014993637800216675e-01 -9.972418546676635742e-01 -3.677195310592651367e-01 9.404259920120239258e-01 4.897401630878448486e-01 1.766832619905471802e-01 -3.913430273532867432e-01 -2.322843223810195923e-01
-3.653335571289062500e-02 9.602585434913635254e-01 -1.884187608957290649e-01 3.072833120822906494e-01 -6.252670288085937500e-02 9.900646209716796875e-01 9.754073023796081543e-01 -9.724964499473571777e-01 -1.036068350076675415e-01 -9.838184118270874023e-01 3.531642854213714600e-01 -9.870383739471435547e-01 2.828812599182128906e-01 -5.390962958335876465e-01 -1.694751679897308350e-01 -1.146856397390365601e-01 -4.784053657203912735e-03 2.181875258684158325e-01 -5.569795966148376465e-01 -2.093268781900405884e-01 7.301081418991088867e-01 2.563300132751464844e-01 6.088510155677795410e-01 6.150407791137695312e-01 9.979095458984375000e-01 9.990350008010864258e-01 -2.158095240592956543e-01 -1.241399906575679779e-02 -8.635698258876800537e-02 -5.474678277969360352e-01 9.806981682777404785e-01 8.658074587583541870e-02 6.973132491111755371e-03 1.937021464109420776e-01 -9.935190081596374512e-01 -9.719186276197433472e-02 -6.637128591537475586e-01 -1.626871079206466675e-01 9.969267845153808594e-01 -2.290664464235305786e-01 2.960781455039978027e-01 5.606565624475479126e-02 5.376148223876953125e-01 -9.895770549774169922e-01 1.619509309530258179e-01 5.907646417617797852e-01 -9.967318773269653320e-01 3.584328340366482735e-03 9.880914688110351562e-01 -4.590231180191040039e-02 9.984357357025146484e-01 -8.958611637353897095e-02 8.895046114921569824e-01 -4.659987390041351318e-01 -3.884217739105224609e-01 -1.312279421836137772e-02 2.214355170726776123e-01 3.544299900531768799e-01 -9.997250437736511230e-01 -7.899025082588195801e-01 -1.998703181743621826e-01 -1.903729885816574097e-01 8.836944699287414551e-01 1.902989298105239868e-01 3.328720107674598694e-02 -9.986042976379394531e-01 7.863287925720214844e-01 8.808480948209762573e-02 1.284766346216201782e-01 8.163440227508544922e-01 9.936304688453674316e-01 9.991961717605590820e-01 -9.290860891342163086e-01 -9.061121940612792969e-01 -9.918696284294128418e-01 -2.704537212848663330e-01 9.465222805738449097e-02 9.120665788650512695e-01 -6.978975236415863037e-02 -2.453040704131126404e-02 -8.697190284729003906e-01 2.110131829977035522e-01 9.998989701271057129e-01 7.388833165168762207e-01 3.628698289394378662e-01 -9.958307743072509766e-01 2.074486464262008667e-01 2.296183109283447266e-01 -2.219210267066955566e-01 2.327656298875808716e-01 -7.828244566917419434e-01 -3.363475799560546875e-01 4.511964321136474609e-01 -2.115105837583541870e-01 -9.871921539306640625e-01 -7.766671180725097656e-01 9.878897070884704590e-01 2.072457820177078247e-01 -6.140369176864624023e-01 -4.899353682994842529e-01 9.368872642517089844e-01 -9.703517556190490723e-01 -8.073961138725280762e-01 -1.658293753862380981e-01 -3.091412186622619629e-01 -2.411405369639396667e-02 9.587460756301879883e-01 6.903020143508911133e-01 -4.863221049308776855e-01 -8.304799199104309082e-01 -4.758791998028755188e-02 3.541168868541717529e-01 9.612937569618225098e-01 -8.784772157669067383e-01 7.284229993820190430e-02 1.666366457939147949e-01 -9.694356322288513184e-01 -7.963028550148010254e-01 7.677038013935089111e-02 9.916834235191345215e-01 -9.121354222297668457e-01 -1.341195702552795410e-01 -9.190793633460998535e-01 6.361396908760070801e-01 -2.292532324790954590e-01 -1.581154167652130127e-01 -9.811896085739135742e-01 1.891629844903945923e-01 -2.786224186420440674e-01 -5.725586414337158203e-01 6.498050689697265625e-01 9.996502995491027832e-01 9.979835748672485352e-01 9.829321503639221191e-02 2.197336703538894653e-01 -9.376221299171447754e-01 9.911513924598693848e-01 -9.543610215187072754e-01 6.212888956069946289e-01 3.651384115219116211e-01 9.999898672103881836e-01 4.230746626853942871e-01 -2.114419341087341309e-01 -3.869753479957580566e-01 -9.336036629974842072e-03 5.074527263641357422e-01 -7.894864678382873535e-01 9.908886551856994629e-01 -9.491053223609924316e-01 -5.641512274742126465e-01 -1.944096386432647705e-01 -9.874469041824340820e-02 6.291384696960449219e-01 1.142334416508674622e-01 -1.493512187153100967e-02 -3.059407472610473633e-01 5.088104605674743652e-01 -7.531640529632568359e-01 1.001620665192604065e-01 5.308148264884948730e-01 -8.425565063953399658e-02 -2.390805035829544067e-01 1.510146707296371460e-01 -2.598250210285186768e-01 9.996209144592285156e-01 2.838682830333709717e-01 2.182992696762084961e-01 -6.201266050338745117e-01 9.903840422630310059e-01 5.081365108489990234e-01 1.772725284099578857e-01 -9.863134622573852539e-01 -5.581689476966857910e-01 5.541561841964721680e-01 -9.156613051891326904e-02 2.936353981494903564e-01 -1.294760853052139282e-01 8.976840972900390625e-02 9.989406466484069824e-01 9.993879795074462891e-01 9.057166576385498047e-01 -2.809172272682189941e-01 9.986160993576049805e-01 -2.241859734058380127e-01 6.301112174987792969e-01 -7.774395942687988281e-01 -9.841413497924804688e-01 -7.181159853935241699e-01 3.061821758747100830e-01 9.554568529129028320e-01 1.205683350563049316e-01 -9.723311662673950195e-01 -9.846731424331665039e-01 8.188328146934509277e-02 9.729269146919250488e-01 9.882215410470962524e-02 -5.711281299591064453e-01 -7.438918352127075195e-01 2.830317020416259766e-01 3.822014108300209045e-02 2.294290065765380859e-01 -2.917546927928924561e-01 -6.642787456512451172e-01 2.311572730541229248e-01 1.081477329134941101e-01 9.739325046539306641e-01 -1.262212395668029785e-01 9.590526819229125977e-01 9.239501953125000000e-01 4.645635560154914856e-02 -9.837466478347778320e-01 9.209669828414916992e-01 -1.189633905887603760e-01 6.890293359756469727e-01 8.482512235641479492e-01 -9.854530096054077148e-01 -4.494928419589996338e-01 9.144934415817260742e-01 -3.549528419971466064e-01 6.355556100606918335e-02 -9.954587817192077637e-01 6.036338582634925842e-02 -3.174151480197906494e-01 -1.111676078289747238e-02 5.217724442481994629e-01 7.089726328849792480e-01 -9.072057008743286133e-01 2.315691113471984863e-01 -7.707923650741577148e-01 9.927746653556823730e-01 1.186843588948249817e-01 -4.278162494301795959e-02 -3.913922905921936035e-01 -1.449553994461894035e-03 9.734497666358947754e-01 3.121033608913421631e-01 -9.929572343826293945e-01 -2.633967995643615723e-01 3.627061247825622559e-01 -5.109961703419685364e-02 9.753332138061523438e-01 9.999666213989257812e-01 5.244852900505065918e-01 9.962772130966186523e-01 4.380238354206085205e-01 2.301272898912429810e-01 9.737231135368347168e-01 4.518204033374786377e-01 9.413443803787231445e-01 -2.338716536760330200e-01 1.059664040803909302e-01 4.087198674678802490e-01 -3.452511727809906006e-01 4.005944132804870605e-01 9.996014833450317383e-01 -1.073145586997270584e-02 -1.134558543562889099e-01 -9.981497526168823242e-01 -4.197397828102111816e-01 9.146301746368408203e-01 -4.210284352302551270e-01 -9.928355813026428223e-01 1.626715362071990967e-01 -9.732820987701416016e-01 1.206685081124305725e-01 9.420935511589050293e-01 9.985473155975341797e-01 -9.950940608978271484e-01 1.326209008693695068e-01 -2.905450165271759033e-01 9.986656308174133301e-01 -5.704605579376220703e-02 -9.560065269470214844e-01 9.996276497840881348e-01 -5.264158248901367188e-01 -9.966270327568054199e-01 9.838191270828247070e-01 2.263634055852890015e-01 4.748003184795379639e-01 2.457446753978729248e-01 -9.837290644645690918e-01 -9.315127730369567871e-01 7.937256097793579102e-01 9.992201924324035645e-01 9.741164445877075195e-01 -3.711763918399810791e-01 -1.906447708606719971e-01 -1.268000155687332153e-01 -9.974071979522705078e-01 -9.972681999206542969e-01 -8.958719670772552490e-02 2.011554390192031860e-01 6.629831194877624512e-01 9.684441685676574707e-01 9.828882813453674316e-01 -9.991713166236877441e-01 -2.369097322225570679e-01 8.898248076438903809e-01 2.492946982383728027e-01 9.982227087020874023e-01 9.998210668563842773e-01 -8.015686869621276855e-01 3.483648300170898438e-01 8.983494639396667480e-01 -3.213716745376586914e-01 3.292277157306671143e-01 -1.155819520354270935e-01 9.949218034744262695e-01 5.324726104736328125e-01 2.930459938943386078e-02 3.879835009574890137e-01 8.108584284782409668e-01 -1.628694823011755943e-03 9.739584922790527344e-01 9.531122446060180664e-01 1.451389342546463013e-01 -2.742964588105678558e-02 -9.813633747398853302e-03 2.379602491855621338e-01 9.871585965156555176e-01 1.075486838817596436e-01 -6.016069650650024414e-01 -2.507704496383666992e-01 2.931447327136993408e-01 -4.349375516176223755e-02 -6.851785182952880859e-01 -9.651009440422058105e-01 -2.332074344158172607e-01 -2.999590635299682617e-01 9.571448564529418945e-01 9.838052988052368164e-01 -8.757402002811431885e-02 1.777848899364471436e-01 4.287677109241485596e-01 2.627577483654022217e-01 1.845930665731430054e-01 3.951026499271392822e-01 -6.984278559684753418e-01 -6.005216836929321289e-01 1.917987465858459473e-01 9.794588685035705566e-01 -1.276179403066635132e-02 4.587062075734138489e-02 9.983854889869689941e-01 -9.200744032859802246e-01 5.553300976753234863e-01 1.110150888562202454e-01 9.994491338729858398e-01 -9.062493592500686646e-02 9.174302220344543457e-01 5.713949799537658691e-01 -1.210397034883499146e-01 7.793143391609191895e-01 -2.259934544563293457e-01 -4.117246568202972412e-01 1.844023019075393677e-01 -9.711470007896423340e-01 -1.393774896860122681e-01 -4.455766975879669189e-01 -1.821969896554946899e-01 -9.945651888847351074e-01 5.080752968788146973e-01 -4.207631945610046387e-01 1.063881590962409973e-01 8.833155035972595215e-02 -9.985586404800415039e-01 5.279819965362548828e-01 2.067200690507888794e-01 1.247431039810180664e-01 -9.373703598976135254e-02 1.651660203933715820e-01 9.808838367462158203e-01 2.189259380102157593e-01 3.720688819885253906e-01 6.366741061210632324e-01 -9.917154312133789062e-01 4.958619475364685059e-01 2.197333797812461853e-02 1.043228432536125183e-01 -8.637333661317825317e-02 9.489276409149169922e-01 -1.392725408077239990e-01 -9.972115755081176758e-01 4.060336649417877197e-01 9.932206869125366211e-01 -7.211819291114807129e-01 4.186730980873107910e-01 -2.063583582639694214e-01 9.170833826065063477e-01 9.396290034055709839e-02 -4.086165130138397217e-01 9.987592697143554688e-01 -9.983333945274353027e-01 -3.592028021812438965e-01 -5.438801050186157227e-01 -3.508747816085815430e-01 -2.538455426692962646e-01 -7.811464071273803711e-01 9.954271912574768066e-01 2.772381529211997986e-02 1.264894008636474609e-01 -9.877103567123413086e-01 -5.278114676475524902e-01 -5.712662935256958008e-01 9.979351162910461426e-01 5.364077091217041016e-01 5.911468863487243652e-01 -1.033434867858886719e-01 2.470898628234863281e-01 -9.872431755065917969e-01 -3.263424932956695557e-01 -4.935059547424316406e-01 -9.994993209838867188e-01 1.992474794387817383e-01 -5.707994699478149414e-01 5.231893062591552734e-01 1.986993700265884399e-01 -7.019693255424499512e-01 -8.480495214462280273e-01 -9.950993061065673828e-01 -3.317966759204864502e-01 3.653648793697357178e-01 -6.118757277727127075e-02 7.913241386413574219e-01 3.373967111110687256e-01 -9.980625510215759277e-01 2.825221419334411621e-02 1.282923072576522827e-01 3.298109769821166992e-02 3.035926818847656250e-01 2.774142324924468994e-01 -7.665047645568847656e-01 9.736118316650390625e-01 -9.996264576911926270e-01 -9.198095798492431641e-01 2.448746114969253540e-01 -8.134636282920837402e-01 3.815560936927795410e-01 1.905114650726318359e-01 -1.889342963695526123e-01 1.910683363676071167e-01 -9.954386353492736816e-01 -9.639596343040466309e-01 1.162786334753036499e-01 -9.995598196983337402e-01 -9.990267753601074219e-01 -9.986694455146789551e-01 2.366764396429061890e-01 -4.528650939464569092e-01 1.919633150100708008e-01 2.459464371204376221e-01 1.960809230804443359e-01 3.955276906490325928e-01 9.877988696098327637e-01 3.258287608623504639e-01 9.962127208709716797e-01 3.869400322437286377e-01 -3.426653742790222168e-01 -6.244867444038391113e-01 9.708839058876037598e-01 -1.048116236925125122e-01 1.285707298666238785e-02 -9.990211725234985352e-01 2.187178283929824829e-01 3.145938217639923096e-01 9.958443641662597656e-01 8.124089241027832031e-01 9.894049763679504395e-01 -9.901442527770996094e-01 -2.968179583549499512e-01 1.948496699333190918e-01 8.113734126091003418e-01 -3.949778974056243896e-01 5.064726993441581726e-02 1.239721253514289856e-01 -9.694648385047912598e-01 -9.866743087768554688e-01 4.620296955108642578e-01 -9.952364563941955566e-01 9.580067396163940430e-01 1.223761122673749924e-02 3.585465848445892334e-01 1.225277483463287354e-01 1.257477253675460815e-01 3.648830950260162354e-01 -9.507123231887817383e-01 -9.758468866348266602e-01 -5.368189811706542969e-01 -1.480469107627868652e-01 -3.127470910549163818e-01 -1.913677304983139038e-01 -9.999969005584716797e-01 -9.943466186523437500e-01 -9.036998748779296875e-01 1.818086802959442139e-01 -3.843460977077484131e-01 -3.403032198548316956e-02 6.520682573318481445e-01 -9.882594347000122070e-01 9.997857213020324707e-01 -9.978364706039428711e-01 -2.629874050617218018e-01 2.387457787990570068e-01 -2.429153472185134888e-01 -2.548917531967163086e-01 -8.753278851509094238e-01 8.456935286521911621e-01 -6.373559832572937012e-01 3.423031270503997803e-01 -1.268617957830429077e-01 -2.470233738422393799e-01 -9.263802766799926758e-01
6.956737041473388672e-01 8.206724524497985840e-01 -4.419149458408355713e-02 8.554725348949432373e-02 -6.538773179054260254e-01 -8.465965986251831055e-01 9.981414675712585449e-01 -9.917201995849609375e-01 -1.865413039922714233e-01 -8.224565386772155762e-01 1.196957472711801529e-02 2.088731080293655396e-01 9.785246849060058594e-01 -9.911440014839172363e-01 -5.489648580551147461e-01 2.840562351047992706e-02 -1.450709253549575806e-01 -1.860615611076354980e-01 -5.774324536323547363e-01 -3.503028452396392822e-01 2.109181284904479980e-01 1.566845625638961792e-01 -8.805392384529113770e-01 -6.973056793212890625e-01 9.731140732765197754e-01 7.432684302330017090e-01 3.073180615901947021e-01 -4.368264675140380859e-01 2.196409106254577637e-01 9.917733669281005859e-01 -2.172985225915908813e-01 1.121672540903091431e-01 4.499563276767730713e-01 2.050730139017105103e-01 -7.369986772537231445e-01 -9.307222068309783936e-02 -6.889766454696655273e-01 -3.728600740432739258e-01 -3.904813528060913086e-02 7.253226637840270996e-02 -6.150046736001968384e-02 -8.742052316665649414e-02 3.386574983596801758e-01 -6.371872425079345703e-01 4.635091125965118408e-01 9.091210961341857910e-01 -6.414526700973510742e-01 -6.201651692390441895e-02 6.401379704475402832e-01 -6.854045670479536057e-03 9.471073746681213379e-01 2.041202411055564880e-02 8.045206665992736816e-01 4.336223006248474121e-02 -5.808948874473571777e-01 6.241931393742561340e-02 -2.453762739896774292e-01 -3.722016811370849609e-01 -9.986649751663208008e-01 -9.873814582824707031e-01 1.309002041816711426e-01 7.440431416034698486e-02 9.808958768844604492e-01 7.664068043231964111e-02 -1.125574931502342224e-01 -9.631104469299316406e-01 -8.319591283798217773e-01 7.825254201889038086e-01 -1.641945540904998779e-02 6.074253097176551819e-02 1.958688050508499146e-01 9.887498021125793457e-01 -5.058576464653015137e-01 -9.725726842880249023e-01 3.206969201564788818e-01 -3.954674601554870605e-01 -1.712428331375122070e-01 -7.018931955099105835e-02 3.383250907063484192e-02 -2.872179448604583740e-01 -9.833538532257080078e-01 2.324393987655639648e-01 9.981492757797241211e-01 -5.054649710655212402e-01 9.692614674568176270e-01 -8.300837278366088867e-01 -8.794546872377395630e-02 1.508487388491630554e-02 -1.198402494192123413e-01 1.319795101881027222e-01 -9.392385482788085938e-01 -3.790523111820220947e-01 5.586116909980773926e-01 -9.867311716079711914e-01 -7.868173718452453613e-01 3.118327856063842773e-01 4.950795769691467285e-01 1.310569345951080322e-01 6.359061002731323242e-01 -2.299956232309341431e-01 -9.383952617645263672e-01 -7.224195003509521484e-01 -1.208544075489044189e-01 -6.151164695620536804e-02 1.676807366311550140e-02 -2.903936505317687988e-01 9.914535880088806152e-01 3.346750140190124512e-01 -2.906427681446075439e-01 -4.170987606048583984e-01 -2.311842329800128937e-02 8.463092148303985596e-02 8.647028207778930664e-01 -9.703651070594787598e-01 -1.137364208698272705e-01 1.332578361034393311e-01 -2.726654708385467529e-01 4.554963409900665283e-01 -1.605536043643951416e-01 9.947018623352050781e-01 -9.435237050056457520e-01 -2.461706995964050293e-01 -9.242541790008544922e-01 9.979019165039062500e-01 -3.877255320549011230e-01 -2.916206046938896179e-02 2.646932303905487061e-01 -8.966188132762908936e-02 -4.368071556091308594e-01 -4.231655001640319824e-01 3.417086005210876465e-01 9.942137598991394043e-01 7.458538413047790527e-01 1.308065950870513916e-01 4.907355010509490967e-01 -9.903040528297424316e-01 9.982724785804748535e-01 -9.834591150283813477e-01 -1.190969496965408325e-01 1.540820300579071045e-01 9.991781115531921387e-01 2.603165805339813232e-01 -2.760083377361297607e-01 -3.846261799335479736e-01 -1.696441173553466797e-01 -7.476616501808166504e-01 -2.127878069877624512e-01 4.928260147571563721e-01 3.073630034923553467e-01 1.797586493194103241e-02 -9.046079590916633606e-03 -1.241524592041969299e-01 8.363630771636962891e-01 -2.702187597751617432e-01 -4.452504590153694153e-02 -6.814700365066528320e-02 -9.785437583923339844e-01 5.090288519859313965e-01 -3.151013255119323730e-01 -4.678244143724441528e-02 -2.452768385410308838e-01 2.127854675054550171e-01 4.076784849166870117e-02 -8.472982645034790039e-01 9.995790719985961914e-01 2.031616866588592529e-02 -4.247709214687347412e-01 -2.113731056451797485e-01 9.902594685554504395e-01 9.366586208343505859e-01 1.593986153602600098e-01 -9.659209847450256348e-01 -8.826155066490173340e-01 -9.909791946411132812e-01 7.327168583869934082e-01 2.291493862867355347e-01 -8.276450634002685547e-01 -2.385845780372619629e-02 9.980500936508178711e-01 9.940270185470581055e-01 9.615622162818908691e-01 -2.435842305421829224e-01 8.752889633178710938e-01 -9.749546647071838379e-01 5.575779676437377930e-01 -9.278584122657775879e-01 -3.456878364086151123e-01 9.655306488275527954e-02 1.998104304075241089e-01 -2.646329104900360107e-01 2.743655741214752197e-01 -9.895710349082946777e-01 -9.941983819007873535e-01 1.784998178482055664e-01 9.390223622322082520e-01 2.644748687744140625e-01 -9.757943153381347656e-01 -9.757447838783264160e-01 -4.470377415418624878e-02 3.530738353729248047e-01 -3.089206218719482422e-01 -1.802097707986831665e-01 5.185384154319763184e-01 1.238557472825050354e-01 1.871738880872726440e-01 5.625111460685729980e-01 -2.297198176383972168e-01 9.649301171302795410e-01 8.261179327964782715e-01 -4.529173672199249268e-01 -1.642884165048599243e-01 -6.397903561592102051e-01 1.632169485092163086e-01 -2.185158245265483856e-02 9.440463185310363770e-01 -9.431594610214233398e-01 9.567564725875854492e-01 6.151874661445617676e-01 9.874832630157470703e-01 -3.486813604831695557e-01 -8.693916201591491699e-01 -4.134686887264251709e-01 -3.497495055198669434e-01 7.042943239212036133e-01 3.491320013999938965e-01 9.822332262992858887e-01 -9.541290402412414551e-01 1.829631626605987549e-01 -9.714030623435974121e-01 9.941139221191406250e-01 5.825458765029907227e-01 -1.053878143429756165e-01 -3.862721025943756104e-01 2.883681654930114746e-01 9.594368338584899902e-01 1.969873160123825073e-01 -5.037806630134582520e-01 -4.336197972297668457e-01 9.534400701522827148e-02 5.465840920805931091e-02 9.104668498039245605e-01 9.998951554298400879e-01 -4.544434249401092529e-01 9.753559231758117676e-01 9.804351329803466797e-01 1.489904429763555527e-02 8.773352503776550293e-01 -3.020433336496353149e-02 -6.807447075843811035e-01 7.892115414142608643e-02 1.558893471956253052e-01 1.027839854359626770e-01 -2.753580808639526367e-01 4.656200408935546875e-01 9.876558184623718262e-01 -2.587708532810211182e-01 -3.575978875160217285e-01 -9.972783923149108887e-01 7.725658267736434937e-02 -5.244903564453125000e-01 1.971380412578582764e-01 -9.043732881546020508e-01 -4.619536548852920532e-02 -8.881800174713134766e-01 1.095126494765281677e-01 9.745993018150329590e-01 8.451662063598632812e-01 -8.776765465736389160e-01 1.756494343280792236e-01 3.063210286200046539e-02 9.965568184852600098e-01 -3.393080532550811768e-01 -1.756679266691207886e-01 8.796758055686950684e-01 -5.697014331817626953e-01 -9.453980922698974609e-01 7.395946383476257324e-01 3.787740767002105713e-01 5.962997674942016602e-01 1.125512495636940002e-01 -9.274318814277648926e-01 -9.589361548423767090e-01 9.651733636856079102e-01 9.299269318580627441e-01 3.089393377304077148e-01 -1.496423780918121338e-01 -2.312558144330978394e-01 4.826659262180328369e-01 -9.870379567146301270e-01 -9.937161803245544434e-01 -5.100221373140811920e-03 1.898993402719497681e-01 -1.584372073411941528e-01 -5.805686712265014648e-01 9.773474335670471191e-01 -8.280416131019592285e-01 -5.077027082443237305e-01 5.089974999427795410e-01 9.979694150388240814e-03 9.960215091705322266e-01 9.965497255325317383e-01 -9.589959979057312012e-01 -5.047910809516906738e-01 9.781020879745483398e-01 -1.047730743885040283e-01 7.636049389839172363e-01 1.160825118422508240e-01 8.516253232955932617e-01 -2.580708265304565430e-02 1.546295434236526489e-01 -9.618032723665237427e-02 7.516323328018188477e-01 3.466820716857910156e-01 9.382618069648742676e-01 9.651827812194824219e-01 1.088891550898551941e-01 -2.280037291347980499e-02 -1.858050376176834106e-01 5.125513076782226562e-01 9.986270666122436523e-01 3.334279060363769531e-01 6.289342045783996582e-01 -4.377450644969940186e-01 -1.302255094051361084e-01 -1.331038177013397217e-01 -4.273428320884704590e-01 -9.927643537521362305e-01 1.368843615055084229e-01 -9.816491603851318359e-01 5.017726421356201172e-01 9.041047692298889160e-01 1.277548521757125854e-01 6.066506728529930115e-02 -7.899390459060668945e-01 -1.436226367950439453e-01 1.761215031147003174e-01 3.947013914585113525e-01 5.493604540824890137e-01 -9.916700720787048340e-01 1.239554509520530701e-01 8.537899255752563477e-01 -1.679511964321136475e-01 -1.055866703391075134e-01 9.440656304359436035e-01 -6.137552261352539062e-01 -3.044950366020202637e-01 7.895314097404479980e-01 9.990869760513305664e-01 5.507406592369079590e-02 9.775464534759521484e-01 2.335441559553146362e-01 1.987528428435325623e-02 -1.035312041640281677e-01 1.452080607414245605e-01 9.894751310348510742e-01 -2.816508412361145020e-01 7.128042578697204590e-01 -3.560344278812408447e-01 -3.784976303577423096e-01 1.887786537408828735e-01 -9.887781143188476562e-01 -9.888570308685302734e-01 6.374994758516550064e-03 2.458510175347328186e-02 2.162102609872817993e-01 -9.516384005546569824e-01 -9.922540783882141113e-01 -2.626811563968658447e-01 1.478451490402221680e-01 4.951853454113006592e-01 -3.242453038692474365e-01 9.858183264732360840e-01 -2.548097372055053711e-01 3.808850646018981934e-01 -9.031192064285278320e-01 -9.956974387168884277e-01 -1.093590781092643738e-01 1.623010933399200439e-01 -3.647149503231048584e-01 -2.535118721425533295e-02 7.181580066680908203e-01 2.683697342872619629e-01 -9.142330884933471680e-01 3.192315697669982910e-01 9.930698275566101074e-01 8.357393145561218262e-01 6.836121082305908203e-01 -1.459694206714630127e-01 9.948266744613647461e-01 1.851931363344192505e-01 -3.856512010097503662e-01 9.046629667282104492e-01 -9.901564717292785645e-01 -1.696289926767349243e-01 1.848475188016891479e-01 -1.855764240026473999e-01 -8.834777772426605225e-02 -4.879673421382904053e-01 9.951575994491577148e-01 -2.152415178716182709e-02 1.605853289365768433e-01 -2.518640160560607910e-01 9.491274952888488770e-01 -4.277612864971160889e-01 4.358603656291961670e-01 -9.786975383758544922e-01 -9.803117513656616211e-01 1.905460357666015625e-01 6.497173570096492767e-03 -9.360938668251037598e-01 -6.573612093925476074e-01 8.830332756042480469e-01 -7.850613594055175781e-01 -6.149800494313240051e-02 2.056726515293121338e-01 -4.343003407120704651e-02 1.463315933942794800e-01 -1.756608635187149048e-01 -1.692607849836349487e-01 -9.491553902626037598e-01 1.088235601782798767e-01 7.617289423942565918e-01 2.350541800260543823e-01 9.972697496414184570e-01 1.530191451311111450e-01 -3.204377591609954834e-01 1.114314720034599304e-01 3.052746951580047607e-01 3.587373495101928711e-01 1.581876724958419800e-01 5.091162919998168945e-01 -9.900212287902832031e-01 -5.457047820091247559e-01 -9.990979433059692383e-01 -8.897133469581604004e-01 -9.411820024251937866e-02 -9.449501633644104004e-01 -7.188826203346252441e-01 -7.006026059389114380e-02 -3.333579897880554199e-01 2.050396502017974854e-01 -9.360123276710510254e-01 -9.923511743545532227e-01 1.624529808759689331e-01 -9.962560534477233887e-01 -8.195769190788269043e-01 -8.407044410705566406e-01 -6.092434003949165344e-02 -4.719468951225280762e-01 9.646788239479064941e-02 4.582597017288208008e-01 -2.524809539318084717e-01 -3.890461102128028870e-02 -1.656105071306228638e-01 3.198783695697784424e-01 9.981650710105895996e-01 7.901763916015625000e-02 3.192400932312011719e-01 -7.706644386053085327e-02 9.991631507873535156e-01 -7.260977625846862793e-01 1.457610577344894409e-01 -9.683488011360168457e-01 2.673953473567962646e-01 9.749341607093811035e-01 9.864778518676757812e-01 9.508246183395385742e-01 9.984051585197448730e-01 -9.934424161911010742e-01 -6.226667016744613647e-02 2.538198232650756836e-01 -4.502702653408050537e-01 7.702890634536743164e-01 4.280186071991920471e-02 1.162007376551628113e-01 -9.542946219444274902e-01 -9.379334449768066406e-01 3.247135877609252930e-01 -9.986618161201477051e-01 9.952687025070190430e-01 3.271855413913726807e-02 2.597695216536521912e-02 2.509659826755523682e-01 2.909732758998870850e-01 2.702662646770477295e-01 -8.130899071693420410e-01 -9.743300676345825195e-01 -1.537004709243774414e-01 -3.805820345878601074e-01 -2.283833622932434082e-01 -4.238961637020111084e-01 -9.999585151672363281e-01 -8.212134838104248047e-01 -9.111998677253723145e-01 3.404513746500015259e-02 -3.433676660060882568e-01 -2.260600030422210693e-01 2.277816832065582275e-01 7.908888459205627441e-01 9.861881136894226074e-01 -9.640136361122131348e-01 2.074408829212188721e-01 2.777949273586273193e-01 2.695629894733428955e-01 -3.088459968566894531e-01 -7.065413594245910645e-01 6.239020228385925293e-01 7.295614480972290039e-01 1.558092534542083740e-01 -1.557446271181106567e-01 -4.123912751674652100e-01 -5.770732760429382324e-01
-4.942078143358230591e-03 8.512155413627624512e-01 -1.954559236764907837e-01 2.497698515653610229e-01 -2.451853752136230469e-01 -9.778195023536682129e-01 9.962363243103027344e-01 -9.791854023933410645e-01 -4.837854802608489990e-01 -9.878528118133544922e-01 -2.405781894922256470e-01 -9.186946153640747070e-01 6.213212758302688599e-02 -9.502477645874023438e-01 -6.024321317672729492e-01 -2.411114126443862915e-01 2.140838205814361572e-01 -2.889219820499420166e-01 -5.204005241394042969e-01 2.621389031410217285e-01 4.232440292835235596e-01 3.978908360004425049e-01 9.667190909385681152e-01 -6.743738651275634766e-01 9.986315369606018066e-01 8.614777326583862305e-01 -5.960249304771423340e-01 -1.182257905602455139e-01 -2.971922978758811951e-02 9.965016245841979980e-01 8.619837760925292969e-01 -3.278974890708923340e-01 -1.723830252885818481e-01 -1.978850215673446655e-01 -8.565299957990646362e-02 -7.031145095825195312e-01 -3.936313390731811523e-01 -6.176950931549072266e-01 9.617742300033569336e-01 -3.200119137763977051e-01 -2.623685896396636963e-01 -1.546164602041244507e-01 4.098800420761108398e-01 -9.883561730384826660e-01 -2.898114621639251709e-01 9.911081790924072266e-01 -9.832345247268676758e-01 -6.108546853065490723e-01 8.732717037200927734e-01 -6.753770709037780762e-01 9.774579405784606934e-01 -4.013896882534027100e-01 4.621546864509582520e-01 -1.786231845617294312e-01 4.049395024776458740e-01 4.398928582668304443e-01 1.327874213457107544e-01 -3.357573151588439941e-01 -9.998465180397033691e-01 -3.180414140224456787e-01 3.078882694244384766e-01 -3.306797891855239868e-02 7.268101572990417480e-01 2.552518844604492188e-01 -2.158616483211517334e-01 -9.647905230522155762e-01 9.890975952148437500e-01 7.371405363082885742e-01 -2.040394544601440430e-01 7.901508212089538574e-01 7.056097984313964844e-01 9.994191527366638184e-01 -5.015951991081237793e-01 -9.802507162094116211e-01 -4.487486481666564941e-01 -3.317988812923431396e-01 1.587577462196350098e-01 -6.443959474563598633e-01 -3.370928391814231873e-02 -2.078095972537994385e-01 -9.825742244720458984e-01 -3.220680952072143555e-01 9.967830181121826172e-01 -7.945959568023681641e-01 9.899969100952148438e-01 -7.073886394500732422e-01 3.072282969951629639e-01 2.671752870082855225e-01 -4.977247714996337891e-01 4.173336923122406006e-01 -9.773752689361572266e-01 7.698733359575271606e-02 4.396984577178955078e-01 -7.944121360778808594e-01 -6.739442944526672363e-01 9.565753936767578125e-01 9.597597122192382812e-01 -3.499762713909149170e-01 -9.979184865951538086e-01 -1.734204441308975220e-01 -9.901897311210632324e-01 -9.906666874885559082e-01 8.724814653396606445e-01 1.393950581550598145e-01 -6.347083300352096558e-02 8.985403925180435181e-02 9.638292193412780762e-01 4.939820468425750732e-01 5.462612211704254150e-02 9.661387205123901367e-01 5.130202174186706543e-01 5.876733064651489258e-01 -9.802262187004089355e-01 -9.906125068664550781e-01 -3.800530731678009033e-01 3.530603647232055664e-01 -9.336515069007873535e-01 5.227682590484619141e-01 2.717126011848449707e-01 9.970213174819946289e-01 -8.387260437011718750e-01 -3.840577304363250732e-01 -9.334265589714050293e-01 9.920397996902465820e-01 -5.405489802360534668e-01 -3.416624665260314941e-01 -9.354062080383300781e-01 -1.017755120992660522e-01 -4.541089832782745361e-01 -1.781838983297348022e-01 9.673597812652587891e-01 9.624162912368774414e-01 9.623847007751464844e-01 4.229172766208648682e-01 6.550189852714538574e-01 -9.893415570259094238e-01 9.614653587341308594e-01 -9.939982891082763672e-01 -9.713791608810424805e-01 2.643600106239318848e-01 9.997175335884094238e-01 1.971386522054672241e-01 -3.624832630157470703e-01 9.186684489250183105e-01 3.254137933254241943e-02 5.056197643280029297e-01 -9.632526040077209473e-01 9.864172935485839844e-01 7.654325962066650391e-01 -2.010293304920196533e-01 -6.323403120040893555e-01 -3.443613350391387939e-01 8.355425000190734863e-01 -6.207910776138305664e-01 5.744828581809997559e-01 -4.838210344314575195e-01 -9.922787547111511230e-01 1.549803465604782104e-01 4.074892401695251465e-01 6.022195816040039062e-01 -1.747529357671737671e-01 1.443287637084722519e-02 -2.223480343818664551e-01 -4.331951141357421875e-01 9.999486207962036133e-01 -4.395285248756408691e-01 -6.540198326110839844e-01 -5.561233162879943848e-01 9.847471714019775391e-01 1.954836249351501465e-01 3.168865740299224854e-01 -9.760776162147521973e-01 -9.808287024497985840e-01 -9.958081245422363281e-01 2.541541159152984619e-01 1.693749576807022095e-01 8.866063356399536133e-01 4.994114488363265991e-02 9.982504844665527344e-01 9.970141649246215820e-01 8.006955385208129883e-01 -3.909993544220924377e-02 9.764299392700195312e-01 -9.751754403114318848e-01 7.486222982406616211e-01 -9.951001405715942383e-01 -9.807571172714233398e-01 8.287949562072753906e-01 6.723566651344299316e-01 9.148893952369689941e-01 7.085884213447570801e-01 -9.874598979949951172e-01 2.655341923236846924e-01 -2.251264452934265137e-01 9.938951730728149414e-01 -4.501533806324005127e-01 -8.721212744712829590e-01 -9.940005540847778320e-01 -5.746114253997802734e-01 -1.550785615108907223e-03 8.485700935125350952e-02 -5.382664203643798828e-01 5.681536197662353516e-01 2.947338223457336426e-01 2.280458956956863403e-01 -2.522926032543182373e-01 -3.920324146747589111e-01 7.565626502037048340e-01 6.076084375381469727e-01 -1.294503659009933472e-01 -2.881139516830444336e-01 2.174497768282890320e-02 -2.428805232048034668e-01 6.345307826995849609e-01 9.797939658164978027e-01 5.205650627613067627e-02 8.625375628471374512e-01 9.903057217597961426e-01 9.958609938621520996e-01 2.250455170869827271e-01 -9.284938573837280273e-01 -1.121199727058410645e-01 -2.032710909843444824e-01 5.381752252578735352e-01 -8.556283712387084961e-01 7.944915890693664551e-01 -9.919739961624145508e-01 -8.442916721105575562e-02 5.541206598281860352e-01 9.975695610046386719e-01 -3.333431184291839600e-01 3.994751870632171631e-01 -2.029432058334350586e-01 3.431312739849090576e-01 9.508983492851257324e-01 5.062658190727233887e-01 -3.834074437618255615e-01 -2.130120694637298584e-01 4.953685998916625977e-01 3.732312321662902832e-01 9.518743157386779785e-01 9.999679327011108398e-01 -8.678762912750244141e-01 8.940891623497009277e-01 9.990257620811462402e-01 2.984213829040527344e-02 9.031835198402404785e-01 -1.719636172056198120e-01 -4.672424197196960449e-01 -1.377737224102020264e-01 5.038973093032836914e-01 -2.830446362495422363e-01 -3.767403662204742432e-01 1.169238314032554626e-01 9.990999698638916016e-01 -3.867436647415161133e-01 4.851675033569335938e-02 -9.994577765464782715e-01 1.855656653642654419e-01 -3.149750083684921265e-02 -3.294634819030761719e-01 -7.232877016067504883e-01 1.430570036172866821e-01 -9.792503714561462402e-01 2.792600989341735840e-01 9.847927093505859375e-01 9.651225805282592773e-01 -9.891917109489440918e-01 -1.631128042936325073e-01 -4.692024886608123779e-01 9.776209592819213867e-01 -2.858610749244689941e-01 -9.890322089195251465e-01 9.992402791976928711e-01 -4.184872508049011230e-01 -9.307875633239746094e-01 9.654730558395385742e-01 4.825951159000396729e-01 6.826035976409912109e-01 4.881362915039062500e-01 -9.964631199836730957e-01 -9.736127257347106934e-01 9.252620935440063477e-01 9.683080911636352539e-01 9.854049086570739746e-01 -3.916819691658020020e-01 3.261877298355102539e-01 6.485651433467864990e-02 -9.979317188262939453e-01 -9.994011521339416504e-01 -9.590459465980529785e-01 7.947772741317749023e-01 4.066183865070343018e-01 -9.216246604919433594e-01 9.873175024986267090e-01 -9.799613952636718750e-01 -2.652600407600402832e-01 8.977930545806884766e-01 -5.157698392868041992e-01 9.927027225494384766e-01 9.884396791458129883e-01 -9.976208806037902832e-01 -7.075135111808776855e-01 9.589774012565612793e-01 -2.924550175666809082e-01 8.775398731231689453e-01 -3.031383752822875977e-01 6.746572852134704590e-01 2.953494153916835785e-02 3.967243731021881104e-01 -2.718729525804519653e-02 -9.573028683662414551e-01 1.304452717304229736e-01 9.813886880874633789e-01 9.651970863342285156e-01 -3.397896140813827515e-02 2.771541774272918701e-01 5.087139010429382324e-01 5.306005477905273438e-01 9.998525381088256836e-01 4.960717558860778809e-01 -9.331805109977722168e-01 -3.318260237574577332e-02 -2.192871868610382080e-01 -6.273350864648818970e-02 -2.971603870391845703e-01 -5.374414324760437012e-01 1.733979769051074982e-02 -9.942092299461364746e-01 -5.610117912292480469e-01 9.148883819580078125e-01 1.039984524250030518e-01 -9.121511131525039673e-02 -3.716551363468170166e-01 6.278818845748901367e-01 2.671306729316711426e-01 -5.179673433303833008e-01 -7.044535279273986816e-01 -9.879933595657348633e-01 1.157372258603572845e-02 9.957141876220703125e-01 -2.685346901416778564e-01 -6.156692504882812500e-01 9.744548797607421875e-01 -5.756530761718750000e-01 7.327818870544433594e-01 8.735074400901794434e-01 9.996660351753234863e-01 -7.114406675100326538e-03 8.833662867546081543e-01 6.774595975875854492e-01 -3.455980494618415833e-02 5.885307192802429199e-01 6.103498116135597229e-02 9.959402680397033691e-01 -5.048081278800964355e-02 4.653169512748718262e-01 -2.126225680112838745e-01 -5.584356188774108887e-01 8.442952483892440796e-02 -1.874098181724548340e-01 -9.946009516716003418e-01 -6.378166079521179199e-01 -4.994148313999176025e-01 -2.174434661865234375e-01 -9.731145501136779785e-01 -9.961074590682983398e-01 -2.119379043579101562e-01 5.862196087837219238e-01 7.090564370155334473e-01 -2.739606611430644989e-02 9.525838494300842285e-01 -2.804762423038482666e-01 -2.622427977621555328e-02 -1.875111609697341919e-01 -9.987015724182128906e-01 5.398558974266052246e-01 6.383381485939025879e-01 -3.466801345348358154e-01 -1.379725039005279541e-01 2.758611142635345459e-01 1.971688717603683472e-01 -9.374911189079284668e-01 5.420080423355102539e-01 9.975345730781555176e-01 2.824895679950714111e-01 3.187789022922515869e-01 -1.738008558750152588e-01 9.629746079444885254e-01 -4.086117446422576904e-01 -1.305655390024185181e-01 -9.970291852951049805e-01 -9.997882246971130371e-01 -2.827388420701026917e-02 -6.340181827545166016e-01 -4.404836893081665039e-01 1.254901289939880371e-04 -4.790549576282501221e-01 9.972599148750305176e-01 9.444025903940200806e-02 1.998757272958755493e-01 6.595126986503601074e-01 9.742928743362426758e-01 -3.782025277614593506e-01 6.759862899780273438e-01 -9.460616111755371094e-01 -9.930404424667358398e-01 -2.175374329090118408e-01 2.847519218921661377e-01 -9.994807243347167969e-01 8.609311580657958984e-01 9.998551011085510254e-01 -9.954040646553039551e-01 3.853798210620880127e-01 -1.386194024235010147e-02 6.018373370170593262e-01 3.244148492813110352e-01 -5.780477523803710938e-01 -2.906129658222198486e-01 8.431715369224548340e-01 -7.000102400779724121e-01 9.900733232498168945e-01 1.068447157740592957e-01 9.979575872421264648e-01 5.241819024085998535e-01 -8.104923963546752930e-01 -1.893320530652999878e-01 3.517923057079315186e-01 -3.069938123226165771e-01 -1.213185582309961319e-02 6.555843353271484375e-01 -9.969088435173034668e-01 8.428229689598083496e-01 -9.977348446846008301e-01 -9.303110241889953613e-01 4.077716469764709473e-01 -9.768053293228149414e-01 -8.905302286148071289e-01 3.692874014377593994e-01 -4.404563605785369873e-01 1.151694878935813904e-01 -9.786294102668762207e-01 -9.986041188240051270e-01 1.887093335390090942e-01 -6.645877361297607422e-01 -7.629945278167724609e-01 -9.990305304527282715e-01 7.267148494720458984e-01 -3.024042546749114990e-01 5.268174409866333008e-01 1.969401240348815918e-01 -2.871097922325134277e-01 3.212933987379074097e-02 5.021256804466247559e-01 6.284145116806030273e-01 9.901501536369323730e-01 3.024404346942901611e-01 -4.020928740501403809e-01 1.304104328155517578e-01 7.932923436164855957e-01 -6.999264955520629883e-01 -1.433020383119583130e-01 -9.976853132247924805e-01 2.546004652976989746e-01 9.916791319847106934e-01 9.911339282989501953e-01 6.730341911315917969e-01 9.976615309715270996e-01 -9.994240999221801758e-01 -1.466575860977172852e-01 4.147231280803680420e-01 -9.863306283950805664e-01 9.375030398368835449e-01 -3.347475826740264893e-01 5.872961878776550293e-01 -9.326654672622680664e-01 -9.093572497367858887e-01 5.806353092193603516e-01 -9.974460005760192871e-01 9.978454113006591797e-01 2.488166689872741699e-01 7.184004783630371094e-01 7.091246843338012695e-01 4.956225752830505371e-01 2.848764061927795410e-01 -9.675646424293518066e-01 -9.703390002250671387e-01 -7.695000767707824707e-01 -6.696294993162155151e-02 -4.361858069896697998e-01 1.817013621330261230e-01 -9.998897314071655273e-01 -5.017465353012084961e-01 -4.364362955093383789e-01 3.472901582717895508e-01 -2.333081811666488647e-01 1.262339055538177490e-01 3.517381250858306885e-01 -4.173587560653686523e-01 9.995118379592895508e-01 -9.869145750999450684e-01 -4.917203262448310852e-02 2.461469918489456177e-01 -2.269974350929260254e-01 1.762412302196025848e-02 -4.733105003833770752e-01 -3.116289973258972168e-01 9.625629782676696777e-01 3.634756505489349365e-01 -2.044224441051483154e-01 -7.548010349273681641e-01 -5.232689380645751953e-01
-9.957090020179748535e-01 -4.881383478641510010e-02 -1.968264728784561157e-01 1.908978521823883057e-01 -4.118151068687438965e-01 -1.075621321797370911e-01 9.896200299263000488e-01 -9.965410232543945312e-01 -2.261870056390762329e-01 -9.751875996589660645e-01 -2.064990699291229248e-01 -9.935408830642700195e-01 -9.518156051635742188e-01 -9.923853278160095215e-01 -5.215584635734558105e-01 -1.752140671014785767e-01 -1.343601942062377930e-01 -9.025268256664276123e-02 -3.487569391727447510e-01 1.239661350846290588e-01 3.831093907356262207e-01 -2.878497242927551270e-01 9.265695214271545410e-01 -4.053969681262969971e-01 9.913591146469116211e-01 9.974907636642456055e-01 -3.227145373821258545e-01 4.752621054649353027e-02 -2.266131192445755005e-01 7.033202648162841797e-01 9.973683953285217285e-01 -3.392991721630096436e-01 3.970641177147626877e-03 -2.822656929492950439e-01 -9.590443968772888184e-01 -1.060931161046028137e-01 -4.382230639457702637e-01 -3.965802490711212158e-01 9.999179244041442871e-01 -6.020284444093704224e-02 3.258262872695922852e-01 -1.350118666887283325e-01 7.438236474990844727e-02 -9.995287060737609863e-01 9.770991653203964233e-02 -2.270631678402423859e-02 -9.985072612762451172e-01 -4.105385541915893555e-01 8.983423113822937012e-01 -5.289657711982727051e-01 9.725658893585205078e-01 -1.692264676094055176e-01 9.906104207038879395e-01 -1.396172791719436646e-01 -6.904295086860656738e-01 -1.970522254705429077e-01 3.661630451679229736e-01 7.601840794086456299e-02 -9.974004626274108887e-01 -2.914731502532958984e-01 -3.629043996334075928e-01 1.542132049798965454e-01 9.799259305000305176e-01 9.393476694822311401e-02 1.192795559763908386e-01 -9.985164999961853027e-01 9.998447895050048828e-01 3.498929142951965332e-01 -1.878311783075332642e-01 9.934415221214294434e-01 9.929388165473937988e-01 9.998160004615783691e-01 -9.472967982292175293e-01 -8.659527897834777832e-01 -7.605372667312622070e-01 -1.192543357610702515e-01 8.813744783401489258e-02 -5.343021154403686523e-01 -4.752135574817657471e-01 -2.684289813041687012e-01 -9.989054799079895020e-01 -1.323162615299224854e-01 9.963445663452148438e-01 -6.592265367507934570e-01 7.991086244583129883e-01 -9.666533470153808594e-01 -1.271631289273500443e-02 3.476389050483703613e-01 -2.954714000225067139e-01 2.087292075157165527e-01 -8.566915988922119141e-01 1.914588809013366699e-01 4.729317426681518555e-01 -9.318631887435913086e-01 -9.816309809684753418e-01 9.792194962501525879e-01 9.198639988899230957e-01 2.690233662724494934e-02 -9.999906420707702637e-01 -2.188650816679000854e-01 -5.085473060607910156e-01 -4.589667916297912598e-01 -7.927640676498413086e-01 -1.326874494552612305e-01 3.139302134513854980e-01 9.632795304059982300e-02 9.791204929351806641e-01 2.671110630035400391e-01 -4.453920722007751465e-01 -7.618979215621948242e-01 1.902779042720794678e-01 -2.786719799041748047e-02 -9.739820361137390137e-01 -9.096264243125915527e-01 -1.894187629222869873e-01 2.173127084970474243e-01 -9.935319423675537109e-01 -4.724349379539489746e-01 4.199844598770141602e-01 9.535089135169982910e-01 -8.018350601196289062e-01 -1.655410230159759521e-01 -9.827358722686767578e-01 8.807485103607177734e-01 3.857231698930263519e-03 -3.554192185401916504e-01 -9.990203976631164551e-01 -3.504702150821685791e-01 -4.913605451583862305e-01 -1.767582595348358154e-01 7.192878127098083496e-01 8.907630443572998047e-01 8.911489248275756836e-01 6.772267818450927734e-02 4.093264937400817871e-01 -9.735816717147827148e-01 9.937219619750976562e-01 -9.806681275367736816e-01 -8.683880567550659180e-01 3.344685733318328857e-01 9.834973216056823730e-01 5.140703320503234863e-01 2.229076623916625977e-02 9.895014762878417969e-01 -1.191074922680854797e-01 -1.527407616376876831e-01 -9.880653619766235352e-01 7.996198534965515137e-01 -3.273681104183197021e-01 -3.201181292533874512e-01 -5.077948570251464844e-01 -3.374074697494506836e-01 1.643121093511581421e-01 -4.633953869342803955e-01 1.218715906143188477e-01 -2.013030052185058594e-01 -6.679528951644897461e-01 -7.534736394882202148e-01 5.254752635955810547e-01 4.690594375133514404e-01 6.491802632808685303e-02 -1.404750943183898926e-01 -2.407213300466537476e-01 -5.123070254921913147e-02 9.999583959579467773e-01 -6.104539632797241211e-01 -3.880512714385986328e-01 -6.835415363311767578e-01 9.865217208862304688e-01 9.851812720298767090e-01 1.314729452133178711e-01 -5.479210615158081055e-01 -8.431009650230407715e-01 -6.704094409942626953e-01 -1.018597781658172607e-01 4.148685038089752197e-01 9.501358866691589355e-01 1.594409197568893433e-01 9.990528821945190430e-01 7.429068088531494141e-01 9.932962059974670410e-01 -2.019996047019958496e-01 9.235228896141052246e-01 -5.966767668724060059e-01 9.630743265151977539e-01 -9.446920752525329590e-01 -9.546833038330078125e-01 7.264057993888854980e-01 5.289473533630371094e-01 8.838289380073547363e-01 3.418293595314025879e-01 -9.642026424407958984e-01 9.957427382469177246e-01 -2.590568959712982178e-01 9.112709760665893555e-01 -5.640333294868469238e-01 -7.909929156303405762e-01 -9.450005292892456055e-01 -9.875665903091430664e-01 -2.699691653251647949e-01 -2.320803701877593994e-01 -4.184018969535827637e-01 6.701083779335021973e-01 8.226739615201950073e-02 3.400446474552154541e-01 7.165516614913940430e-01 -2.093510031700134277e-01 9.988851547241210938e-01 8.809117078781127930e-01 1.384893208742141724e-01 -9.825643897056579590e-01 -2.398128248751163483e-02 -2.814109325408935547e-01 5.226901173591613770e-01 9.058011770248413086e-01 -6.194136738777160645e-01 2.390360236167907715e-01 9.826780557632446289e-01 6.836705207824707031e-01 4.950501024723052979e-01 -2.181229740381240845e-01 5.684792995452880859e-01 -8.753079771995544434e-01 2.191868275403976440e-01 -8.854576349258422852e-01 7.282693982124328613e-01 -9.934343695640563965e-01 -3.559416234493255615e-01 8.108512163162231445e-01 9.299100637435913086e-01 -1.922151893377304077e-01 3.841749578714370728e-02 -2.280435860157012939e-01 4.978946149349212646e-01 9.691162109375000000e-01 2.026693671941757202e-01 -8.727979063987731934e-01 -2.227934747934341431e-01 3.998775184154510498e-01 -3.797132968902587891e-01 9.955493211746215820e-01 9.989706277847290039e-01 -3.230918645858764648e-01 9.557491540908813477e-01 9.362421631813049316e-01 1.985024288296699524e-02 9.546788930892944336e-01 -8.655662834644317627e-02 -9.249791502952575684e-01 7.743110507726669312e-02 3.584015965461730957e-01 -2.296365648508071899e-01 -3.916831612586975098e-01 1.166995391249656677e-01 9.997723698616027832e-01 2.078021019697189331e-01 -6.873853504657745361e-02 -9.599875807762145996e-01 -8.069602847099304199e-01 -7.587298154830932617e-01 -2.316707670688629150e-01 -7.107965350151062012e-01 2.470860183238983154e-01 6.251820921897888184e-02 -1.769385635852813721e-01 9.182767271995544434e-01 9.929304718971252441e-01 -9.999009966850280762e-01 1.082222312688827515e-01 -1.146690323948860168e-01 9.879773855209350586e-01 -4.349226653575897217e-01 -9.878874421119689941e-01 9.998593926429748535e-01 -5.067417025566101074e-01 -9.708530306816101074e-01 9.898962378501892090e-01 3.756171464920043945e-01 8.953763842582702637e-01 3.395682871341705322e-01 -9.854050278663635254e-01 -9.177684187889099121e-01 7.590682506561279297e-01 9.943697452545166016e-01 9.615219831466674805e-01 1.302393525838851929e-01 6.778147220611572266e-01 -2.671448588371276855e-01 -9.986774325370788574e-01 -9.998750686645507812e-01 -9.998993277549743652e-01 6.980805397033691406e-01 2.451559603214263916e-01 4.086878895759582520e-01 8.973463773727416992e-01 -9.862893819808959961e-01 -6.664555668830871582e-01 9.940443634986877441e-01 -2.112500816583633423e-01 9.986839294433593750e-01 9.991409182548522949e-01 -9.962345957756042480e-01 2.975074052810668945e-01 9.958174824714660645e-01 -5.553489327430725098e-01 2.009616494178771973e-01 -1.495415419340133667e-01 9.876276254653930664e-01 -2.133913040161132812e-01 1.367271691560745239e-02 1.573245972394943237e-01 -9.897993803024291992e-01 2.075010240077972412e-01 9.988422989845275879e-01 -8.632312715053558350e-02 1.153926365077495575e-02 1.872208714485168457e-01 2.492129206657409668e-01 2.486160099506378174e-01 9.985956549644470215e-01 2.148886620998382568e-01 -8.605194687843322754e-01 7.191158086061477661e-02 -4.913649857044219971e-01 -2.922021448612213135e-01 -4.745165705680847168e-01 7.203930616378784180e-02 -3.570939004421234131e-01 -8.337461948394775391e-01 1.596534997224807739e-01 9.488839507102966309e-01 -3.839770257472991943e-01 1.569723784923553467e-01 9.207396507263183594e-01 2.887597680091857910e-01 3.815166950225830078e-01 1.562720090150833130e-01 -8.787731528282165527e-01 -8.229176998138427734e-01 2.876333147287368774e-02 9.923744797706604004e-01 3.216129243373870850e-01 -4.701656699180603027e-01 8.015683889389038086e-01 -9.306955337524414062e-01 5.200370550155639648e-01 4.439620077610015869e-01 9.922094941139221191e-01 -4.746429249644279480e-02 6.486877799034118652e-01 4.359945356845855713e-01 -4.630460590124130249e-02 5.222020149230957031e-01 -2.922020852565765381e-01 6.659604907035827637e-01 1.417843252420425415e-01 1.256095170974731445e-01 2.060041949152946472e-02 -1.177423149347305298e-01 -4.639738500118255615e-01 -8.994386196136474609e-01 -6.347736716270446777e-01 -4.782051444053649902e-01 -3.275808990001678467e-01 -3.156497478485107422e-01 -6.711805462837219238e-01 -6.665202379226684570e-01 5.728223919868469238e-01 3.286248147487640381e-01 4.141439795494079590e-01 -2.117293924093246460e-01 9.469196200370788574e-01 -1.489136666059494019e-01 6.351115703582763672e-01 3.309600427746772766e-02 -9.998150467872619629e-01 1.626898795366287231e-01 3.061154186725616455e-01 1.561489701271057129e-01 1.847779303789138794e-01 5.477415919303894043e-01 3.595073521137237549e-01 -9.829385876655578613e-01 3.810530602931976318e-01 9.739583134651184082e-01 -9.273744821548461914e-01 6.076846122741699219e-01 3.094025887548923492e-03 2.574321329593658447e-01 -6.872900724411010742e-01 -4.882772862911224365e-01 1.570213139057159424e-01 -9.997206926345825195e-01 -3.253183141350746155e-02 -2.179365605115890503e-01 -3.745571076869964600e-01 7.619237899780273438e-02 -4.329942166805267334e-01 7.905678153038024902e-01 -1.029381603002548218e-01 8.909164369106292725e-02 -7.188554406166076660e-01 5.794079899787902832e-01 -1.546007692813873291e-01 9.932602643966674805e-01 -5.220067501068115234e-01 -6.299771070480346680e-01 -3.508711978793144226e-02 3.962835371494293213e-01 -9.949620962142944336e-01 6.651059389114379883e-01 8.851876854896545410e-01 -9.908201098442077637e-01 -3.556931614875793457e-01 -9.900703094899654388e-03 3.092584945261478424e-02 5.096210837364196777e-01 3.475082814693450928e-01 -7.857503890991210938e-01 8.361085653305053711e-01 -5.409350991249084473e-01 9.994187355041503906e-01 -2.274109795689582825e-02 9.689669609069824219e-01 6.224547624588012695e-01 -9.959875345230102539e-01 -3.548101782798767090e-01 1.394487023353576660e-01 1.280649472028017044e-02 -1.334161460399627686e-01 5.542981624603271484e-02 -9.923498630523681641e-01 9.378802776336669922e-01 -9.999222755432128906e-01 -8.452820181846618652e-01 3.360247015953063965e-01 -2.706748545169830322e-01 -3.095472455024719238e-01 1.142259314656257629e-02 -3.465943336486816406e-01 -2.832976877689361572e-01 -9.991239905357360840e-01 -8.236503005027770996e-01 3.420291244983673096e-01 -8.280492424964904785e-01 -9.870398640632629395e-01 -9.861823320388793945e-01 3.433859050273895264e-01 -2.751466631889343262e-01 2.232914119958877563e-01 1.520982384681701660e-01 -8.054578304290771484e-02 2.558525800704956055e-01 9.710466265678405762e-01 2.626785635948181152e-01 5.895819664001464844e-01 3.076277486979961395e-02 -1.304633319377899170e-01 -1.370041966438293457e-01 8.320745825767517090e-01 8.361332416534423828e-01 5.418289080262184143e-02 -9.994758963584899902e-01 -3.409834206104278564e-02 7.909196615219116211e-01 9.985876083374023438e-01 7.868438363075256348e-01 5.473694801330566406e-01 -9.998523592948913574e-01 -2.220444530248641968e-01 7.544594407081604004e-01 -9.995084404945373535e-01 2.383604049682617188e-01 -2.836691439151763916e-01 4.836556613445281982e-01 -9.899983406066894531e-01 -4.028459489345550537e-01 3.713746070861816406e-01 -9.963485598564147949e-01 9.789451360702514648e-01 5.613972619175910950e-02 1.503642052412033081e-01 3.035152554512023926e-01 2.812516689300537109e-01 2.393497973680496216e-01 -8.776368498802185059e-01 -2.811232209205627441e-01 -1.812226325273513794e-01 -1.311637014150619507e-01 -1.923628300428390503e-01 1.401175558567047119e-01 -9.998706579208374023e-01 -5.348379611968994141e-01 -6.589027047157287598e-01 -3.985042273998260498e-01 -5.272620320320129395e-01 -3.806771636009216309e-01 3.448874056339263916e-01 -9.779747724533081055e-01 9.997711181640625000e-01 -9.649200439453125000e-01 3.563684821128845215e-01 1.929159015417098999e-01 -3.311404287815093994e-01 4.625992774963378906e-01 -9.881153702735900879e-01 8.841982483863830566e-01 -6.266256570816040039e-01 -7.441490143537521362e-02 2.768893539905548096e-01 -2.734437584877014160e-01 -9.727733731269836426e-01
-1.141630262136459351e-01 -3.576624691486358643e-01 4.237773418426513672e-01 -1.588995903730392456e-01 -2.214532196521759033e-01 8.763415813446044922e-01 9.624393582344055176e-01 -9.993048906326293945e-01 -2.063344120979309082e-01 -5.263597369194030762e-01 -1.901753246784210205e-01 -9.832713603973388672e-01 -3.383153378963470459e-01 -9.577299356460571289e-01 -8.653932213783264160e-01 3.533999994397163391e-02 -1.285880990326404572e-02 5.348768234252929688e-01 -5.471342206001281738e-01 -1.588440239429473877e-01 2.521929740905761719e-01 1.084292083978652954e-01 8.802545070648193359e-01 -9.446927346289157867e-03 9.994367361068725586e-01 9.992584586143493652e-01 1.729239821434020996e-01 -4.423841834068298340e-01 1.657261550426483154e-01 9.153519272804260254e-01 9.997799396514892578e-01 -9.748524427413940430e-02 2.345692962408065796e-01 -2.762621939182281494e-01 -8.890636563301086426e-01 -1.742584854364395142e-01 -1.396932452917098999e-01 -1.233894750475883484e-01 9.965936541557312012e-01 -2.046340703964233398e-01 -1.564581841230392456e-01 -4.519136846065521240e-01 1.600841879844665527e-01 -9.802999496459960938e-01 -2.083851248025894165e-01 9.828921556472778320e-01 -9.936134219169616699e-01 -4.778228402137756348e-01 7.195497155189514160e-01 -4.762547463178634644e-02 7.309905886650085449e-01 9.709831327199935913e-03 9.979985952377319336e-01 -5.190543532371520996e-01 -2.931097149848937988e-01 5.024481415748596191e-01 4.022347331047058105e-01 -3.939983546733856201e-01 -9.717659950256347656e-01 4.518696963787078857e-01 -1.443989872932434082e-01 -2.605329155921936035e-01 6.583099961280822754e-01 2.036229521036148071e-01 1.849681884050369263e-01 -9.269872903823852539e-01 9.991334676742553711e-01 3.800116777420043945e-01 4.603295922279357910e-01 9.961513280868530273e-01 9.879747629165649414e-01 9.998930096626281738e-01 -8.377757668495178223e-01 -2.074129730463027954e-01 -9.794294238090515137e-01 9.983942657709121704e-02 1.405373066663742065e-01 -2.475037723779678345e-01 -4.430731534957885742e-01 -6.555423140525817871e-02 -9.984012246131896973e-01 -1.393385976552963257e-01 9.987097978591918945e-01 -6.338583230972290039e-01 9.178804755210876465e-01 -6.291507482528686523e-01 -9.950204193592071533e-02 3.691220283508300781e-01 -4.460929930210113525e-01 -1.213285773992538452e-01 -9.156183600425720215e-01 -1.508781760931015015e-01 5.399173498153686523e-02 -9.922736287117004395e-01 -7.201045751571655273e-01 7.604783773422241211e-01 9.166369438171386719e-01 -1.888170242309570312e-01 -9.999530315399169922e-01 -2.465385645627975464e-01 -1.281162351369857788e-02 -9.629786610603332520e-01 1.486579030752182007e-01 -3.441479504108428955e-01 -7.525194436311721802e-02 -1.272490322589874268e-01 9.856616258621215820e-01 6.163350939750671387e-01 5.588039383292198181e-02 -6.937792301177978516e-01 -6.600304692983627319e-02 -3.424861133098602295e-01 -7.149113416671752930e-01 -9.665393233299255371e-01 -5.280598402023315430e-01 3.696180582046508789e-01 -9.245603084564208984e-01 6.565175652503967285e-01 2.134026736021041870e-01 9.774553179740905762e-01 -4.806704223155975342e-01 -1.585499644279479980e-01 -9.865075945854187012e-01 9.779315590858459473e-01 -1.634241938591003418e-01 -3.059006296098232269e-02 -9.783763289451599121e-01 -4.532001018524169922e-01 -6.428731083869934082e-01 -7.169249653816223145e-02 9.861963391304016113e-01 4.079807102680206299e-01 3.245728909969329834e-01 2.104391902685165405e-01 2.934834733605384827e-02 -9.598658084869384766e-01 9.715031385421752930e-01 -9.890353083610534668e-01 -6.187679767608642578e-01 4.834380447864532471e-01 9.845682382583618164e-01 3.478968143463134766e-01 -3.803634643554687500e-01 9.957678318023681641e-01 6.150789558887481689e-02 3.842931687831878662e-01 -8.529721498489379883e-01 9.884131550788879395e-01 1.748591363430023193e-01 -2.779725492000579834e-01 -4.370861649513244629e-01 5.077254399657249451e-02 -3.618245422840118408e-01 -2.818884551525115967e-01 2.777392566204071045e-01 -5.174735188484191895e-01 -7.916948199272155762e-01 4.479388520121574402e-02 3.828705474734306335e-02 4.619282186031341553e-01 -2.394478470087051392e-01 -1.433536410331726074e-01 1.932255225256085396e-03 -2.573648691177368164e-01 9.999766349792480469e-01 -2.491181790828704834e-01 -1.815577000379562378e-01 -6.944091320037841797e-01 9.948976039886474609e-01 9.446297883987426758e-01 3.692672029137611389e-02 6.504282951354980469e-01 -9.873376488685607910e-01 -8.798284530639648438e-01 -2.981490492820739746e-01 2.695311307907104492e-01 9.303161501884460449e-01 4.101578518748283386e-02 9.972434639930725098e-01 9.424459338188171387e-01 9.642460942268371582e-01 7.099170982837677002e-02 9.977833628654479980e-01 -8.808297514915466309e-01 9.936735630035400391e-01 -9.333295822143554688e-01 -6.534287333488464355e-01 7.927361130714416504e-01 4.857879579067230225e-01 6.986947655677795410e-01 9.664012193679809570e-01 -9.296661615371704102e-01 9.957145452499389648e-01 -1.609576791524887085e-01 9.708618521690368652e-01 -5.819557309150695801e-01 -6.004661917686462402e-01 -9.725057482719421387e-01 -9.260141253471374512e-01 -7.510080933570861816e-02 -7.944671809673309326e-02 -2.355816364288330078e-01 -5.344586968421936035e-01 2.361214011907577515e-01 1.270352751016616821e-01 -5.938899517059326172e-01 -1.871736943721771240e-01 9.668242931365966797e-01 9.594020843505859375e-01 2.011506110429763794e-01 -8.075995445251464844e-01 -4.361555874347686768e-01 3.824221193790435791e-01 3.671999573707580566e-01 9.460504651069641113e-01 -8.539558053016662598e-01 5.523529052734375000e-01 9.748277664184570312e-01 8.965796232223510742e-01 -3.721946775913238525e-01 8.180182576179504395e-01 9.692967683076858521e-02 -8.580561876296997070e-01 1.096521764993667603e-01 -9.752225279808044434e-01 -3.887489438056945801e-01 -9.943984746932983398e-01 -4.460303783416748047e-01 -1.493153423070907593e-01 3.304021954536437988e-01 1.195958033204078674e-01 4.223345220088958740e-02 -2.261165156960487366e-02 3.488185107707977295e-01 9.888641834259033203e-01 -1.449270546436309814e-01 -7.986317873001098633e-01 -2.672981917858123779e-01 1.085108239203691483e-02 1.701750457286834717e-01 9.736691117286682129e-01 9.987345337867736816e-01 -3.471144437789916992e-01 9.891264438629150391e-01 9.835337996482849121e-01 4.777868837118148804e-02 9.960504770278930664e-01 1.937103569507598877e-01 -8.086259365081787109e-01 1.166571974754333496e-01 3.379356265068054199e-01 -3.893828392028808594e-01 -2.844157814979553223e-01 2.467976957559585571e-01 9.992619156837463379e-01 -8.717004209756851196e-02 -2.016769945621490479e-01 -7.744373083114624023e-01 -2.737841010093688965e-01 8.000463843345642090e-01 -4.235397875308990479e-01 -8.112606406211853027e-01 -1.448250375688076019e-02 -2.343861311674118042e-01 -1.793026924133300781e-01 9.169998168945312500e-01 9.960985183715820312e-01 -9.978270530700683594e-01 -2.446993142366409302e-01 -1.627659797668457031e-01 9.959938526153564453e-01 2.032659351825714111e-01 -8.364014625549316406e-01 9.993327260017395020e-01 -3.650832176208496094e-01 -8.317536115646362305e-01 9.693691730499267578e-01 5.901004001498222351e-02 9.613738059997558594e-01 -8.814328908920288086e-02 -9.627061486244201660e-01 -4.443401694297790527e-01 9.486587643623352051e-01 9.970806837081909180e-01 9.917176961898803711e-01 8.291797339916229248e-02 3.688888549804687500e-01 -6.410212256014347076e-03 -9.997102618217468262e-01 -9.998035430908203125e-01 -9.952165484428405762e-01 3.918879926204681396e-01 4.623243510723114014e-01 5.896461606025695801e-01 9.280744194984436035e-01 -9.983751773834228516e-01 -1.972039043903350830e-01 9.906501770019531250e-01 -3.374905586242675781e-01 9.971044659614562988e-01 9.985176920890808105e-01 -9.877822995185852051e-01 1.400797367095947266e-01 9.746891260147094727e-01 -5.018028020858764648e-01 -4.738656580448150635e-01 2.642007172107696533e-01 9.990870356559753418e-01 6.219931244850158691e-01 8.395871520042419434e-02 -3.611904382705688477e-01 -9.923516511917114258e-01 4.901986122131347656e-01 9.992234110832214355e-01 9.155898690223693848e-01 -2.665096893906593323e-02 6.241519004106521606e-02 5.466585755348205566e-01 6.791123747825622559e-02 9.996910691261291504e-01 -1.495022475719451904e-01 8.323937058448791504e-01 3.575525581836700439e-01 -7.173188328742980957e-01 -8.177517354488372803e-02 -1.633384227752685547e-01 -8.289023041725158691e-01 2.692678570747375488e-01 -9.466146826744079590e-01 7.988831996917724609e-01 9.992337822914123535e-01 4.272916913032531738e-02 6.252063810825347900e-02 -7.138175368309020996e-01 9.040570259094238281e-02 -1.423773914575576782e-02 3.851879835128784180e-01 -8.962203860282897949e-01 -8.683170676231384277e-01 5.376021862030029297e-01 9.962983131408691406e-01 -3.298696279525756836e-01 -5.857228636741638184e-01 7.554823160171508789e-01 -9.295830130577087402e-01 -8.797244429588317871e-01 5.070593953132629395e-01 9.994755983352661133e-01 2.344870939850807190e-02 2.423698902130126953e-01 2.576126158237457275e-01 3.020608425140380859e-01 4.144018888473510742e-01 -2.053221762180328369e-01 9.058496952056884766e-01 -5.184783339500427246e-01 7.106019854545593262e-01 -1.434906721115112305e-01 -2.659505009651184082e-01 -3.024465739727020264e-01 -9.915873408317565918e-01 -8.655576705932617188e-01 -2.638419568538665771e-01 -9.659227728843688965e-02 -7.445855438709259033e-02 -1.415326446294784546e-01 -9.009354710578918457e-01 5.225810408592224121e-01 5.598941445350646973e-01 3.494246006011962891e-01 -3.653350472450256348e-01 9.098118543624877930e-01 -2.790074646472930908e-01 6.778420805931091309e-01 3.718449771404266357e-01 -9.999103546142578125e-01 1.016251221299171448e-01 4.908845722675323486e-01 -2.836237251758575439e-01 6.333475559949874878e-02 -4.742946922779083252e-01 1.442117393016815186e-01 -8.948607444763183594e-01 3.568326234817504883e-01 9.851261377334594727e-01 -7.753719687461853027e-01 5.267965793609619141e-01 -4.620391130447387695e-01 3.845734894275665283e-01 -2.592789530754089355e-01 -1.095187515020370483e-01 9.943368434906005859e-01 -9.998949170112609863e-01 -2.581680007278919220e-02 8.476780354976654053e-02 -5.597408413887023926e-01 -1.365040689706802368e-01 -6.885098218917846680e-01 9.473578333854675293e-01 2.313407957553863525e-01 3.609307706356048584e-01 -1.607325226068496704e-01 8.526322245597839355e-01 -2.484826445579528809e-01 9.854739904403686523e-01 -5.294562578201293945e-01 -7.375615239143371582e-01 -4.260110727045685053e-04 -5.390184000134468079e-02 -9.719126820564270020e-01 -8.218623995780944824e-01 2.967789769172668457e-02 -9.872432947158813477e-01 -8.788651227951049805e-02 -8.476306796073913574e-01 3.433222770690917969e-01 2.206836342811584473e-01 1.809047311544418335e-01 -3.253285214304924011e-02 -8.749258518218994141e-01 -3.476128578186035156e-01 7.200055122375488281e-01 -5.477332696318626404e-02 9.893464446067810059e-01 4.485002458095550537e-01 -9.988042712211608887e-01 1.540037393569946289e-01 5.358828306198120117e-01 2.873524464666843414e-02 -2.055241540074348450e-02 -1.271179914474487305e-01 -9.717122912406921387e-01 9.411730766296386719e-01 -9.999410510063171387e-01 -9.878033399581909180e-01 2.065132111310958862e-01 -3.150782287120819092e-01 -4.470172822475433350e-01 -8.991987258195877075e-02 -4.768278598785400391e-01 2.305919677019119263e-01 -9.992360472679138184e-01 -9.220671057701110840e-01 2.316882312297821045e-01 -9.555026292800903320e-01 -9.529063105583190918e-01 -9.833397269248962402e-01 1.764176785945892334e-01 -5.157000422477722168e-01 -7.429528236389160156e-02 2.291828989982604980e-01 -1.089795604348182678e-01 1.726812869310379028e-01 9.984882473945617676e-01 -1.682192087173461914e-04 -2.345390021800994873e-01 6.772232651710510254e-01 1.387867033481597900e-01 -1.638999581336975098e-01 9.883314371109008789e-01 3.795779645442962646e-01 4.433434903621673584e-01 -9.932880401611328125e-01 2.482407540082931519e-01 9.302818179130554199e-01 9.998106360435485840e-01 9.840844273567199707e-01 6.047044396400451660e-01 -9.986985325813293457e-01 -4.988366067409515381e-01 1.806753575801849365e-01 -8.977739810943603516e-01 7.491593360900878906e-01 -1.693695336580276489e-01 3.555303514003753662e-01 -9.320884943008422852e-01 1.350423842668533325e-01 4.497498571872711182e-01 -9.940168857574462891e-01 9.267191886901855469e-01 2.358182668685913086e-01 3.969423174858093262e-01 6.827541589736938477e-01 2.321203798055648804e-01 5.012896656990051270e-01 -9.915755391120910645e-01 -7.240583300590515137e-01 -3.163157105445861816e-01 3.601486980915069580e-02 4.036830365657806396e-02 1.045201197266578674e-01 -9.999855756759643555e-01 8.872452378273010254e-01 -8.603337407112121582e-01 2.225435674190521240e-01 -1.564657837152481079e-01 1.373663246631622314e-01 2.605788409709930420e-01 -9.821127057075500488e-01 9.999576210975646973e-01 -9.408112764358520508e-01 1.900574713945388794e-01 -1.518761217594146729e-01 9.087411314249038696e-02 2.148910313844680786e-01 -9.138019084930419922e-01 9.878673553466796875e-01 -2.508851587772369385e-01 3.245140314102172852e-01 1.530766189098358154e-01 -8.108281344175338745e-02 -8.630633354187011719e-01
-7.867342829704284668e-01 4.098912775516510010e-01 -4.609464481472969055e-02 1.872479170560836792e-01 4.342352151870727539e-01 8.773103356361389160e-01 9.901310205459594727e-01 -9.949839711189270020e-01 6.573879718780517578e-02 -9.897642135620117188e-01 2.564589381217956543e-01 -9.763460159301757812e-01 6.285191178321838379e-01 -9.981283545494079590e-01 -8.035433888435363770e-01 2.368572503328323364e-01 1.618726849555969238e-01 4.065805673599243164e-01 -7.193118333816528320e-01 -4.702136814594268799e-01 3.002921938896179199e-01 -2.278062105178833008e-01 9.619328975677490234e-01 3.281134366989135742e-01 9.997583627700805664e-01 9.991543292999267578e-01 -3.388069272041320801e-01 -3.213527202606201172e-01 -4.466158151626586914e-02 -3.736706376075744629e-01 9.995033144950866699e-01 5.809013918042182922e-02 4.007089138031005859e-01 -1.172505095601081848e-01 -9.098885059356689453e-01 -1.541434675455093384e-01 -5.943804979324340820e-01 4.810319095849990845e-02 9.973915219306945801e-01 -3.007341325283050537e-01 5.643222481012344360e-02 -3.971722126007080078e-01 -4.461212083697319031e-02 -9.973908066749572754e-01 4.602347612380981445e-01 8.308967202901840210e-02 -9.976891279220581055e-01 -1.170890107750892639e-01 9.773916602134704590e-01 -2.811972796916961670e-01 8.451548218727111816e-01 4.860032200813293457e-01 9.956864118576049805e-01 -4.972457587718963623e-01 -8.120926618576049805e-01 2.955399751663208008e-01 -2.638911642134189606e-02 -2.134509980678558350e-01 -9.956457614898681641e-01 -8.724610805511474609e-01 -4.968265295028686523e-01 5.534131079912185669e-03 9.974550604820251465e-01 -1.985914558172225952e-01 2.510229311883449554e-02 -9.842931032180786133e-01 9.986404180526733398e-01 -9.276018291711807251e-02 1.612432301044464111e-01 9.708213806152343750e-01 9.949116110801696777e-01 9.996199011802673340e-01 -9.903603792190551758e-01 -5.637615546584129333e-02 -9.966627359390258789e-01 -3.604553043842315674e-01 2.849458456039428711e-01 3.474811315536499023e-01 1.426346004009246826e-01 1.997995823621749878e-01 -9.727808833122253418e-01 1.705222874879837036e-01 9.135496616363525391e-01 7.643992453813552856e-02 6.778453290462493896e-02 -9.575764536857604980e-01 1.419593989849090576e-01 4.162569046020507812e-01 -5.605184659361839294e-02 -4.973509907722473145e-02 -4.197177588939666748e-01 1.289996504783630371e-01 4.282332360744476318e-01 -9.972469806671142578e-01 -7.093180418014526367e-01 2.526673972606658936e-01 7.945526838302612305e-01 -1.051927879452705383e-01 -9.999929666519165039e-01 3.737882524728775024e-02 1.063610687851905823e-01 1.052023284137248993e-02 -9.314063787460327148e-01 -9.141422063112258911e-02 1.107430383563041687e-01 -2.745841816067695618e-02 8.835873007774353027e-01 2.056539952754974365e-01 -4.099728763103485107e-01 -4.769693017005920410e-01 -7.596133649349212646e-02 3.268760144710540771e-01 -7.985557913780212402e-01 -6.490773558616638184e-01 -3.227781057357788086e-01 4.805374741554260254e-01 -9.917500615119934082e-01 -8.482275009155273438e-01 3.126782178878784180e-02 9.951550960540771484e-01 -9.158849120140075684e-01 7.084085792303085327e-02 -9.286758899688720703e-01 4.408173561096191406e-01 -2.317511290311813354e-01 -1.887222379446029663e-01 -9.885538816452026367e-01 -1.560634523630142212e-01 -5.006047487258911133e-01 -7.110690325498580933e-02 9.887390732765197754e-01 5.877718329429626465e-01 -9.211363196372985840e-01 -1.431397050619125366e-01 3.653189539909362793e-01 -3.221893906593322754e-01 8.222862482070922852e-01 -9.574307799339294434e-01 -6.910821199417114258e-01 2.338320761919021606e-01 9.987345933914184570e-01 2.692741155624389648e-01 -4.624957144260406494e-01 9.894794225692749023e-01 3.108903765678405762e-01 6.845787763595581055e-01 -8.896544575691223145e-01 8.979249000549316406e-01 -4.875087738037109375e-01 -2.883355617523193359e-01 -3.577142655849456787e-01 -2.653006017208099365e-01 -5.976305603981018066e-01 -3.713537007570266724e-02 5.039325356483459473e-01 -2.262100875377655029e-01 -3.341956809163093567e-02 1.708739101886749268e-01 3.171287775039672852e-01 1.758378148078918457e-01 -2.640264034271240234e-01 3.470741212368011475e-01 -4.381249547004699707e-01 -2.434190064668655396e-01 9.999440312385559082e-01 -8.870846778154373169e-02 5.602411180734634399e-02 -6.474517583847045898e-01 5.459886193275451660e-01 9.636772871017456055e-01 2.933454811573028564e-01 8.143485784530639648e-01 -8.793940544128417969e-01 3.043026924133300781e-01 -3.102151155471801758e-01 -7.595618069171905518e-02 4.342261850833892822e-01 8.940221369266510010e-02 9.987376332283020020e-01 8.264461755752563477e-01 7.358491420745849609e-01 1.872823238372802734e-01 9.673818945884704590e-01 2.876386046409606934e-01 9.780871868133544922e-01 -9.997812509536743164e-01 -9.256020784378051758e-01 -2.885903716087341309e-01 3.438224792480468750e-01 9.674839973449707031e-01 8.871397972106933594e-01 -9.920394420623779297e-01 8.885231018066406250e-01 -2.096137702465057373e-01 9.477606415748596191e-01 -7.688590884208679199e-02 3.213837146759033203e-01 -6.837221980094909668e-01 -8.148152828216552734e-01 -4.058352410793304443e-01 -8.542654663324356079e-02 -4.313007593154907227e-01 -1.806930601596832275e-01 3.316638171672821045e-01 1.044324412941932678e-01 1.810436844825744629e-01 -8.228565007448196411e-02 9.896568655967712402e-01 8.828149437904357910e-01 1.127289012074470520e-01 -9.924830198287963867e-01 6.534795165061950684e-01 -6.747872382402420044e-02 5.639892816543579102e-01 5.278594493865966797e-01 -9.586945176124572754e-01 3.602652251720428467e-01 9.980511665344238281e-01 -4.312392771244049072e-01 -1.164610460400581360e-01 8.287433981895446777e-01 6.999482959508895874e-02 -9.516951441764831543e-01 2.687751650810241699e-01 -9.871172308921813965e-01 -1.285142898559570312e-01 -9.512224197387695312e-01 -2.723519504070281982e-02 5.696467161178588867e-01 7.416605949401855469e-01 3.090942800045013428e-01 -7.225944101810455322e-02 -1.373921632766723633e-01 6.423185765743255615e-02 9.254437088966369629e-01 4.709918200969696045e-01 -9.719647169113159180e-01 -2.135783284902572632e-01 1.623855084180831909e-01 2.473085373640060425e-01 9.950368404388427734e-01 9.997180700302124023e-01 1.565446406602859497e-01 9.678800702095031738e-01 6.950244307518005371e-01 5.129691958427429199e-02 9.950435757637023926e-01 2.402257919311523438e-01 -6.860411763191223145e-01 -7.936634123325347900e-02 2.222209423780441284e-01 -2.006944119930267334e-01 -1.730497330427169800e-01 1.047452837228775024e-01 9.993200898170471191e-01 1.419051885604858398e-01 -2.232528775930404663e-01 -6.116032600402832031e-01 -8.443056344985961914e-01 7.618939280509948730e-01 -3.389602601528167725e-01 -6.616806983947753906e-01 -7.443893235176801682e-03 -3.916348218917846680e-01 1.140377297997474670e-02 8.302468657493591309e-01 9.933949708938598633e-01 -9.992256164550781250e-01 -2.442872971296310425e-01 -2.108543366193771362e-01 9.995378851890563965e-01 -6.421100348234176636e-02 -8.329100012779235840e-01 9.999693632125854492e-01 -5.298421978950500488e-01 -9.427710175514221191e-01 9.929476380348205566e-01 -1.227907687425613403e-01 9.276268482208251953e-01 3.441210389137268066e-01 -9.333552122116088867e-01 -9.899625778198242188e-01 2.499939501285552979e-01 9.990419149398803711e-01 9.936737418174743652e-01 2.150708064436912537e-02 3.254658579826354980e-01 2.854338288307189941e-01 -9.978590011596679688e-01 -9.998691678047180176e-01 -9.997097253799438477e-01 8.121480792760848999e-02 2.479902654886245728e-01 9.670642018318176270e-01 7.331544160842895508e-01 -9.819133877754211426e-01 -9.618100523948669434e-02 9.630532860755920410e-01 -5.713177099823951721e-02 9.404455423355102539e-01 9.976204037666320801e-01 -3.763489127159118652e-01 6.848697066307067871e-01 9.536750316619873047e-01 -3.400925695896148682e-01 -4.557547271251678467e-01 -1.885150186717510223e-02 9.988663196563720703e-01 -1.543201804161071777e-01 3.126505017280578613e-01 1.592254340648651123e-01 -9.966838359832763672e-01 4.490385949611663818e-01 9.987930655479431152e-01 -8.106889724731445312e-01 -6.199424341320991516e-02 -8.433981239795684814e-02 5.412480235099792480e-01 3.662365674972534180e-02 9.984563589096069336e-01 8.790845423936843872e-02 -8.705624341964721680e-01 -4.650256410241127014e-02 -9.952583909034729004e-01 -1.279926449060440063e-01 -3.346259295940399170e-01 -9.592258334159851074e-01 -7.475941181182861328e-01 -2.705050259828567505e-02 -7.151636481285095215e-01 9.993945360183715820e-01 -1.840806752443313599e-01 -7.653911411762237549e-02 9.254674911499023438e-01 1.451549381017684937e-01 1.723640412092208862e-01 -8.168956637382507324e-02 -9.814297556877136230e-01 -2.943655848503112793e-01 3.381621539592742920e-01 9.982791543006896973e-01 -3.733856081962585449e-01 -5.198270678520202637e-01 7.692515254020690918e-01 -7.349660992622375488e-01 -4.305692613124847412e-01 -1.571663469076156616e-01 9.983476996421813965e-01 -2.040913105010986328e-01 1.385660469532012939e-01 5.320193171501159668e-01 2.949033677577972412e-01 7.860346436500549316e-01 -4.063034951686859131e-01 -4.367249906063079834e-01 -4.891294240951538086e-01 2.391745336353778839e-02 -3.642798960208892822e-01 -1.513414531946182251e-01 -6.822594255208969116e-02 -9.808995723724365234e-01 4.327470660209655762e-01 -4.688625633716583252e-01 2.914958260953426361e-02 -2.584047149866819382e-03 -8.446812033653259277e-01 4.708426892757415771e-01 7.992198467254638672e-01 4.482147097587585449e-01 4.431830644607543945e-01 -2.347351312637329102e-01 9.469425082206726074e-01 -2.060328722000122070e-01 3.979498147964477539e-01 7.522986531257629395e-01 -9.984825849533081055e-01 4.454602301120758057e-01 5.216442793607711792e-02 6.852818187326192856e-03 1.727408170700073242e-01 -5.698758959770202637e-01 2.763751149177551270e-02 -9.898785948753356934e-01 9.244953282177448273e-03 9.896687269210815430e-01 -8.568530082702636719e-01 5.325288772583007812e-01 -2.126335054636001587e-01 -3.302882015705108643e-01 -5.897768735885620117e-01 -4.315874874591827393e-01 7.561619877815246582e-01 -9.997493624687194824e-01 -2.864897847175598145e-01 -2.415314763784408569e-01 -4.286727309226989746e-01 9.108943492174148560e-02 -5.873144268989562988e-01 5.393134951591491699e-01 -6.693731248378753662e-02 3.174000680446624756e-01 -8.387132883071899414e-01 3.330498039722442627e-01 -1.335079669952392578e-01 9.971231818199157715e-01 -8.514577746391296387e-01 1.818557083606719971e-01 -2.535393536090850830e-01 2.315224558115005493e-01 -9.949155449867248535e-01 -3.610593378543853760e-01 8.692008852958679199e-01 -9.912660717964172363e-01 3.970835506916046143e-01 6.833091974258422852e-01 3.722171485424041748e-01 2.394615858793258667e-01 2.698831260204315186e-01 -7.675307393074035645e-01 -9.707387685775756836e-01 -1.560251265764236450e-01 9.928935766220092773e-01 1.089840680360794067e-01 7.622705101966857910e-01 3.303014039993286133e-01 -9.992104172706604004e-01 -1.499735713005065918e-01 2.581384479999542236e-01 6.975638866424560547e-02 -1.728010475635528564e-01 9.256254881620407104e-02 -9.719225764274597168e-01 9.970398545265197754e-01 -9.994597434997558594e-01 -8.746126890182495117e-01 1.447761207818984985e-01 -1.549779176712036133e-01 3.039519302546977997e-02 -1.661983430385589600e-01 -9.183320403099060059e-02 -2.294695526361465454e-01 -9.998092651367187500e-01 -8.751903772354125977e-01 4.449931681156158447e-01 -9.922223687171936035e-01 -9.571496844291687012e-01 -9.832536578178405762e-01 -3.359058126807212830e-02 -6.048769503831863403e-02 -3.523886436596512794e-03 3.112283051013946533e-01 1.379159837961196899e-01 3.188579976558685303e-01 9.977840781211853027e-01 2.475384920835494995e-01 8.774800598621368408e-02 5.062596201896667480e-01 4.948633164167404175e-02 -2.536144256591796875e-01 8.637884855270385742e-01 9.738860726356506348e-01 2.307737916707992554e-01 -9.718141555786132812e-01 5.044607520103454590e-01 3.073772415518760681e-02 9.993371367454528809e-01 7.155429720878601074e-01 7.118028402328491211e-02 -9.975285530090332031e-01 -6.507729291915893555e-01 4.146538674831390381e-01 -9.794793725013732910e-01 1.773581653833389282e-01 2.596829831600189209e-01 1.019600853323936462e-01 -9.923423528671264648e-01 -9.094681143760681152e-01 2.279615551233291626e-01 -8.710385560989379883e-01 9.026537537574768066e-01 2.644567191600799561e-01 5.151410698890686035e-01 3.040912151336669922e-01 3.329403698444366455e-01 3.562193214893341064e-01 -2.229340523481369019e-01 -7.341796159744262695e-02 5.436224117875099182e-02 3.720332309603691101e-02 2.664251029491424561e-01 -2.861731052398681641e-01 -9.999996423721313477e-01 7.763209939002990723e-01 -8.747451305389404297e-01 1.387194544076919556e-01 -9.496393054723739624e-02 -2.441780082881450653e-02 2.210704535245895386e-01 -9.878204464912414551e-01 9.999088644981384277e-01 -9.341235160827636719e-01 2.768567204475402832e-01 -1.504495739936828613e-01 -1.122974827885627747e-01 -1.237700972706079483e-02 -9.584745168685913086e-01 9.666787981986999512e-01 -5.996624231338500977e-01 4.776923358440399170e-02 3.344237804412841797e-01 -2.302200905978679657e-02 -9.771869778633117676e-01
-4.447139501571655273e-01 8.908811211585998535e-01 4.464156180620193481e-02 2.050719112157821655e-01 -3.678929805755615234e-01 -7.070618271827697754e-01 9.950655698776245117e-01 -9.995730519294738770e-01 -1.547816246747970581e-01 -6.881673932075500488e-01 -9.543765336275100708e-02 -9.704612493515014648e-01 -8.690871596336364746e-01 -9.816368818283081055e-01 -3.754954785108566284e-02 1.827294528484344482e-01 -2.011032849550247192e-01 -4.446783363819122314e-01 -1.166518852114677429e-01 9.109181165695190430e-02 3.337338566780090332e-04 -2.238988429307937622e-01 7.668678760528564453e-01 2.783587276935577393e-01 9.917746782302856445e-01 9.896879792213439941e-01 -1.832241266965866089e-01 -1.953702606260776520e-02 -4.774581193923950195e-01 7.007629275321960449e-01 7.856712937355041504e-01 1.610014587640762329e-01 -2.413596659898757935e-01 -3.950057327747344971e-01 -2.494314461946487427e-01 8.712457865476608276e-02 -2.554343044757843018e-01 -1.377136111259460449e-01 9.865545034408569336e-01 -8.862510323524475098e-02 2.131215929985046387e-01 -1.176998987793922424e-01 5.877773091197013855e-02 -9.922077059745788574e-01 3.567734360694885254e-01 9.470773935317993164e-01 -9.919525980949401855e-01 -9.949086606502532959e-02 3.276063203811645508e-01 -2.374737560749053955e-01 9.755615592002868652e-01 -2.308425605297088623e-01 9.854730963706970215e-01 1.093910075724124908e-02 6.814819574356079102e-02 -1.414189785718917847e-01 2.084302455186843872e-01 -1.550652831792831421e-01 -9.990181326866149902e-01 -3.866162002086639404e-01 -2.930191755294799805e-01 1.311103850603103638e-01 4.646113812923431396e-01 -8.710715174674987793e-02 -3.065883815288543701e-01 -9.859589934349060059e-01 9.779599905014038086e-01 2.666178643703460693e-01 1.575892120599746704e-01 9.948179721832275391e-01 8.644236922264099121e-01 9.999604225158691406e-01 -8.016759157180786133e-01 -7.768881320953369141e-01 -7.082219123840332031e-01 -1.235766708850860596e-01 -6.602602079510688782e-03 -8.919711410999298096e-02 -2.325880974531173706e-01 6.831891834735870361e-02 -9.973073005676269531e-01 2.294483631849288940e-01 9.988870024681091309e-01 1.985960155725479126e-01 7.919533252716064453e-01 -8.909041285514831543e-01 -7.975637912750244141e-03 1.848503351211547852e-01 4.301577433943748474e-02 -1.792287528514862061e-01 -9.007425308227539062e-01 -1.699171811342239380e-01 6.313732266426086426e-02 -9.835231900215148926e-01 -9.429793953895568848e-01 9.993464946746826172e-01 6.826703548431396484e-01 4.732221662998199463e-01 -9.999409914016723633e-01 -4.854205250740051270e-02 -8.674257993698120117e-01 -9.928801059722900391e-01 3.997290730476379395e-01 1.036608368158340454e-01 6.658186018466949463e-02 2.706399857997894287e-01 9.964205622673034668e-01 4.345067739486694336e-01 -1.332744807004928589e-01 3.953016996383666992e-01 -2.770910412073135376e-02 4.425705671310424805e-01 -3.823426663875579834e-01 -9.107334613800048828e-01 -1.442516297101974487e-01 -1.913237422704696655e-01 -9.630719423294067383e-01 3.684019744396209717e-01 3.405994176864624023e-01 9.950568675994873047e-01 -4.275916814804077148e-01 1.925124228000640869e-01 -9.608460664749145508e-01 7.841749787330627441e-01 -2.079356610774993896e-01 -1.068718954920768738e-01 -9.983190894126892090e-01 -3.752462565898895264e-01 -7.710117101669311523e-02 -2.351665049791336060e-01 8.325735330581665039e-01 9.852216839790344238e-01 9.512951374053955078e-01 2.763988077640533447e-01 2.972658872604370117e-01 -9.941032528877258301e-01 9.973341226577758789e-01 -9.641419053077697754e-01 -9.721184372901916504e-01 5.055377483367919922e-01 9.934824705123901367e-01 3.803447186946868896e-01 6.677110213786363602e-03 9.920800924301147461e-01 7.906157523393630981e-02 -1.973460763692855835e-01 -9.893944859504699707e-01 1.538884639739990234e-01 -5.693193078041076660e-01 5.982790514826774597e-02 -2.304698824882507324e-01 -2.677302956581115723e-01 4.539674222469329834e-01 -3.784720897674560547e-01 -7.836422882974147797e-03 -4.169044494628906250e-01 -4.051367044448852539e-01 -8.421554565429687500e-01 3.986608982086181641e-01 5.056721568107604980e-01 -1.559925526380538940e-01 -1.214135438203811646e-01 1.720421132631599903e-03 -2.043809741735458374e-01 9.999460577964782715e-01 -3.917741179466247559e-01 1.318329721689224243e-01 -3.358213603496551514e-01 9.977546930313110352e-01 8.339115977287292480e-01 8.050554990768432617e-02 -9.896553158760070801e-01 -9.623868465423583984e-01 -5.739317536354064941e-01 -9.938037954270839691e-03 -1.753092855215072632e-01 8.495138883590698242e-01 3.040120899677276611e-01 9.889565706253051758e-01 9.213043451309204102e-01 9.550665020942687988e-01 2.167297899723052979e-01 9.994785189628601074e-01 -6.603242158889770508e-01 9.282620549201965332e-01 -9.372623562812805176e-01 -9.891129732131958008e-01 9.360665678977966309e-01 5.342402458190917969e-01 1.891620308160781860e-01 7.708582282066345215e-01 -9.870206117630004883e-01 7.666316032409667969e-01 8.872029185295104980e-02 9.446972608566284180e-01 -1.804198622703552246e-01 -7.850326299667358398e-01 -9.224985241889953613e-01 -8.858507275581359863e-01 -1.260038744658231735e-02 -2.981878817081451416e-02 -5.142724514007568359e-01 2.595929801464080811e-01 -1.014204174280166626e-01 1.648322790861129761e-01 8.039863705635070801e-01 -4.448153451085090637e-02 9.766311645507812500e-01 9.578296542167663574e-01 1.334045529365539551e-01 -4.184575676918029785e-01 6.940008997917175293e-01 1.658411175012588501e-01 3.168079555034637451e-01 9.366385936737060547e-01 -9.502543807029724121e-01 -7.272021174430847168e-01 8.720963001251220703e-01 6.275280714035034180e-01 9.676661342382431030e-02 -9.432918429374694824e-01 3.869201540946960449e-01 -9.116517901420593262e-01 9.804661571979522705e-02 -5.262215733528137207e-01 7.099962234497070312e-01 -9.832284450531005859e-01 -8.877246826887130737e-02 -8.440858721733093262e-01 9.799895882606506348e-01 1.672927290201187134e-01 5.736689642071723938e-02 4.665990546345710754e-02 4.222527444362640381e-01 9.890466928482055664e-01 5.005484912544488907e-03 -9.202812314033508301e-01 -2.420881092548370361e-01 1.315597146749496460e-01 -2.348973453044891357e-01 9.606283307075500488e-01 9.998531937599182129e-01 -4.000508189201354980e-01 9.573901295661926270e-01 9.556025862693786621e-01 -2.218518592417240143e-02 9.986254572868347168e-01 -2.179301679134368896e-01 -9.098981390707194805e-04 4.242051858454942703e-03 9.084650129079818726e-02 3.926794230937957764e-01 2.437322773039340973e-02 4.238664805889129639e-01 9.996573925018310547e-01 1.766753792762756348e-01 1.119495108723640442e-01 -9.941359758377075195e-01 -6.694152355194091797e-01 3.270050287246704102e-01 -3.870108723640441895e-01 -8.993498682975769043e-01 5.157055854797363281e-01 4.909068942070007324e-01 -2.516366243362426758e-01 9.743750095367431641e-01 9.825096130371093750e-01 -9.997993707656860352e-01 -1.784128397703170776e-01 -6.346055120229721069e-02 9.983360767364501953e-01 -9.526849724352359772e-03 -9.254143238067626953e-01 9.980481266975402832e-01 6.157200317829847336e-03 -9.901955127716064453e-01 9.985513687133789062e-01 2.664999365806579590e-01 3.988715112209320068e-01 1.292007863521575928e-01 -9.956942200660705566e-01 -8.415398001670837402e-01 7.266607880592346191e-01 9.829740524291992188e-01 9.904425740242004395e-01 -4.735890775918960571e-02 3.560570180416107178e-01 -2.246046662330627441e-01 -9.976504445075988770e-01 -9.996551275253295898e-01 -9.847353696823120117e-01 6.273812651634216309e-01 -5.988434329628944397e-02 -1.295057833194732666e-01 9.281771183013916016e-01 -9.560421705245971680e-01 -3.740529716014862061e-01 9.758993983268737793e-01 3.470442593097686768e-01 9.964206814765930176e-01 9.978079795837402344e-01 -9.978014826774597168e-01 -2.192246466875076294e-01 9.949029684066772461e-01 -1.405605524778366089e-01 6.797306537628173828e-01 -1.236781477928161621e-01 9.881819486618041992e-01 -2.425029128789901733e-02 -9.484687447547912598e-02 4.355224967002868652e-01 -7.350253462791442871e-01 -4.526194930076599121e-02 9.788397550582885742e-01 2.881710231304168701e-01 -1.813698559999465942e-01 -2.163281664252281189e-02 9.600988030433654785e-02 1.114655211567878723e-01 9.958429336547851562e-01 3.079036176204681396e-01 -9.639124274253845215e-01 -1.454920414835214615e-02 6.024790182709693909e-02 -2.722702324390411377e-01 -7.040193676948547363e-02 -6.948869228363037109e-01 1.616275869309902191e-02 -8.160112500190734863e-01 2.270296365022659302e-01 8.766210079193115234e-01 -2.016147077083587646e-01 3.028123080730438232e-01 8.910475373268127441e-01 2.509467899799346924e-01 1.695475727319717407e-01 -1.865656673908233643e-01 -9.806262850761413574e-01 -6.407828330993652344e-01 4.024429023265838623e-01 9.981603026390075684e-01 4.538796097040176392e-02 -1.517115682363510132e-01 9.420491456985473633e-01 -9.439329504966735840e-01 6.268608570098876953e-01 7.913257479667663574e-01 9.961989521980285645e-01 1.500031799077987671e-01 7.877630591392517090e-01 3.718653023242950439e-01 -2.228470444679260254e-01 4.925616383552551270e-01 -1.580029577016830444e-01 6.380521059036254883e-01 2.479341253638267517e-02 4.295374155044555664e-01 -2.905724942684173584e-01 -1.127852126955986023e-01 -3.976872861385345459e-01 -9.964607954025268555e-01 -5.422117114067077637e-01 -2.725845277309417725e-01 -6.098755821585655212e-02 1.255176067352294922e-01 -6.387755870819091797e-01 -6.503396034240722656e-01 -1.631307154893875122e-01 -5.391953513026237488e-02 2.980955541133880615e-01 -1.190278381109237671e-01 9.684417247772216797e-01 2.130638360977172852e-01 2.396683543920516968e-01 5.945385694503784180e-01 -9.976977705955505371e-01 8.862183243036270142e-02 -8.790835738182067871e-02 2.288697510957717896e-01 1.736087501049041748e-01 -2.099657207727432251e-01 1.614803224802017212e-01 -9.338911175727844238e-01 -2.067571580410003662e-01 9.246336221694946289e-01 -6.936449557542800903e-02 2.995294630527496338e-01 1.520948857069015503e-01 4.832834303379058838e-01 -1.529537141323089600e-01 -1.023359224200248718e-01 -7.986575365066528320e-01 -9.998429417610168457e-01 -2.177733331918716431e-01 -3.483723700046539307e-01 -2.563858330249786377e-01 1.295598149299621582e-01 -4.109693169593811035e-01 9.710722565650939941e-01 3.782788664102554321e-02 -3.175152093172073364e-02 -9.695212244987487793e-01 4.006435871124267578e-01 3.277490288019180298e-02 5.976327657699584961e-01 -8.706970214843750000e-01 -2.846772670745849609e-01 1.931440234184265137e-01 3.002858757972717285e-01 -9.751776456832885742e-01 6.419708132743835449e-01 9.885646104812622070e-01 -9.878455996513366699e-01 -2.345559448003768921e-01 -6.943038702011108398e-01 1.353068649768829346e-01 3.565914034843444824e-01 -2.658545076847076416e-01 -6.122545003890991211e-01 -5.927112698554992676e-01 -1.178989931941032410e-01 9.607437252998352051e-01 -1.319324821233749390e-01 9.710440635681152344e-01 5.092079639434814453e-01 -9.943033456802368164e-01 -3.344526588916778564e-01 3.021585345268249512e-01 9.147413820028305054e-02 2.792100310325622559e-01 2.660463750362396240e-01 -9.541709423065185547e-01 9.630993008613586426e-01 -9.996278882026672363e-01 -9.918580055236816406e-01 9.853015840053558350e-02 -7.793108224868774414e-01 -4.678702354431152344e-01 1.025799065828323364e-01 -1.083142757415771484e-01 -1.335532218217849731e-01 -9.983047842979431152e-01 -9.972464442253112793e-01 2.358143329620361328e-01 -9.912191033363342285e-01 -9.535635709762573242e-01 -9.939457178115844727e-01 2.161588519811630249e-02 -7.046933472156524658e-02 3.081127405166625977e-01 2.131228893995285034e-01 -4.532017558813095093e-02 -2.354735285043716431e-01 9.446750879287719727e-01 -2.786856517195701599e-02 9.407512545585632324e-01 -7.491243630647659302e-02 9.533225744962692261e-02 -3.312071263790130615e-01 9.988158345222473145e-01 9.192769229412078857e-02 4.863087460398674011e-02 -9.965863227844238281e-01 2.018856853246688843e-01 7.902200818061828613e-01 9.992478489875793457e-01 6.311232447624206543e-01 9.804581999778747559e-01 -9.999873042106628418e-01 -1.788526475429534912e-01 4.871527254581451416e-01 -9.878454804420471191e-01 7.070414423942565918e-01 -3.503313660621643066e-01 4.568743109703063965e-01 -8.887516856193542480e-01 -1.835811883211135864e-02 4.309157729148864746e-01 -9.996566772460937500e-01 9.958159923553466797e-01 -1.733738034963607788e-01 3.574838340282440186e-01 3.775567710399627686e-01 1.055383030325174332e-02 1.545536369085311890e-01 -9.769933819770812988e-01 -9.254024028778076172e-01 -2.946546971797943115e-01 -7.570489495992660522e-02 -1.910529881715774536e-01 3.650505840778350830e-01 -9.999276995658874512e-01 4.983738064765930176e-01 -6.778233498334884644e-02 2.864913940429687500e-01 -1.240254044532775879e-01 -1.642557084560394287e-01 2.780018150806427002e-01 -8.626292943954467773e-01 9.999382495880126953e-01 -9.661616683006286621e-01 1.460558921098709106e-01 1.407112628221511841e-01 -1.250384747982025146e-01 -1.230710893869400024e-01 -7.221396565437316895e-01 9.597370624542236328e-01 -6.266428232192993164e-01 -7.860608398914337158e-02 3.030900955200195312e-01 -3.362954556941986084e-01 -8.547542691230773926e-01
-8.051770925521850586e-01 1.312565207481384277e-01 2.335553318262100220e-01 -2.283507585525512695e-02 -1.923436969518661499e-01 9.966782927513122559e-01 9.953729510307312012e-01 -9.853250384330749512e-01 4.299915954470634460e-02 -9.862172007560729980e-01 2.790271043777465820e-01 -9.961129426956176758e-01 -8.950874209403991699e-01 -9.873943924903869629e-01 -6.314315199851989746e-01 -1.413800865411758423e-01 -2.985444478690624237e-02 -3.577282279729843140e-02 -3.506967723369598389e-01 -1.317055970430374146e-01 3.633150458335876465e-01 8.346024155616760254e-02 9.120648503303527832e-01 4.962480068206787109e-01 9.991823434829711914e-01 9.988781809806823730e-01 -4.388337731361389160e-01 -1.534041762351989746e-01 -4.768831431865692139e-01 3.277902901172637939e-01 9.946372509002685547e-01 -1.392524838447570801e-01 3.261194229125976562e-01 -2.871333360671997070e-01 -9.844868183135986328e-01 -3.515811562538146973e-01 -7.040121555328369141e-01 -1.873056292533874512e-01 9.999347925186157227e-01 -4.340848624706268311e-01 -1.771307438611984253e-01 -4.656738638877868652e-01 -8.789232000708580017e-03 -9.973325729370117188e-01 2.391347438097000122e-01 3.012700378894805908e-01 -9.979040026664733887e-01 5.505226086825132370e-03 8.654404282569885254e-01 -4.234705865383148193e-01 8.850422501564025879e-01 -6.401392072439193726e-02 9.873602390289306641e-01 1.900133304297924042e-02 -3.696945011615753174e-01 4.470920264720916748e-01 1.218584999442100525e-01 1.245237216353416443e-01 -9.970859885215759277e-01 -8.888173699378967285e-01 -2.760268151760101318e-01 -2.823601961135864258e-01 9.455018043518066406e-01 9.396321326494216919e-02 -8.628523349761962891e-02 -9.984288215637207031e-01 9.968159794807434082e-01 -1.276106536388397217e-01 -4.643510282039642334e-02 9.965894222259521484e-01 9.963432550430297852e-01 9.998332262039184570e-01 -9.278944134712219238e-01 -3.911441564559936523e-01 -9.958420991897583008e-01 -4.712701141834259033e-01 4.889570549130439758e-02 5.350401401519775391e-01 -3.231921792030334473e-01 -2.206086516380310059e-01 -9.926250576972961426e-01 1.086808741092681885e-01 9.483951926231384277e-01 -1.529531329870223999e-01 4.631247818470001221e-01 -9.066993594169616699e-01 1.495119184255599976e-01 4.195550978183746338e-01 -1.997438222169876099e-01 2.290561348199844360e-01 -8.147040009498596191e-01 1.464019119739532471e-01 6.006618142127990723e-01 -9.922267794609069824e-01 -9.647494554519653320e-01 9.256448149681091309e-01 8.016790151596069336e-01 -2.822276055812835693e-01 -9.999911785125732422e-01 -4.603003263473510742e-01 9.165713787078857422e-01 -5.295482277870178223e-01 -2.849519252777099609e-01 -4.186237156391143799e-01 3.793337345123291016e-01 3.005489706993103027e-01 9.755548834800720215e-01 3.388508856296539307e-01 -2.395388782024383545e-01 -9.637216925621032715e-01 2.968126833438873291e-01 9.523072838783264160e-02 -4.091445505619049072e-01 -8.713042736053466797e-01 -2.660313248634338379e-01 -1.162074431777000427e-01 -9.678951501846313477e-01 7.584988325834274292e-02 4.229518175125122070e-01 9.296154975891113281e-01 -9.020131826400756836e-01 7.938181515783071518e-04 -9.896373152732849121e-01 -7.083120346069335938e-01 -7.845167815685272217e-02 -7.213198393583297729e-02 -9.906482100486755371e-01 -1.284370720386505127e-01 -5.347287654876708984e-01 -2.317759841680526733e-01 9.709481000900268555e-01 8.986590504646301270e-01 4.368894100189208984e-01 3.907482326030731201e-02 4.685614705085754395e-01 -9.947811961174011230e-01 9.593935012817382812e-01 -9.643570184707641602e-01 -5.105543136596679688e-01 4.380554258823394775e-01 9.650332331657409668e-01 3.710661232471466064e-01 -1.512446701526641846e-01 8.327125310897827148e-01 1.953211128711700439e-01 4.428466260433197021e-01 -9.588247537612915039e-01 9.823949933052062988e-01 -8.890833854675292969e-01 -2.553471624851226807e-01 -3.523242175579071045e-01 -2.461292892694473267e-01 -3.411168456077575684e-01 -2.541687488555908203e-01 2.223762273788452148e-01 -5.823330879211425781e-01 1.980777531862258911e-01 -3.254580497741699219e-01 6.183433905243873596e-02 2.492145001888275146e-01 -1.888099908828735352e-01 2.472102940082550049e-01 -1.398012042045593262e-01 2.127404883503913879e-02 9.999064207077026367e-01 -3.311188519001007080e-01 -2.635449543595314026e-02 -4.510725438594818115e-01 7.455126643180847168e-01 9.696645140647888184e-01 1.568825915455818176e-02 -1.044663973152637482e-02 -9.690017104148864746e-01 -2.252241522073745728e-01 -3.329512476921081543e-01 -3.053253702819347382e-02 5.237053632736206055e-01 1.053752973675727844e-01 9.988890886306762695e-01 4.696153700351715088e-01 9.941473007202148438e-01 8.672764152288436890e-02 9.895102381706237793e-01 4.809530973434448242e-01 9.596025347709655762e-01 -9.905709624290466309e-01 -9.919205904006958008e-01 -8.135939240455627441e-01 2.167369276285171509e-01 3.317417502403259277e-01 -3.718635737895965576e-01 -9.657282233238220215e-01 9.938522577285766602e-01 -2.106706798076629639e-01 9.737845063209533691e-01 -4.047566950321197510e-01 9.128156118094921112e-03 -8.969367146492004395e-01 -3.094987571239471436e-01 -3.710389733314514160e-01 -1.142828911542892456e-01 -3.131037950515747070e-01 -1.417313069105148315e-01 4.673945307731628418e-01 1.418273150920867920e-01 9.343199133872985840e-01 -1.680196225643157959e-01 9.740813970565795898e-01 9.657567739486694336e-01 -2.784684002399444580e-01 -8.996872305870056152e-01 9.127001166343688965e-01 -3.578082621097564697e-01 4.267313778400421143e-01 8.956590890884399414e-01 -9.756674766540527344e-01 -6.139865517616271973e-01 9.769381284713745117e-01 2.904314398765563965e-01 -3.237121924757957458e-02 -2.758031487464904785e-01 3.426198959350585938e-01 -9.209648966789245605e-01 -1.253549307584762573e-01 -9.401136636734008789e-01 3.649362549185752869e-02 -9.914564490318298340e-01 -4.110680520534515381e-02 -7.189144492149353027e-01 9.206786155700683594e-01 -1.917233318090438843e-01 -9.288416057825088501e-02 9.203167259693145752e-02 -5.276299268007278442e-02 9.776480793952941895e-01 4.680109024047851562e-01 -9.459820985794067383e-01 -2.938981354236602783e-01 -2.420837990939617157e-02 -3.219845592975616455e-01 9.799683094024658203e-01 9.918356537818908691e-01 -2.633395977318286896e-02 9.952710866928100586e-01 7.016454935073852539e-01 2.631759643554687500e-01 8.446143865585327148e-01 1.357579678297042847e-01 2.744150757789611816e-01 4.414523243904113770e-01 2.191605120897293091e-01 -4.977056086063385010e-01 -4.696571528911590576e-01 1.600470095872879028e-01 9.999310970306396484e-01 2.581087648868560791e-01 -5.195508897304534912e-02 -6.057178378105163574e-01 -4.420641958713531494e-01 8.334237933158874512e-01 -3.587374985218048096e-01 -8.580873608589172363e-01 2.672041058540344238e-01 -6.700374931097030640e-02 -3.176636993885040283e-01 8.062849044799804688e-01 9.996057152748107910e-01 -9.980116486549377441e-01 -2.025496363639831543e-01 1.308597177267074585e-01 9.954457879066467285e-01 -4.397119954228401184e-02 -9.552662968635559082e-01 9.998757839202880859e-01 -4.806988239288330078e-01 -6.981947422027587891e-01 9.959406256675720215e-01 7.589250802993774414e-02 8.364436030387878418e-01 2.678604722023010254e-01 -9.607295989990234375e-01 -9.511567354202270508e-01 6.503164172172546387e-01 9.970350861549377441e-01 9.491991400718688965e-01 6.280801026150584221e-04 3.812897503376007080e-01 -3.479705154895782471e-01 -9.974533319473266602e-01 -9.999416470527648926e-01 -9.913929700851440430e-01 4.460024535655975342e-01 4.128834307193756104e-01 6.915779113769531250e-01 7.628617882728576660e-01 -9.979861378669738770e-01 -5.311213731765747070e-01 9.938610792160034180e-01 -3.137199282646179199e-01 9.704350829124450684e-01 9.997921586036682129e-01 -5.260123014450073242e-01 4.855474829673767090e-02 9.985872507095336914e-01 -4.033563733100891113e-01 -5.851515531539916992e-01 4.859090968966484070e-02 9.906064867973327637e-01 -3.460743427276611328e-01 2.239588201045989990e-01 2.019962370395660400e-01 -9.612649679183959961e-01 -1.449641585350036621e-01 9.960647225379943848e-01 6.753897666931152344e-01 -1.101474761962890625e-01 3.258061828091740608e-03 6.230087876319885254e-01 9.816493093967437744e-02 9.992733597755432129e-01 3.344763219356536865e-01 -3.441103994846343994e-01 1.068791225552558899e-01 -9.402907490730285645e-01 -1.859680712223052979e-01 -3.757669925689697266e-01 -9.411579966545104980e-01 -2.395723015069961548e-01 -5.920485854148864746e-01 1.893806755542755127e-01 9.850987792015075684e-01 -7.411662489175796509e-02 -3.090142607688903809e-01 9.607390165328979492e-01 4.652326703071594238e-01 2.175844609737396240e-01 2.115000784397125244e-02 -9.872983098030090332e-01 -2.804410457611083984e-01 4.870958328247070312e-01 9.995284676551818848e-01 2.023118138313293457e-01 -4.465214908123016357e-01 7.279310226440429688e-01 -8.913217186927795410e-01 -2.323812097311019897e-01 4.103892147541046143e-01 9.981346130371093750e-01 -2.109290957450866699e-01 8.398721814155578613e-01 2.246902585029602051e-01 -3.780259191989898682e-01 -3.090392351150512695e-01 -3.729312121868133545e-01 2.806355953216552734e-01 3.912199139595031738e-01 -7.851050496101379395e-01 -3.194707930088043213e-01 -2.669920325279235840e-01 -5.019358918070793152e-02 -9.493073225021362305e-01 -2.741233706474304199e-01 -5.743963718414306641e-01 -4.171440005302429199e-01 1.848978102207183838e-01 -9.120191335678100586e-01 -2.264025211334228516e-01 7.253202795982360840e-01 1.869581192731857300e-01 6.236596107482910156e-01 -5.084195733070373535e-01 9.841837286949157715e-01 -3.030286356806755066e-02 5.450572967529296875e-01 6.845262050628662109e-01 -9.998633265495300293e-01 3.928797841072082520e-01 2.523147463798522949e-01 -2.841001152992248535e-01 3.054830431938171387e-01 5.659316778182983398e-01 1.583607867360115051e-02 -9.991704821586608887e-01 2.751155495643615723e-01 9.171100854873657227e-01 -9.846444725990295410e-01 2.805114090442657471e-01 -4.998875558376312256e-01 2.325316965579986572e-01 -5.805670619010925293e-01 -4.416450262069702148e-01 8.480587005615234375e-01 -9.998404979705810547e-01 -3.085021674633026123e-01 -8.912430703639984131e-02 -9.328482300043106079e-02 8.500034362077713013e-02 -3.841234743595123291e-01 9.592595100402832031e-01 -1.175962314009666443e-01 2.167974710464477539e-01 -8.807567358016967773e-01 -2.936282753944396973e-01 -4.716453850269317627e-01 9.923017024993896484e-01 8.101372122764587402e-01 1.722166985273361206e-01 1.103995963931083679e-01 4.461153447628021240e-01 -8.838387727737426758e-01 6.017116904258728027e-01 4.312600195407867432e-01 -9.913826584815979004e-01 1.112612411379814148e-01 4.474984109401702881e-01 3.822748064994812012e-01 4.297555088996887207e-01 -9.553303569555282593e-02 -7.932477593421936035e-01 -7.750700116157531738e-01 -3.859485387802124023e-01 9.977297782897949219e-01 2.823546826839447021e-01 8.097426295280456543e-01 3.996541798114776611e-01 -9.998963475227355957e-01 3.002358078956604004e-01 -5.202509090304374695e-02 -6.634316593408584595e-02 1.480448693037033081e-01 2.185255140066146851e-01 -6.947302222251892090e-01 9.979085326194763184e-01 -9.999594092369079590e-01 -9.066616296768188477e-01 5.477202534675598145e-01 -3.882849216461181641e-01 7.681215181946754456e-03 1.197773441672325134e-01 -2.647282183170318604e-01 -2.301064580678939819e-01 -9.996794462203979492e-01 -9.693018794059753418e-01 3.643189966678619385e-01 -9.948698878288269043e-01 -9.721387028694152832e-01 -8.869157433509826660e-01 3.388154804706573486e-01 -9.742727875709533691e-02 2.384914606809616089e-01 -9.317797422409057617e-02 2.698625922203063965e-01 -1.320265382528305054e-01 9.855698943138122559e-01 4.772779047489166260e-01 4.096837937831878662e-01 1.906920373439788818e-01 -2.554645538330078125e-01 -6.763395667076110840e-02 5.953963994979858398e-01 9.651092886924743652e-01 -1.359895430505275726e-02 -9.833131432533264160e-01 4.280227124691009521e-01 4.591825604438781738e-01 9.998290538787841797e-01 8.291712403297424316e-01 2.675356268882751465e-01 -9.993258118629455566e-01 -9.424579143524169922e-02 4.061954915523529053e-01 -9.279926419258117676e-01 5.237003564834594727e-01 -1.942370384931564331e-01 1.177091598510742188e-01 -9.583642482757568359e-01 -6.494297385215759277e-01 4.946871101856231689e-01 -9.907258152961730957e-01 8.930292725563049316e-01 -8.813006430864334106e-02 3.822803795337677002e-01 3.657896816730499268e-01 1.554860621690750122e-01 2.919326126575469971e-01 -7.829860448837280273e-01 4.567208588123321533e-01 -2.609367072582244873e-01 -3.139764964580535889e-01 -1.453978121280670166e-01 -3.085194528102874756e-02 -9.999453425407409668e-01 -6.618162989616394043e-01 -6.170105934143066406e-01 1.907272040843963623e-01 -5.267773196101188660e-02 3.890488445758819580e-01 3.586373031139373779e-01 -9.995071291923522949e-01 9.999706149101257324e-01 -5.423221588134765625e-01 -8.467861264944076538e-02 4.474176168441772461e-01 3.654040396213531494e-01 2.336205542087554932e-02 -9.860649108886718750e-01 9.200587868690490723e-01 -9.390873312950134277e-01 1.424972414970397949e-01 5.563158169388771057e-02 -3.673664331436157227e-01 -9.550400972366333008e-01
-2.196530997753143311e-01 -8.784951567649841309e-01 1.680844463407993317e-02 -1.731199584901332855e-02 -7.591044306755065918e-01 -7.095924019813537598e-01 9.966634511947631836e-01 -9.969580769538879395e-01 1.043895110487937927e-01 -9.225573539733886719e-01 -2.601193487644195557e-01 -8.591982722282409668e-01 -8.434695005416870117e-01 -9.917702078819274902e-01 -9.324420094490051270e-01 -1.439433097839355469e-01 2.956917881965637207e-01 -1.573112457990646362e-01 -2.530311644077301025e-01 -1.215874105691909790e-01 1.908814460039138794e-01 2.896504104137420654e-01 8.471645712852478027e-01 -8.615334033966064453e-01 9.996208548545837402e-01 8.635932207107543945e-01 -4.958952665328979492e-01 -2.185080498456954956e-01 -6.141744256019592285e-01 9.993706345558166504e-01 9.869754910469055176e-01 -1.064349152147769928e-02 -2.801499068737030029e-01 -3.686519265174865723e-01 -7.264591455459594727e-01 -2.508213222026824951e-01 -5.716197490692138672e-01 4.202426970005035400e-02 9.988719820976257324e-01 -1.205151900649070740e-01 1.791196912527084351e-01 -1.374482065439224243e-01 3.026624917984008789e-01 -9.996641874313354492e-01 1.992630213499069214e-01 8.224873542785644531e-01 -9.978805780410766602e-01 -6.059247851371765137e-01 -2.198538333177566528e-01 -3.526605069637298584e-01 7.006300091743469238e-01 -7.565050851553678513e-03 9.966505169868469238e-01 4.659080505371093750e-02 7.373061776161193848e-01 2.855515293776988983e-02 1.075714603066444397e-01 -5.584376305341720581e-02 -9.999107718467712402e-01 -5.607023239135742188e-01 -3.152871429920196533e-01 -1.541419047862291336e-02 9.133309721946716309e-01 2.075491398572921753e-01 4.212052747607231140e-02 -9.960148334503173828e-01 9.992721676826477051e-01 8.902111649513244629e-01 -1.922909468412399292e-01 9.663566350936889648e-01 9.226030111312866211e-01 9.999691843986511230e-01 -6.148170232772827148e-01 -7.057588100433349609e-01 -3.506795763969421387e-01 -7.636932730674743652e-01 1.238665059208869934e-01 4.449270069599151611e-01 1.604898422956466675e-01 2.661066651344299316e-01 -9.999096393585205078e-01 -1.009579524397850037e-01 9.972560405731201172e-01 -7.595332860946655273e-01 9.992063045501708984e-01 -9.792043566703796387e-01 3.958150744438171387e-01 4.657657742500305176e-01 1.089546084403991699e-02 1.735790073871612549e-01 -9.980229139328002930e-01 -2.961051166057586670e-01 6.388628482818603516e-01 -8.478911519050598145e-01 -4.245875179767608643e-01 9.981998205184936523e-01 8.891681432723999023e-01 -1.060140952467918396e-01 -9.996138215065002441e-01 -1.587828844785690308e-01 -8.965495228767395020e-01 -8.651637434959411621e-01 9.714488387107849121e-01 3.926102817058563232e-01 -3.535708487033843994e-01 -1.112779602408409119e-01 7.970721721649169922e-01 2.731159627437591553e-01 1.385645568370819092e-02 -7.081425786018371582e-01 4.387432634830474854e-01 7.537716627120971680e-01 -9.835156202316284180e-01 -9.992152452468872070e-01 -6.397590041160583496e-02 4.865483194589614868e-02 -9.756520986557006836e-01 9.743740558624267578e-01 3.976171016693115234e-01 9.831246137619018555e-01 6.409975886344909668e-01 -1.587508916854858398e-01 -9.922840595245361328e-01 9.852369427680969238e-01 -2.163940668106079102e-01 -4.128260165452957153e-02 -9.994416832923889160e-01 -1.282422542572021484e-01 -3.034394681453704834e-01 2.259632050991058350e-01 -3.014434874057769775e-01 -1.218212321400642395e-01 9.434108138084411621e-01 1.822261810302734375e-01 5.208228230476379395e-01 -9.599285125732421875e-01 9.859747886657714844e-01 -9.993799328804016113e-01 -9.220202565193176270e-01 5.464782714843750000e-01 9.993073940277099609e-01 3.400677144527435303e-01 3.932443633675575256e-02 9.634255766868591309e-01 1.256818026304244995e-01 7.578704953193664551e-01 -9.774854779243469238e-01 9.352618455886840820e-01 9.010062813758850098e-01 5.380692705512046814e-02 -1.968548633158206940e-03 -5.955693311989307404e-03 6.055563092231750488e-01 -1.828049272298812866e-01 1.783453971147537231e-01 -3.336755037307739258e-01 -9.972752928733825684e-01 -3.991888761520385742e-01 3.921613693237304688e-01 1.759212762117385864e-01 4.453924596309661865e-01 -1.469739675521850586e-01 -2.011325508356094360e-01 -3.812299370765686035e-01 9.999960660934448242e-01 -2.613255977630615234e-01 1.906815916299819946e-01 -2.303526252508163452e-01 9.968350529670715332e-01 -3.270245194435119629e-01 2.672723308205604553e-02 -8.807209134101867676e-01 -9.908277392387390137e-01 -9.990063309669494629e-01 6.560171246528625488e-01 -1.330910325050354004e-01 6.410961747169494629e-01 2.846352458000183105e-01 9.972419738769531250e-01 8.991165161132812500e-01 9.840620756149291992e-01 -2.836607396602630615e-02 9.655925631523132324e-01 -9.932761192321777344e-01 2.833339869976043701e-01 -9.795947670936584473e-01 -8.154467344284057617e-01 9.462175369262695312e-01 5.093159079551696777e-01 9.148000478744506836e-01 9.213220477104187012e-01 -9.967176914215087891e-01 9.175274372100830078e-01 -3.104406297206878662e-01 9.970965981483459473e-01 3.663229942321777344e-02 -6.566276550292968750e-01 -9.995064735412597656e-01 -6.683931946754455566e-01 1.028897985816001892e-02 -1.018886119127273560e-01 -3.754022419452667236e-01 9.265662431716918945e-01 2.927189767360687256e-01 1.597121506929397583e-01 -1.490699499845504761e-01 -7.987002283334732056e-02 9.992134571075439453e-01 9.985271692276000977e-01 5.597965791821479797e-02 5.971854925155639648e-01 -9.446997046470642090e-01 -3.614678084850311279e-01 3.242086470127105713e-01 9.986591339111328125e-01 3.217121958732604980e-01 9.355094432830810547e-01 8.492409586906433105e-01 9.995126128196716309e-01 2.674014074727892876e-03 -4.691883623600006104e-01 3.057685196399688721e-01 -8.785659670829772949e-01 3.361902832984924316e-01 -9.125964641571044922e-01 4.179250299930572510e-01 -9.993075728416442871e-01 8.657328039407730103e-02 9.449076056480407715e-01 9.147714972496032715e-01 -3.879085183143615723e-01 4.958683997392654419e-02 -2.487357333302497864e-02 -3.201580345630645752e-01 9.922571778297424316e-01 3.369311690330505371e-01 -2.976293861865997314e-01 3.377150744199752808e-02 -2.018683999776840210e-01 3.394235074520111084e-01 9.927889704704284668e-01 9.999781847000122070e-01 -9.940806627273559570e-01 9.420893788337707520e-01 9.995129704475402832e-01 -3.143090605735778809e-01 9.950286149978637695e-01 -1.747933924198150635e-01 -9.286212325096130371e-01 -2.205171436071395874e-01 4.100012183189392090e-01 2.506006658077239990e-01 -4.278892576694488525e-01 7.980547845363616943e-02 9.997221827507019043e-01 -2.547022104263305664e-01 2.297771424055099487e-01 -9.903156757354736328e-01 -1.489188522100448608e-01 -8.210089802742004395e-01 -2.067771255970001221e-01 -9.947165250778198242e-01 3.477995991706848145e-01 -9.195515513420104980e-01 1.119389608502388000e-01 9.022691249847412109e-01 9.596883058547973633e-01 -9.995387196540832520e-01 3.247212469577789307e-01 -3.367783129215240479e-01 7.989539504051208496e-01 -4.892365336418151855e-01 -9.773342609405517578e-01 9.998852610588073730e-01 -9.583371877670288086e-02 -7.344986796379089355e-01 9.443871378898620605e-01 1.521160602569580078e-01 6.054711937904357910e-01 3.142087757587432861e-01 -9.442266821861267090e-01 -1.438304781913757324e-01 9.790071249008178711e-01 9.974410533905029297e-01 7.404990792274475098e-01 -3.076956272125244141e-01 2.437068223953247070e-01 -1.275816112756729126e-01 -9.997447729110717773e-01 -9.999017119407653809e-01 -9.995654225349426270e-01 3.830534517765045166e-01 -1.580194979906082153e-01 -4.276173710823059082e-01 9.984174966812133789e-01 -9.848552942276000977e-01 -4.853283986449241638e-02 9.138664603233337402e-01 -1.535729467868804932e-01 9.973166584968566895e-01 9.963591694831848145e-01 -9.985808730125427246e-01 -9.307981729507446289e-01 9.985366463661193848e-01 -2.311713397502899170e-01 7.748235464096069336e-01 -4.901622980833053589e-02 9.949552416801452637e-01 -6.164315938949584961e-01 1.500867605209350586e-01 3.605743646621704102e-01 -9.779261350631713867e-01 2.312129139900207520e-01 9.957852363586425781e-01 -2.321846038103103638e-02 3.555343747138977051e-01 -3.229146599769592285e-01 3.497448265552520752e-01 3.244862854480743408e-01 9.999208450317382812e-01 3.299239277839660645e-01 -8.496632575988769531e-01 1.863603144884109497e-01 -8.181062936782836914e-01 -2.991830408573150635e-01 -2.199691087007522583e-01 -6.389393806457519531e-01 8.270903229713439941e-01 -9.994216561317443848e-01 -7.017090916633605957e-01 9.422597885131835938e-01 -1.364884972572326660e-01 -8.732356131076812744e-02 -1.196196898818016052e-01 4.003987312316894531e-01 1.034852415323257446e-01 8.525461889803409576e-03 6.897409260272979736e-02 -9.895994663238525391e-01 1.525750309228897095e-01 9.468836784362792969e-01 -9.435429424047470093e-02 -1.274849921464920044e-01 9.137120246887207031e-01 -3.522044122219085693e-01 6.932496428489685059e-01 9.933598041534423828e-01 9.995432496070861816e-01 -5.264322832226753235e-02 6.007646322250366211e-01 6.622225046157836914e-02 -8.702765405178070068e-02 2.125849723815917969e-01 -4.103752970695495605e-01 9.994423389434814453e-01 2.212898284196853638e-01 9.071761369705200195e-01 -1.457083225250244141e-01 -4.248134195804595947e-01 5.674495361745357513e-03 -6.249831244349479675e-02 -9.991886019706726074e-01 3.024341352283954620e-02 -2.730036079883575439e-01 1.149463281035423279e-01 -9.833188652992248535e-01 -9.994676113128662109e-01 -3.980170488357543945e-01 1.985574364662170410e-01 5.807147026062011719e-01 -1.348786801099777222e-01 9.705234169960021973e-01 2.814425826072692871e-01 6.505379676818847656e-01 -3.784390985965728760e-01 -9.999297261238098145e-01 1.807604134082794189e-01 3.710184991359710693e-01 -2.782940566539764404e-01 3.869852721691131592e-01 4.571215510368347168e-01 -1.631283015012741089e-01 -9.812134504318237305e-01 2.515258491039276123e-01 9.996203780174255371e-01 -2.509794384241104126e-02 5.446074157953262329e-02 2.283037006855010986e-01 9.081627726554870605e-01 -4.663982391357421875e-01 2.458371408283710480e-02 -9.563164710998535156e-01 -9.999541044235229492e-01 -4.299791753292083740e-01 -1.094876974821090698e-01 -2.089418172836303711e-01 8.939834684133529663e-02 -3.419984281063079834e-01 9.028831720352172852e-01 -3.845404833555221558e-02 -9.116223454475402832e-02 4.364190995693206787e-01 9.937924146652221680e-01 9.048385918140411377e-02 -1.162113249301910400e-01 -9.878112673759460449e-01 -9.972584843635559082e-01 3.582993149757385254e-01 1.815181821584701538e-01 -9.962382912635803223e-01 8.686820268630981445e-01 9.954098463058471680e-01 -9.967485666275024414e-01 5.064886808395385742e-02 6.630914211273193359e-01 1.524021178483963013e-01 2.080014348030090332e-01 7.641543149948120117e-01 4.033086299896240234e-01 6.627192497253417969e-01 5.450746789574623108e-02 9.744538068771362305e-01 -1.915640681982040405e-01 9.844738841056823730e-01 3.115140199661254883e-01 -9.710307717323303223e-01 -1.793934702873229980e-01 4.062179625034332275e-01 -1.124958768486976624e-01 -1.685769110918045044e-01 3.091889321804046631e-01 -9.993814229965209961e-01 7.240651845932006836e-01 -9.999716281890869141e-01 -9.995493292808532715e-01 2.468220144510269165e-01 -9.383563995361328125e-01 -9.929969310760498047e-01 2.659562826156616211e-01 -3.411599695682525635e-01 -4.129077866673469543e-02 -9.863482117652893066e-01 -9.487136006355285645e-01 3.218450024724006653e-02 -6.613153219223022461e-01 -9.935890436172485352e-01 -9.962012767791748047e-01 6.956256926059722900e-02 -2.383866459131240845e-01 1.125057041645050049e-01 -1.027757599949836731e-01 -1.480615139007568359e-01 2.316572964191436768e-01 9.305891990661621094e-01 4.384139776229858398e-01 7.186436057090759277e-01 -6.889770925045013428e-02 1.931979358196258545e-01 1.809374988079071045e-01 9.725472927093505859e-01 6.686133332550525665e-03 -1.736769219860434532e-03 -9.958419799804687500e-01 -3.266390264034271240e-01 9.993549585342407227e-01 9.996062517166137695e-01 9.275389313697814941e-01 9.234819412231445312e-01 -9.996454119682312012e-01 -6.343331933021545410e-02 2.276345640420913696e-01 -9.862654209136962891e-01 9.906369447708129883e-01 -4.055136442184448242e-01 8.709207922220230103e-02 -9.950562119483947754e-01 -9.036754369735717773e-01 5.568881630897521973e-01 -9.609314203262329102e-01 9.920052886009216309e-01 1.383637078106403351e-02 6.162199974060058594e-01 7.694264501333236694e-02 2.515772581100463867e-01 2.714072167873382568e-01 -9.863128066062927246e-01 -9.857585430145263672e-01 -1.574202030897140503e-01 3.832742273807525635e-01 -1.856831274926662445e-02 5.004107356071472168e-01 -9.999927878379821777e-01 -5.745016336441040039e-01 5.004315376281738281e-01 4.722147062420845032e-02 -8.175165206193923950e-02 -1.431873589754104614e-01 1.965408772230148315e-02 -4.418069720268249512e-01 9.998769760131835938e-01 -9.392392039299011230e-01 2.651089131832122803e-01 -4.039892926812171936e-02 -3.471657633781433105e-01 -3.834881186485290527e-01 -9.879919290542602539e-01 3.629958331584930420e-01 6.205613613128662109e-01 -1.010503172874450684e-01 1.879132390022277832e-01 7.713477313518524170e-02 1.745893508195877075e-01
-8.449368476867675781e-01 7.912213206291198730e-01 5.368378385901451111e-02 8.375446498394012451e-02 -7.601601481437683105e-01 -9.912347197532653809e-01 9.995543360710144043e-01 -9.984490275382995605e-01 -1.672400683164596558e-01 -8.104489445686340332e-01 2.609743550419807434e-02 -9.574105143547058105e-01 7.676573991775512695e-01 -9.844751358032226562e-01 -9.829094409942626953e-01 -1.904511302709579468e-01 -2.449260205030441284e-01 3.166871145367622375e-02 -3.033480942249298096e-01 -2.717204689979553223e-01 3.019527196884155273e-01 9.086724370718002319e-02 4.047567024827003479e-02 -9.865037798881530762e-01 9.997715950012207031e-01 8.615023493766784668e-01 1.291763931512832642e-01 -2.461397051811218262e-01 5.056819915771484375e-01 9.999862909317016602e-01 8.829241991043090820e-01 -9.275259077548980713e-02 1.685139834880828857e-01 3.048965334892272949e-02 1.301314383745193481e-01 2.307689487934112549e-01 -1.862422078847885132e-01 -2.234849520027637482e-02 8.739534020423889160e-01 -9.764567017555236816e-02 -1.794075369834899902e-01 -3.129575550556182861e-01 -6.938884407281875610e-02 -9.965128302574157715e-01 4.802646040916442871e-01 9.529206752777099609e-01 -4.456693828105926514e-01 5.799428373575210571e-02 9.242552518844604492e-01 8.447349071502685547e-02 5.744119882583618164e-01 8.127825707197189331e-02 9.967264533042907715e-01 -1.697635501623153687e-01 8.705784678459167480e-01 5.202476866543292999e-03 1.855846047401428223e-01 -4.144043028354644775e-01 -9.988139867782592773e-01 9.329543709754943848e-01 -4.329943358898162842e-01 9.115719795227050781e-02 7.242591381072998047e-01 -2.403275966644287109e-01 8.326616138219833374e-02 -9.995556473731994629e-01 9.942983984947204590e-01 9.840763807296752930e-01 1.476617604494094849e-01 9.256154298782348633e-01 9.755906462669372559e-01 9.994369745254516602e-01 3.707926869392395020e-01 -9.959555864334106445e-01 -9.790723323822021484e-01 2.263601869344711304e-02 -1.786234788596630096e-02 3.014931380748748779e-01 7.101347297430038452e-02 -2.694473862648010254e-01 -9.289426207542419434e-01 -1.546544879674911499e-01 9.985861182212829590e-01 -9.583724737167358398e-01 9.999539852142333984e-01 -1.357603371143341064e-01 6.968129426240921021e-02 2.560864090919494629e-01 -2.472944706678390503e-01 -2.422512471675872803e-01 -9.997690320014953613e-01 -2.652269899845123291e-01 3.066088557243347168e-01 -9.995934367179870605e-01 -3.343685269355773926e-01 9.500623941421508789e-01 9.929503202438354492e-01 -5.181934311985969543e-02 -9.980499148368835449e-01 -1.423842646181583405e-02 -9.807567000389099121e-01 -9.301584362983703613e-01 2.133056372404098511e-01 -1.413618326187133789e-01 2.783234119415283203e-01 -1.886189430952072144e-01 9.451795220375061035e-01 1.730369776487350464e-01 -2.956611812114715576e-01 2.885800302028656006e-01 -5.106427073478698730e-01 4.458153247833251953e-01 -8.805260658264160156e-01 -9.999423027038574219e-01 -1.435175538063049316e-01 3.374581634998321533e-01 -7.407587170600891113e-01 9.959399700164794922e-01 -4.802696034312248230e-02 9.991379380226135254e-01 3.929753601551055908e-01 -9.437272697687149048e-02 -9.997342824935913086e-01 9.909731745719909668e-01 -9.491696208715438843e-02 -1.662543416023254395e-01 -9.620037078857421875e-01 -3.140389621257781982e-01 -3.632316589355468750e-01 -1.523697078227996826e-01 9.920215606689453125e-01 9.333886504173278809e-01 1.477496325969696045e-01 -2.688204646110534668e-01 4.760984182357788086e-01 -9.405209422111511230e-01 9.913747310638427734e-01 -9.999090433120727539e-01 -3.778778016567230225e-01 3.379696607589721680e-01 9.946917295455932617e-01 3.558830320835113525e-01 -1.328588873147964478e-01 9.992202520370483398e-01 -3.379303812980651855e-01 5.527964830398559570e-01 -9.981468915939331055e-01 9.554295539855957031e-01 9.854719638824462891e-01 -2.664783895015716553e-01 -3.832338750362396240e-01 3.622896596789360046e-02 9.941322803497314453e-01 -3.949336409568786621e-01 2.243591845035552979e-01 -1.094755306839942932e-01 -9.998819231986999512e-01 -1.774012595415115356e-01 2.069214880466461182e-01 4.421945512294769287e-01 -2.683262825012207031e-01 8.648389577865600586e-02 4.400123059749603271e-01 -6.081086993217468262e-01 9.999732971191406250e-01 -2.378154844045639038e-01 -3.255845308303833008e-01 -6.270465254783630371e-01 9.857420921325683594e-01 4.214905202388763428e-01 4.250903725624084473e-01 -9.890192151069641113e-01 -9.967569708824157715e-01 -9.999802708625793457e-01 8.026644587516784668e-01 4.950390458106994629e-01 8.766782283782958984e-01 2.684933841228485107e-01 9.998729825019836426e-01 9.926238059997558594e-01 9.263134598731994629e-01 -1.121920049190521240e-01 9.998530745506286621e-01 -9.813832044601440430e-01 9.746157526969909668e-01 -9.975187182426452637e-01 -9.569582939147949219e-01 -9.389617294073104858e-02 3.469908833503723145e-01 2.210692316293716431e-01 8.400517106056213379e-01 -9.801298975944519043e-01 -5.904015898704528809e-01 -1.418957207351922989e-02 9.980449676513671875e-01 -2.234745584428310394e-02 -8.695510029792785645e-01 -9.999741911888122559e-01 -9.843236804008483887e-01 1.152454614639282227e-01 -1.920385807752609253e-01 -1.589818596839904785e-01 7.729738950729370117e-01 -2.078640162944793701e-01 -2.263705730438232422e-01 -6.843419075012207031e-01 -7.289320696145296097e-03 9.742607474327087402e-01 9.738261103630065918e-01 -2.027313858270645142e-01 8.625670671463012695e-01 3.533510118722915649e-02 1.285099536180496216e-01 4.408843815326690674e-01 9.998356103897094727e-01 5.966900587081909180e-01 9.705037474632263184e-01 6.406741142272949219e-01 9.999818801879882812e-01 -1.561534851789474487e-01 -8.775832653045654297e-01 2.281459569931030273e-01 -8.044315576553344727e-01 3.236011266708374023e-01 -5.586062073707580566e-01 9.125416278839111328e-01 -9.999501705169677734e-01 -1.782178133726119995e-01 4.786191880702972412e-01 9.915072321891784668e-01 3.153848350048065186e-01 -1.718915626406669617e-02 -2.718298435211181641e-01 5.599300265312194824e-01 9.993224740028381348e-01 3.133788108825683594e-01 -6.526473164558410645e-01 -1.268918067216873169e-01 2.920721173286437988e-01 1.266175657510757446e-01 -3.097760379314422607e-01 9.999926090240478516e-01 -9.986900687217712402e-01 8.403064012527465820e-01 9.997567534446716309e-01 1.657757461071014404e-01 8.292871117591857910e-01 -1.048756316304206848e-01 -3.917198777198791504e-01 1.778613924980163574e-01 3.236474394798278809e-01 -4.806452244520187378e-02 -2.766885161399841309e-01 3.184280097484588623e-01 9.997807741165161133e-01 4.254800453782081604e-02 -8.360841870307922363e-02 -9.990604519844055176e-01 5.825808644294738770e-01 9.570442438125610352e-01 -4.000211656093597412e-01 -2.396403811872005463e-02 3.932140022516250610e-02 -8.426057100296020508e-01 1.771309822797775269e-01 9.923850297927856445e-01 9.959271550178527832e-01 -9.495865702629089355e-01 4.924234151840209961e-01 -2.825510799884796143e-01 9.994854927062988281e-01 -2.445032820105552673e-02 -9.834046363830566406e-01 9.954496026039123535e-01 -4.948809742927551270e-01 -9.139320254325866699e-01 9.949686527252197266e-01 3.688216805458068848e-01 -2.151632457971572876e-01 -1.794196814298629761e-01 -9.999340176582336426e-01 -6.800805926322937012e-01 9.650326967239379883e-01 9.958944320678710938e-01 9.920653104782104492e-01 -4.860131442546844482e-02 4.160269796848297119e-01 1.214596480131149292e-01 -9.999209642410278320e-01 -9.999232292175292969e-01 -9.965369105339050293e-01 6.251917481422424316e-01 1.966878324747085571e-01 -4.435373246669769287e-01 9.995656013488769531e-01 -9.858266115188598633e-01 -2.496945708990097046e-01 9.891239404678344727e-01 1.883124560117721558e-01 9.841576218605041504e-01 9.970910549163818359e-01 -9.987590312957763672e-01 -9.922299981117248535e-01 9.952961206436157227e-01 -4.379307031631469727e-01 -1.590068936347961426e-01 3.825310170650482178e-01 9.976791739463806152e-01 2.710697352886199951e-01 3.288968205451965332e-01 -2.287648022174835205e-01 -8.862295746803283691e-01 6.045225635170936584e-02 9.944288134574890137e-01 7.114724516868591309e-01 -1.574323028326034546e-01 1.701478809118270874e-01 2.820478379726409912e-01 3.513649106025695801e-01 9.887006878852844238e-01 -8.445598930120468140e-02 -9.463093280792236328e-01 -3.085339069366455078e-01 -6.893727183341979980e-01 -3.925872445106506348e-01 -4.532220661640167236e-01 -3.852429389953613281e-01 8.560194373130798340e-01 -9.999777674674987793e-01 -2.098119556903839111e-01 9.996492862701416016e-01 -2.720067799091339111e-01 3.263881206512451172e-01 1.624859571456909180e-01 1.589411683380603790e-02 4.333535730838775635e-01 2.682521045207977295e-01 -4.346014857292175293e-01 -9.991183280944824219e-01 5.443005561828613281e-01 9.984688758850097656e-01 -2.391264736652374268e-01 -3.032103478908538818e-01 8.452596068382263184e-01 3.264479935169219971e-01 -1.233620569109916687e-01 9.987181425094604492e-01 9.999474883079528809e-01 4.393998980522155762e-01 9.160593748092651367e-01 6.028180718421936035e-01 -8.560029789805412292e-03 -7.415995001792907715e-01 -1.031282395124435425e-01 9.999865293502807617e-01 -1.724389195442199707e-01 9.452757835388183594e-01 -2.323980927467346191e-01 -3.863376379013061523e-01 -9.063469478860497475e-04 -8.836984038352966309e-01 -9.999763369560241699e-01 4.263158421963453293e-03 -4.985652491450309753e-02 6.464903056621551514e-02 -6.187894940376281738e-01 -9.999864101409912109e-01 3.808307051658630371e-01 2.128218561410903931e-01 2.851705551147460938e-01 -1.019953116774559021e-01 9.953025579452514648e-01 -4.573898017406463623e-01 3.841570019721984863e-01 -8.824143409729003906e-01 -9.998765587806701660e-01 -2.468294650316238403e-01 5.793718248605728149e-02 9.170964360237121582e-03 1.970447450876235962e-01 5.966675877571105957e-01 2.065985277295112610e-02 -9.709593057632446289e-01 5.975996330380439758e-02 9.993955492973327637e-01 9.780357480049133301e-01 5.657756328582763672e-01 1.415413990616798401e-02 9.678337574005126953e-01 -3.991590142250061035e-01 -4.729221165180206299e-01 5.916116237640380859e-01 -9.998189210891723633e-01 -6.786102801561355591e-02 -1.751717180013656616e-01 -3.294453322887420654e-01 -3.098641522228717804e-03 -5.017861127853393555e-01 9.906720519065856934e-01 1.457562148571014404e-01 -1.766260713338851929e-01 -2.177242189645767212e-01 9.995771646499633789e-01 -5.630450248718261719e-01 3.045817911624908447e-01 -9.703114628791809082e-01 -9.999140501022338867e-01 5.469839088618755341e-03 1.559698730707168579e-01 -9.936243295669555664e-01 -9.507779479026794434e-01 8.363987803459167480e-01 -9.933827519416809082e-01 1.645806245505809784e-02 1.688168346881866455e-01 1.147474348545074463e-01 7.853289693593978882e-02 4.762723445892333984e-01 6.911936402320861816e-01 -1.136513426899909973e-01 -4.766747653484344482e-01 9.676551818847656250e-01 -1.699367165565490723e-01 9.701529145240783691e-01 3.618735074996948242e-01 -9.228450655937194824e-01 -1.780582815408706665e-01 3.471032381057739258e-01 1.951975226402282715e-01 -3.701509535312652588e-01 4.304460287094116211e-01 -9.974778890609741211e-01 9.890089035034179688e-01 -9.999596476554870605e-01 -9.960428476333618164e-01 8.330669999122619629e-02 -9.847028851509094238e-01 -9.993986487388610840e-01 -1.790905147790908813e-01 -6.628110259771347046e-02 -5.870424211025238037e-03 -9.621607661247253418e-01 -9.976149201393127441e-01 5.041782259941101074e-01 -9.768196344375610352e-01 -7.466360330581665039e-01 -9.938582777976989746e-01 1.391455829143524170e-01 -1.748017370700836182e-01 2.620351687073707581e-02 5.810002684593200684e-01 2.840666472911834717e-01 1.767638772726058960e-01 5.926403999328613281e-01 1.292294561862945557e-01 9.659124612808227539e-01 4.878428876399993896e-01 1.101163402199745178e-01 -3.294106721878051758e-01 9.592727422714233398e-01 -6.497540473937988281e-01 1.266229599714279175e-01 -9.959487318992614746e-01 8.852423727512359619e-02 9.999678134918212891e-01 9.998794794082641602e-01 9.907693862915039062e-01 9.900906682014465332e-01 -9.966920614242553711e-01 -1.537048667669296265e-01 3.237842023372650146e-01 6.743170022964477539e-01 9.989843964576721191e-01 8.022140711545944214e-02 4.933905005455017090e-01 -9.491721987724304199e-01 1.494682133197784424e-01 1.532594561576843262e-01 -9.989230632781982422e-01 9.876406192779541016e-01 -1.789421588182449341e-02 3.686772882938385010e-01 1.940241754055023193e-01 3.002662360668182373e-01 1.026240363717079163e-01 3.576548695564270020e-01 -9.969486594200134277e-01 -1.757715940475463867e-01 1.274640113115310669e-01 -1.117836683988571167e-01 -1.783034056425094604e-01 -9.999982118606567383e-01 5.164617300033569336e-01 -5.044253468513488770e-01 7.119956612586975098e-02 6.417697668075561523e-02 -3.855094611644744873e-01 2.338438183069229126e-01 -1.924494504928588867e-01 9.999504685401916504e-01 -6.903274655342102051e-01 4.201399683952331543e-01 4.269354417920112610e-02 -1.570052504539489746e-01 2.707522511482238770e-01 -9.306123256683349609e-01 -5.986120104789733887e-01 9.810569882392883301e-01 3.112607598304748535e-01 -3.237599134445190430e-02 -4.341633617877960205e-01 6.793921589851379395e-01
8.572372794151306152e-01 6.817088127136230469e-01 -2.275853455066680908e-01 2.645912468433380127e-01 -2.081349045038223267e-01 -6.400118470191955566e-01 9.983950257301330566e-01 -9.989238977432250977e-01 -2.513881325721740723e-01 -9.988340735435485840e-01 -2.884836792945861816e-01 -9.475779533386230469e-01 -4.817073941230773926e-01 -9.900460243225097656e-01 -9.363569021224975586e-01 -3.489997610449790955e-02 -1.088858842849731445e-01 1.726634055376052856e-01 -8.765308856964111328e-01 -1.359848231077194214e-01 6.993984580039978027e-01 3.284086883068084717e-01 1.939042657613754272e-01 -9.405212402343750000e-01 9.989379048347473145e-01 9.256102442741394043e-01 -2.927905917167663574e-01 -5.832490324974060059e-01 5.014431476593017578e-01 9.995637536048889160e-01 9.909095168113708496e-01 3.088734745979309082e-01 2.832241952419281006e-01 -4.215957224369049072e-02 -8.582677245140075684e-01 -2.641060650348663330e-01 3.002791404724121094e-01 -3.329332768917083740e-01 9.579944610595703125e-01 -9.975896030664443970e-02 -7.121134549379348755e-02 -2.097274959087371826e-01 3.212501108646392822e-01 -9.926130175590515137e-01 -2.418582886457443237e-02 9.730653166770935059e-01 -9.745100140571594238e-01 -2.879523932933807373e-01 -3.646360039710998535e-01 -4.802897870540618896e-01 9.157813191413879395e-01 4.737344384193420410e-02 9.287767410278320312e-01 -4.655401408672332764e-01 5.711655020713806152e-01 5.684078931808471680e-01 1.025810986757278442e-01 -2.129545956850051880e-01 -9.999039173126220703e-01 -2.971266806125640869e-01 -1.419752985239028931e-01 -4.064728915691375732e-01 9.370195865631103516e-01 2.960773706436157227e-01 3.949451725929975510e-03 -8.921052813529968262e-01 6.733522415161132812e-01 8.324506878852844238e-01 3.350689709186553955e-01 4.187521338462829590e-01 5.904579162597656250e-01 9.999935030937194824e-01 -2.974549531936645508e-01 -9.381731152534484863e-01 -8.036017417907714844e-01 -1.189956292510032654e-01 -9.260945767164230347e-02 5.533072352409362793e-01 3.525486886501312256e-01 -3.870925307273864746e-02 -9.935464262962341309e-01 2.675638534128665924e-03 9.909398555755615234e-01 -8.053376078605651855e-01 9.986428618431091309e-01 -9.610543847084045410e-01 -2.945714890956878662e-01 2.959231734275817871e-01 -7.510574460029602051e-01 2.115069478750228882e-01 -9.963030219078063965e-01 3.276812434196472168e-01 2.671871185302734375e-01 -9.986829161643981934e-01 -2.895545363426208496e-01 7.336006760597229004e-01 6.364516615867614746e-01 -3.047340810298919678e-01 -9.997374415397644043e-01 3.361175954341888428e-01 -4.024905264377593994e-01 -9.205831289291381836e-01 3.644097447395324707e-01 -1.926771253347396851e-01 1.714521497488021851e-01 1.375270187854766846e-01 -8.762455731630325317e-02 3.992080092430114746e-01 -4.298202693462371826e-01 9.140095114707946777e-01 5.153165664523839951e-03 5.629051923751831055e-01 -9.505488872528076172e-01 -9.987397193908691406e-01 -3.353411853313446045e-01 3.835886716842651367e-01 -9.482803940773010254e-01 9.624291062355041504e-01 -2.405812777578830719e-02 9.960088729858398438e-01 -1.105360537767410278e-01 -1.579986065626144409e-01 -9.949443936347961426e-01 9.958318471908569336e-01 -3.557188808917999268e-01 6.169745326042175293e-02 -9.770436882972717285e-01 9.926769137382507324e-02 -4.153513610363006592e-01 -3.118825256824493408e-01 9.993497729301452637e-01 1.639344263821840286e-04 8.799360990524291992e-01 2.459422945976257324e-01 3.811182975769042969e-01 -9.940267801284790039e-01 5.664865374565124512e-01 -9.990043640136718750e-01 -5.027187466621398926e-01 3.702338039875030518e-01 9.998251199722290039e-01 3.960537016391754150e-01 -2.930478006601333618e-02 9.679899215698242188e-01 2.056309580802917480e-02 9.743420481681823730e-01 -9.925621747970581055e-01 9.935035705566406250e-01 1.336860805749893188e-01 -2.076509594917297363e-01 -3.368616700172424316e-01 -3.848078846931457520e-01 9.482741951942443848e-01 -4.167506396770477295e-01 1.106966808438301086e-01 -1.172627061605453491e-01 -9.934647679328918457e-01 9.446688890457153320e-01 -5.512407049536705017e-02 5.937588810920715332e-01 -3.636038303375244141e-01 3.514939546585083008e-01 -2.074279487133026123e-01 -6.176780462265014648e-01 9.999980926513671875e-01 -6.002358794212341309e-01 -2.388321459293365479e-01 -6.936888694763183594e-01 9.439776539802551270e-01 -4.108919203281402588e-01 3.871667385101318359e-02 -8.813068270683288574e-01 -9.888814687728881836e-01 -9.993112683296203613e-01 2.291152998805046082e-02 2.194959670305252075e-01 6.948191523551940918e-01 -3.217679634690284729e-02 9.966815710067749023e-01 9.819801449775695801e-01 9.162925481796264648e-01 -3.016545772552490234e-01 9.991907477378845215e-01 -9.569819569587707520e-01 8.884878754615783691e-01 -9.960466623306274414e-01 -9.785987138748168945e-01 9.851247668266296387e-01 2.721013724803924561e-01 8.879190087318420410e-01 -3.296125531196594238e-01 -9.501200318336486816e-01 -6.241357922554016113e-01 -3.617012500762939453e-01 9.937334060668945312e-01 -1.831046938896179199e-01 -2.776380181312561035e-01 -9.991070032119750977e-01 -2.717567682266235352e-01 3.750228583812713623e-01 9.836866706609725952e-02 -4.694449007511138916e-01 8.286878466606140137e-01 5.597144961357116699e-01 1.223280206322669983e-01 7.645782828330993652e-01 2.195448130369186401e-01 9.576385617256164551e-01 9.944304227828979492e-01 -3.436717689037322998e-01 -3.449517190456390381e-01 -3.020484149456024170e-01 1.265467405319213867e-01 5.871189832687377930e-01 9.983697533607482910e-01 -5.822664499282836914e-01 8.904966711997985840e-01 9.929841756820678711e-01 9.993782639503479004e-01 2.749300003051757812e-01 -9.650239348411560059e-01 8.571620285511016846e-02 -9.826869368553161621e-01 6.399093270301818848e-01 -8.332955241203308105e-01 -9.433349370956420898e-01 -9.986941218376159668e-01 -2.108965069055557251e-01 5.103203058242797852e-01 9.976819753646850586e-01 1.977203488349914551e-01 6.696531176567077637e-02 -1.605484932661056519e-01 2.305537164211273193e-01 9.729667305946350098e-01 5.571334958076477051e-01 -8.729631304740905762e-01 -5.452994704246520996e-01 1.910560280084609985e-01 2.680195271968841553e-01 9.229280948638916016e-01 9.999872446060180664e-01 -9.708465933799743652e-01 8.911846876144409180e-01 9.985517263412475586e-01 1.208235248923301697e-01 9.895337820053100586e-01 3.427605032920837402e-01 -1.639712601900100708e-01 1.683318801224231720e-02 7.234939932823181152e-01 -5.474589020013809204e-02 -5.972258001565933228e-02 4.183748364448547363e-01 9.998624920845031738e-01 -2.920616865158081055e-01 5.355266109108924866e-02 -9.979368448257446289e-01 -2.972312867641448975e-01 -4.496885463595390320e-03 -1.295485794544219971e-01 -9.897938966751098633e-01 4.446617960929870605e-01 2.990624308586120605e-01 8.237326145172119141e-02 9.855241179466247559e-01 8.525341153144836426e-01 -8.635203838348388672e-01 -4.406493306159973145e-01 -2.165648788213729858e-01 9.985955357551574707e-01 -7.688212674111127853e-03 -9.975546002388000488e-01 9.997887015342712402e-01 -6.020435094833374023e-01 -8.686457276344299316e-01 9.978678822517395020e-01 1.714319139719009399e-01 9.347149729728698730e-01 2.489342689514160156e-01 -9.888064265251159668e-01 -9.957118034362792969e-01 9.813169836997985840e-01 9.961692094802856445e-01 6.888092160224914551e-01 -5.454475060105323792e-02 3.119393587112426758e-01 2.248495370149612427e-01 -9.993556141853332520e-01 -9.998112320899963379e-01 -9.737312197685241699e-01 4.092298448085784912e-01 7.134354114532470703e-01 -6.912376284599304199e-01 9.992957711219787598e-01 -9.383195042610168457e-01 -2.237206995487213135e-01 9.535303115844726562e-01 -1.694598942995071411e-01 9.978433251380920410e-01 9.931864738464355469e-01 -9.981335401535034180e-01 -9.314996004104614258e-01 9.896560311317443848e-01 -5.020458698272705078e-01 7.631031870841979980e-01 -2.969532310962677002e-01 9.529017210006713867e-01 -8.551793694496154785e-01 2.010559439659118652e-01 2.951702801510691643e-03 -9.682540893554687500e-01 4.723083674907684326e-01 9.502413868904113770e-01 -3.362882137298583984e-01 -2.244806736707687378e-01 -1.466549783945083618e-01 6.747130155563354492e-01 4.829665720462799072e-01 9.999441504478454590e-01 2.211441695690155029e-01 -8.360180854797363281e-01 -5.501872673630714417e-02 -6.717244386672973633e-01 -1.621105074882507324e-01 -5.283093452453613281e-01 -9.844177961349487305e-01 6.008713245391845703e-01 -9.988540410995483398e-01 -8.968470096588134766e-01 9.843509197235107422e-01 -3.406079113483428955e-01 -1.275718491524457932e-02 1.956596672534942627e-01 -7.511136680841445923e-02 3.059079349040985107e-01 -1.964529044926166534e-03 -8.170736432075500488e-01 -9.901111721992492676e-01 8.659405261278152466e-02 9.999657273292541504e-01 -1.885817199945449829e-01 -5.990522503852844238e-01 9.417370557785034180e-01 -9.638780951499938965e-01 6.625581979751586914e-01 9.818658828735351562e-01 9.995657801628112793e-01 8.768893778324127197e-02 9.494222998619079590e-01 6.081510782241821289e-01 -9.252305328845977783e-02 -2.074251025915145874e-01 -3.116910457611083984e-01 9.994870424270629883e-01 -2.775683701038360596e-01 6.150287985801696777e-01 -3.183389008045196533e-01 -4.407437443733215332e-01 2.735937833786010742e-01 -8.750385046005249023e-01 -9.994482398033142090e-01 -3.992712497711181641e-01 -3.389488756656646729e-01 2.513005435466766357e-01 -9.670151472091674805e-01 -9.995177984237670898e-01 2.083834707736968994e-01 3.451444506645202637e-01 3.172604441642761230e-01 1.410701125860214233e-02 9.804728031158447266e-01 -3.847245275974273682e-01 4.230621457099914551e-01 -2.996946871280670166e-01 -9.994538426399230957e-01 4.079876840114593506e-01 2.220223546028137207e-01 -6.017895415425300598e-02 -3.764002397656440735e-02 2.569274604320526123e-01 -1.672055386006832123e-02 -9.329424500465393066e-01 4.203322827816009521e-01 9.988930225372314453e-01 3.949302732944488525e-01 5.556382536888122559e-01 -4.148716032505035400e-01 9.243674278259277344e-01 -4.992766678333282471e-01 -2.569582462310791016e-01 -9.231531620025634766e-01 -9.999287128448486328e-01 -2.257613241672515869e-01 -1.193506717681884766e-01 -6.613641381263732910e-01 9.743217378854751587e-02 -7.548229098320007324e-01 8.626484870910644531e-01 1.953399032354354858e-01 5.780611038208007812e-01 -7.705737948417663574e-01 9.770261049270629883e-01 -5.052058696746826172e-01 7.760736942291259766e-01 -9.891378283500671387e-01 -9.973042607307434082e-01 -2.668976187705993652e-01 4.983822405338287354e-01 -9.992662668228149414e-01 9.661710262298583984e-01 9.981727600097656250e-01 -9.728053212165832520e-01 2.026271633803844452e-02 3.355615139007568359e-01 5.364280939102172852e-01 1.723695099353790283e-01 1.979402154684066772e-01 1.754524186253547668e-02 -9.628109335899353027e-01 -5.214875936508178711e-01 9.782127737998962402e-01 6.624549627304077148e-02 9.939748644828796387e-01 4.735071659088134766e-01 -9.848096370697021484e-01 6.389386206865310669e-02 5.304558277130126953e-01 4.819221198558807373e-01 7.491814345121383667e-02 5.056363344192504883e-01 -9.985398054122924805e-01 8.703892230987548828e-01 -9.996759295463562012e-01 -9.796333312988281250e-01 4.059934318065643311e-01 -9.827755093574523926e-01 -9.793004393577575684e-01 1.398597955703735352e-01 -3.696456551551818848e-01 3.467559218406677246e-01 -9.964814782142639160e-01 -9.973908066749572754e-01 2.574184834957122803e-01 -9.897445440292358398e-01 -5.212692022323608398e-01 -9.631893634796142578e-01 6.301662325859069824e-01 -1.308338940143585205e-01 4.135841429233551025e-01 7.283893227577209473e-01 1.451063901185989380e-01 2.496261745691299438e-01 9.950857758522033691e-01 1.901914626359939575e-01 9.936662912368774414e-01 6.290609240531921387e-01 1.117442771792411804e-01 3.886322677135467529e-01 9.577312469482421875e-01 2.050094455480575562e-01 4.595673680305480957e-01 -9.979786276817321777e-01 3.197986185550689697e-01 9.987336993217468262e-01 9.999371767044067383e-01 9.801136255264282227e-01 9.984539747238159180e-01 -9.996785521507263184e-01 -1.763186901807785034e-01 6.343095898628234863e-01 -1.015486344695091248e-01 9.900232553482055664e-01 -4.548021405935287476e-02 2.428048700094223022e-01 -9.979308247566223145e-01 -7.684752345085144043e-01 5.057172179222106934e-01 -9.966651201248168945e-01 9.989219903945922852e-01 1.661009192466735840e-01 -3.046218492090702057e-02 4.090091586112976074e-01 3.608148396015167236e-01 1.815174967050552368e-01 -9.356232285499572754e-01 -9.987799525260925293e-01 -7.188284993171691895e-01 4.812118411064147949e-01 -3.442779183387756348e-01 -3.381541967391967773e-01 -9.999994039535522461e-01 -7.831705212593078613e-01 5.677477121353149414e-01 2.864113152027130127e-01 -1.758973449468612671e-01 4.189021289348602295e-01 3.448326587677001953e-01 6.575482487678527832e-01 9.999768137931823730e-01 -9.522647857666015625e-01 1.929372400045394897e-01 1.395773887634277344e-01 -2.771864533424377441e-01 -6.425786018371582031e-02 -3.461215198040008545e-01 -6.999140977859497070e-01 7.689735293388366699e-01 7.889445871114730835e-03 -1.519833952188491821e-01 -1.444280445575714111e-01 3.168076872825622559e-01
-6.445384621620178223e-01 8.072875142097473145e-01 -1.319477111101150513e-01 2.808296084403991699e-01 -2.326615452766418457e-01 -8.664369583129882812e-01 9.948721528053283691e-01 -9.911705851554870605e-01 5.206787958741188049e-02 -9.298960566520690918e-01 -1.607001200318336487e-02 -7.895704507827758789e-01 8.797353506088256836e-01 -9.598276019096374512e-01 -8.284912705421447754e-01 -2.978361546993255615e-01 4.766935110092163086e-01 -1.810703277587890625e-01 -5.710442066192626953e-01 6.405293196439743042e-02 6.769306063652038574e-01 5.834980607032775879e-01 7.338854074478149414e-01 -8.338657021522521973e-01 9.931274652481079102e-01 9.791140556335449219e-01 -4.022237658500671387e-01 -4.666706621646881104e-01 2.999874949455261230e-01 9.858253002166748047e-01 8.641724586486816406e-01 -3.829101026058197021e-01 1.835125386714935303e-01 6.468346714973449707e-02 -5.661068558692932129e-01 -8.119818568229675293e-01 -3.503964841365814209e-01 -6.788263320922851562e-01 8.960760831832885742e-01 -2.964701354503631592e-01 3.105262480676174164e-02 -2.076578587293624878e-01 3.524053990840911865e-01 -9.108760356903076172e-01 -3.101154565811157227e-01 9.811720848083496094e-01 -9.689508676528930664e-01 -4.014661014080047607e-01 9.496815204620361328e-01 -6.289818286895751953e-01 9.317525625228881836e-01 -3.219566941261291504e-01 7.592725157737731934e-01 8.494544774293899536e-03 -3.473967611789703369e-01 3.269039392471313477e-01 1.007568761706352234e-01 -2.446805387735366821e-01 -9.978296160697937012e-01 -4.843972921371459961e-01 7.420155405998229980e-02 2.207979932427406311e-02 2.907091379165649414e-01 2.136456519365310669e-01 -9.698563069105148315e-02 -9.774864315986633301e-01 8.738585114479064941e-01 2.177582234144210815e-01 4.631469026207923889e-03 2.124225497245788574e-01 9.683173298835754395e-01 9.987955093383789062e-01 -1.409869343042373657e-01 -5.738576650619506836e-01 -2.224404364824295044e-01 -3.818099796772003174e-01 1.186294704675674438e-01 -7.538912892341613770e-01 5.225879326462745667e-02 -3.433133959770202637e-01 -9.558104276657104492e-01 -1.955458968877792358e-01 9.982024431228637695e-01 -7.571436166763305664e-01 9.740178585052490234e-01 -5.311110615730285645e-01 7.406382262706756592e-02 -1.880123019218444824e-01 -4.721290171146392822e-01 5.798658132553100586e-01 -9.375348687171936035e-01 4.100088775157928467e-02 6.103432774543762207e-01 -9.954097867012023926e-01 -8.213062882423400879e-01 4.188432395458221436e-01 9.941121339797973633e-01 -4.666521251201629639e-01 -9.956951737403869629e-01 5.476469174027442932e-02 -9.742584824562072754e-01 -9.507791399955749512e-01 1.489062444306910038e-03 -1.636260375380516052e-02 2.954790927469730377e-02 2.303609400987625122e-01 9.383689165115356445e-01 3.780260980129241943e-01 -1.356866657733917236e-01 7.175393700599670410e-01 4.655716121196746826e-01 1.124522313475608826e-01 -9.673865437507629395e-01 -9.804449677467346191e-01 -2.445650547742843628e-01 -4.015143215656280518e-02 -8.214563131332397461e-01 7.026811242103576660e-01 -1.840680837631225586e-01 9.927032589912414551e-01 -1.133189573884010315e-01 -5.162709951400756836e-02 -9.253607988357543945e-01 9.863228201866149902e-01 -2.732173800468444824e-01 -3.682236671447753906e-01 2.401686832308769226e-02 -2.024130672216415405e-01 -2.961884140968322754e-01 -2.431191354990005493e-01 9.944977164268493652e-01 9.599504470825195312e-01 9.241199493408203125e-01 5.766457915306091309e-01 5.712076425552368164e-01 -7.702401280403137207e-01 9.382940530776977539e-01 -9.809951782226562500e-01 6.175580024719238281e-01 3.402633666992187500e-01 9.998382329940795898e-01 4.972827732563018799e-01 -1.000076979398727417e-01 7.192197442054748535e-01 -3.016112744808197021e-01 -9.194105118513107300e-02 -6.940015554428100586e-01 9.118852019309997559e-01 7.618722915649414062e-01 -3.379893600940704346e-01 -4.297220706939697266e-01 -3.100441694259643555e-01 9.242651462554931641e-01 -4.798894524574279785e-01 2.079145014286041260e-01 -3.012304306030273438e-01 -9.691813588142395020e-01 9.741799831390380859e-01 5.015487596392631531e-02 3.887510299682617188e-01 -2.237033843994140625e-01 -1.124803721904754639e-01 4.408045709133148193e-01 -3.897160291671752930e-01 9.999421834945678711e-01 -2.800252437591552734e-01 -4.952252805233001709e-01 -6.104921102523803711e-01 9.595367908477783203e-01 3.955990076065063477e-01 1.445542275905609131e-01 -7.949966788291931152e-01 -9.969820380210876465e-01 -9.851729273796081543e-01 -1.856330782175064087e-01 2.281078100204467773e-01 9.674514532089233398e-01 -3.344478011131286621e-01 9.991671442985534668e-01 9.969248771667480469e-01 9.309028387069702148e-01 -2.350911870598793030e-02 9.993812441825866699e-01 -9.668207764625549316e-01 9.445548653602600098e-01 -9.922657608985900879e-01 -5.234200954437255859e-01 7.024104595184326172e-01 5.778397917747497559e-01 4.582888484001159668e-01 4.062173664569854736e-01 -9.874786734580993652e-01 -3.337148427963256836e-01 1.354438960552215576e-01 9.411063194274902344e-01 -8.334652334451675415e-02 -8.515645861625671387e-01 -9.790471792221069336e-01 -5.096731185913085938e-01 8.829962462186813354e-02 2.362873107194900513e-01 -4.110610485076904297e-01 7.517802715301513672e-01 3.729380071163177490e-01 3.162877559661865234e-01 2.075965702533721924e-01 -1.044868119060993195e-02 6.421146988868713379e-01 4.881001710891723633e-01 -2.248050570487976074e-01 -3.013913035392761230e-01 2.513383924961090088e-01 1.154119446873664856e-01 6.870523691177368164e-01 9.702705740928649902e-01 -9.604378342628479004e-01 6.299292445182800293e-01 7.516380548477172852e-01 9.858757257461547852e-01 2.281147092580795288e-01 -7.215459942817687988e-01 3.354091197252273560e-02 -9.056040644645690918e-01 4.153612256050109863e-01 -3.739694356918334961e-01 1.802022568881511688e-02 -9.693919420242309570e-01 -3.362537324428558350e-01 3.318565785884857178e-01 9.983345866203308105e-01 -1.439465731382369995e-01 2.569169700145721436e-01 -4.197981059551239014e-01 5.200794339179992676e-01 9.069491028785705566e-01 6.322717070579528809e-01 -4.088529348373413086e-01 -1.276307106018066406e-01 6.654857993125915527e-01 4.081321358680725098e-01 2.860125601291656494e-01 9.998903274536132812e-01 -2.880700826644897461e-01 8.371697068214416504e-01 9.947050213813781738e-01 2.552914917469024658e-01 9.343061447143554688e-01 1.677187830209732056e-01 -8.245676755905151367e-01 -1.890638470649719238e-01 7.657719850540161133e-01 -2.146809101104736328e-01 -5.906798690557479858e-02 1.348858773708343506e-01 9.989607334136962891e-01 -3.693982362747192383e-01 -4.259307384490966797e-01 -9.988011121749877930e-01 -8.371195197105407715e-02 9.368378520011901855e-01 2.418781369924545288e-01 -7.916914224624633789e-01 3.341189399361610413e-02 -9.707502126693725586e-01 9.342502057552337646e-02 9.543940424919128418e-01 9.669265747070312500e-01 -8.892790675163269043e-01 3.348736092448234558e-02 -3.775861263275146484e-01 9.942747950553894043e-01 -2.497787326574325562e-01 -9.723641276359558105e-01 9.982795715332031250e-01 -6.188592910766601562e-01 -7.669006586074829102e-01 9.542266130447387695e-01 4.631403386592864990e-01 7.952695488929748535e-01 7.293191552162170410e-01 -9.993056654930114746e-01 -5.015510916709899902e-01 9.774209260940551758e-01 9.451878666877746582e-01 9.543864130973815918e-01 -3.039734363555908203e-01 1.792180687189102173e-01 2.916952371597290039e-01 -9.964914917945861816e-01 -9.996718764305114746e-01 -8.810826539993286133e-01 6.330346465110778809e-01 6.491465568542480469e-01 -5.134685039520263672e-01 9.571029543876647949e-01 -9.791389107704162598e-01 -9.859067201614379883e-02 9.333789348602294922e-01 -3.199457824230194092e-01 9.980871081352233887e-01 9.963394999504089355e-01 -9.961897134780883789e-01 -2.824935615062713623e-01 9.329224824905395508e-01 -3.930071890354156494e-01 6.865648627281188965e-01 -1.612357348203659058e-01 9.016023874282836914e-01 -2.731335461139678955e-01 2.671228349208831787e-01 -3.886126875877380371e-01 -6.923855543136596680e-01 4.382789731025695801e-01 9.164093732833862305e-01 8.932179212570190430e-01 -2.347697913646697998e-01 2.331676036119461060e-01 2.294521331787109375e-01 2.441240400075912476e-01 9.956049323081970215e-01 3.077519536018371582e-01 6.095771193504333496e-01 -7.776901125907897949e-02 4.350169003009796143e-01 -2.669546604156494141e-01 -5.038820505142211914e-01 -9.661612510681152344e-01 4.993945062160491943e-01 -9.809326529502868652e-01 -9.672542661428451538e-02 9.610962867736816406e-01 1.375012695789337158e-01 2.204216867685317993e-01 -6.709511280059814453e-01 4.332174658775329590e-01 1.465311497449874878e-01 -8.869979530572891235e-02 8.283243179321289062e-01 -9.782672524452209473e-01 7.233370840549468994e-02 9.994096755981445312e-01 -3.179740309715270996e-01 -4.085197746753692627e-01 7.287672162055969238e-01 -7.331627607345581055e-01 -5.804088115692138672e-01 8.003642559051513672e-01 9.994717836380004883e-01 -8.538760244846343994e-02 8.070788383483886719e-01 5.956667661666870117e-01 1.785836964845657349e-01 6.221879720687866211e-01 1.319857593625783920e-02 9.881234765052795410e-01 -1.488694101572036743e-01 8.523684740066528320e-01 -1.509319096803665161e-01 -3.369826078414916992e-01 2.233981341123580933e-01 -9.055071473121643066e-01 -9.823082089424133301e-01 -2.288381755352020264e-01 -2.519659399986267090e-01 -4.043975770473480225e-01 -2.665107250213623047e-01 -9.863661527633666992e-01 6.803567409515380859e-01 6.200206279754638672e-01 5.413391590118408203e-01 9.972216188907623291e-02 9.801126718521118164e-01 -6.924451589584350586e-01 3.322302699089050293e-01 -8.869239687919616699e-01 -9.994517564773559570e-01 5.078959465026855469e-01 6.373742222785949707e-01 2.916075848042964935e-02 2.336581237614154816e-02 2.205369025468826294e-01 -1.689050346612930298e-01 -8.974310159683227539e-01 2.079354077577590942e-01 9.824044108390808105e-01 8.437746167182922363e-01 4.158118963241577148e-01 -2.206160724163055420e-01 9.607471227645874023e-01 -4.224843382835388184e-01 8.316177874803543091e-02 -7.853458523750305176e-01 -9.941999912261962891e-01 -1.003349646925926208e-01 -1.855937018990516663e-02 -4.114450216293334961e-01 -2.677591443061828613e-01 -6.818525195121765137e-01 9.940255880355834961e-01 1.792353391647338867e-01 5.618130564689636230e-01 -6.001465916633605957e-01 9.505714178085327148e-01 -6.478919386863708496e-01 5.199750661849975586e-01 -8.441277146339416504e-01 -9.745450019836425781e-01 -4.455790519714355469e-01 4.454743564128875732e-01 -9.888095855712890625e-01 5.538703799247741699e-01 9.975925087928771973e-01 -9.031264185905456543e-01 3.237948119640350342e-01 -7.928780913352966309e-01 5.715683102607727051e-01 1.962752193212509155e-01 -5.851696133613586426e-01 -6.486935019493103027e-01 -5.632588267326354980e-01 -5.788821578025817871e-01 7.794893980026245117e-01 5.059489011764526367e-01 9.889048933982849121e-01 6.213194727897644043e-01 -9.621410965919494629e-01 -8.068445138633251190e-03 6.460891962051391602e-01 -1.562628000974655151e-01 2.466108277440071106e-02 5.443189144134521484e-01 -9.978610873222351074e-01 2.475983202457427979e-01 -9.997633099555969238e-01 -9.772740006446838379e-01 2.320122569799423218e-01 -7.961434125900268555e-01 -6.594891548156738281e-01 -1.862925440073013306e-01 -4.805617630481719971e-01 2.236703187227249146e-01 -9.035176038742065430e-01 -9.798263907432556152e-01 5.320741534233093262e-01 -8.353419303894042969e-01 -8.357062004506587982e-03 -9.675837159156799316e-01 8.076681494712829590e-01 -4.654302597045898438e-01 1.453237831592559814e-01 4.172547757625579834e-01 -1.004315838217735291e-01 2.307517081499099731e-01 8.924678564071655273e-01 4.710493385791778564e-01 9.807751178741455078e-01 4.971092343330383301e-01 -2.625640034675598145e-01 1.427381336688995361e-01 9.360103607177734375e-01 -9.694907665252685547e-01 2.161820232868194580e-01 -9.975331425666809082e-01 2.212980240583419800e-01 9.731400609016418457e-01 9.934826493263244629e-01 9.478742480278015137e-01 9.963817000389099121e-01 -9.999320507049560547e-01 -4.089331924915313721e-01 5.357901453971862793e-01 -7.733569294214248657e-02 8.686705231666564941e-01 -2.602877616882324219e-01 3.250137716531753540e-02 -9.526458382606506348e-01 1.368572264909744263e-01 6.254363059997558594e-01 -9.994809031486511230e-01 9.801196455955505371e-01 -2.395219169557094574e-03 6.180523633956909180e-01 4.615239202976226807e-01 3.350618779659271240e-01 3.388919532299041748e-01 -8.682577610015869141e-01 -7.909298539161682129e-01 -8.851698637008666992e-01 -3.039194047451019287e-01 -2.036237865686416626e-01 -1.637987643480300903e-01 -9.999684095382690430e-01 4.528020918369293213e-01 -8.642364740371704102e-01 4.099776446819305420e-01 -2.871645092964172363e-01 1.980080455541610718e-01 9.455928951501846313e-02 5.315241813659667969e-01 9.993935227394104004e-01 -8.827150464057922363e-01 -4.689288325607776642e-03 3.484916388988494873e-01 -3.049528598785400391e-01 3.808402121067047119e-01 -1.273877918720245361e-01 -3.617499470710754395e-01 6.501619815826416016e-01 4.448494315147399902e-01 -1.174340918660163879e-01 -5.108448266983032227e-01 -6.749104261398315430e-01
8.492944836616516113e-01 6.900037527084350586e-01 4.288393631577491760e-02 8.287585526704788208e-02 -4.375589787960052490e-01 6.749103665351867676e-01 9.957700967788696289e-01 -8.876364827156066895e-01 -3.454931080341339111e-01 -9.915526509284973145e-01 -3.253787755966186523e-01 5.678016692399978638e-02 -9.061482548713684082e-01 -9.576064944267272949e-01 -8.877255916595458984e-01 -2.156879194080829620e-02 -2.362145036458969116e-01 2.537463307380676270e-01 -6.233668327331542969e-01 -1.721668392419815063e-01 5.655362010002136230e-01 2.503377497196197510e-01 9.319311976432800293e-01 4.827368855476379395e-01 9.998247623443603516e-01 9.637426137924194336e-01 -8.185466378927230835e-02 -5.141279101371765137e-01 4.513244032859802246e-01 9.471920132637023926e-01 9.926867485046386719e-01 -1.744436472654342651e-01 3.009532094001770020e-01 -2.930370569229125977e-01 -9.222315549850463867e-01 1.695407181978225708e-01 -4.218634217977523804e-02 -7.201158907264471054e-03 9.939435720443725586e-01 -1.196322124451398849e-02 4.397037252783775330e-02 -3.745057880878448486e-01 3.292977511882781982e-01 -9.935988187789916992e-01 -1.462637633085250854e-01 8.465062379837036133e-01 -9.663576260209083557e-03 2.447963505983352661e-01 9.872891306877136230e-01 -1.250993907451629639e-01 8.168223500251770020e-01 8.769486099481582642e-02 9.990435242652893066e-01 -7.593289762735366821e-02 -4.831934273242950439e-01 4.273590445518493652e-01 2.736402153968811035e-01 -3.338178694248199463e-01 -9.998650550842285156e-01 -3.085862696170806885e-01 -1.158126369118690491e-01 -1.528636366128921509e-01 5.615352392196655273e-01 1.099307369440793991e-02 -1.491338759660720825e-01 -9.819553494453430176e-01 9.731128811836242676e-01 7.808847427368164062e-01 2.773636579513549805e-01 9.890322685241699219e-01 9.184140563011169434e-01 9.995353221893310547e-01 -7.856081128120422363e-01 -4.367150664329528809e-01 -9.955271482467651367e-01 -2.013651728630065918e-01 -3.393512070178985596e-01 5.080662965774536133e-01 -1.288050562143325806e-01 -6.487258076667785645e-01 -7.728760242462158203e-01 -9.914900176227092743e-03 9.854071736335754395e-01 -5.852789282798767090e-01 9.872392416000366211e-01 -9.340482950210571289e-01 1.229737550020217896e-01 2.302118390798568726e-02 -3.250374794006347656e-01 -2.075687497854232788e-01 -9.970725178718566895e-01 -2.580714784562587738e-02 2.191714197397232056e-01 -9.808484911918640137e-01 7.871595770120620728e-02 9.471189975738525391e-01 9.930331707000732422e-01 2.787545695900917053e-02 -9.999833703041076660e-01 2.282398492097854614e-01 -8.898963332176208496e-01 -8.698912858963012695e-01 5.710157155990600586e-01 -1.363098323345184326e-01 -9.429360926151275635e-02 -9.335204958915710449e-05 9.767885208129882812e-01 4.366188943386077881e-01 -1.170703116804361343e-02 4.518885314464569092e-01 4.959860816597938538e-02 -8.411658555269241333e-02 5.804460048675537109e-01 -9.981196522712707520e-01 -1.773311197757720947e-01 5.532735213637351990e-02 -9.788537025451660156e-01 9.458197355270385742e-01 9.979195892810821533e-02 9.970383644104003906e-01 8.268970251083374023e-01 -2.057424187660217285e-01 -9.980541467666625977e-01 9.877600669860839844e-01 -6.574501097202301025e-02 -4.976666569709777832e-01 -9.777824282646179199e-01 -5.582459568977355957e-01 -6.303288936614990234e-01 -1.382838189601898193e-01 9.853597879409790039e-01 9.185860753059387207e-01 9.913340806961059570e-01 1.434656605124473572e-02 6.416426897048950195e-01 -9.960789084434509277e-01 9.992044568061828613e-01 -9.997445344924926758e-01 -7.121021747589111328e-01 3.188090920448303223e-01 9.988057017326354980e-01 -6.094295531511306763e-02 1.481334716081619263e-01 9.997892379760742188e-01 -3.800897002220153809e-01 -6.274853646755218506e-02 -9.974985122680664062e-01 9.997465610504150391e-01 3.006979227066040039e-01 -3.689683079719543457e-01 -3.549467921257019043e-01 7.932216674089431763e-02 9.768247008323669434e-01 -2.354944795370101929e-01 6.414205580949783325e-02 -1.776374280452728271e-01 -8.703211545944213867e-01 7.681811451911926270e-01 2.121254801750183105e-02 3.681387007236480713e-01 -1.792928278446197510e-01 -4.769842699170112610e-02 -4.060532152652740479e-02 -4.631993472576141357e-01 9.999755620956420898e-01 -2.544938623905181885e-01 -2.267048507928848267e-01 -6.118957400321960449e-01 9.485579133033752441e-01 -4.183051288127899170e-01 4.494269564747810364e-02 -9.703809618949890137e-01 -9.984938502311706543e-01 -9.469977021217346191e-01 5.325668454170227051e-01 4.235484600067138672e-01 -1.776914894580841064e-01 1.290116161108016968e-01 9.981549382209777832e-01 9.999450445175170898e-01 9.786205291748046875e-01 -3.668359816074371338e-01 9.983879327774047852e-01 -8.124428391456604004e-01 6.869211196899414062e-01 -9.982614517211914062e-01 -4.590944945812225342e-01 -8.532117009162902832e-01 1.371070295572280884e-01 9.678137302398681641e-01 7.965236157178878784e-02 -9.941212534904479980e-01 -2.824956178665161133e-01 9.050162881612777710e-02 9.987670183181762695e-01 -1.963499337434768677e-01 -8.582960367202758789e-01 -9.956690669059753418e-01 -7.591724395751953125e-01 4.415192008018493652e-01 -2.952009141445159912e-01 -4.606731832027435303e-01 -7.879398018121719360e-02 5.970861315727233887e-01 -7.324969023466110229e-02 7.822256088256835938e-01 -4.106609616428613663e-03 9.971204996109008789e-01 9.970424771308898926e-01 -4.849959015846252441e-01 -2.734300792217254639e-01 9.346112608909606934e-01 2.098091989755630493e-01 4.828121364116668701e-01 9.982215762138366699e-01 -7.286647558212280273e-01 -9.614276885986328125e-01 1.816565096378326416e-01 9.462894797325134277e-01 3.460457548499107361e-02 -8.373805880546569824e-01 2.899347245693206787e-01 -5.041998624801635742e-01 4.027297496795654297e-01 -9.880391359329223633e-01 -9.540933370590209961e-02 -9.994351863861083984e-01 -1.535154879093170166e-01 2.871071994304656982e-01 9.798617362976074219e-01 3.313089311122894287e-01 3.859485089778900146e-01 -6.717209517955780029e-02 6.260703206062316895e-01 9.958947300910949707e-01 5.802839994430541992e-01 -5.920442938804626465e-01 -2.243015319108963013e-01 9.151954203844070435e-02 -7.496549189090728760e-02 -7.583054900169372559e-01 9.999758601188659668e-01 -8.317373991012573242e-01 6.501067876815795898e-01 9.895283579826354980e-01 1.484236866235733032e-01 9.173650741577148438e-01 -7.387323677539825439e-02 8.739295601844787598e-01 8.583899587392807007e-02 5.878026485443115234e-01 -2.929948270320892334e-01 -4.815091788768768311e-01 1.190133988857269287e-01 9.995794296264648438e-01 -1.696675419807434082e-01 -1.632369607686996460e-01 -9.949707984924316406e-01 -3.447639644145965576e-01 9.714571237564086914e-01 -2.289769202470779419e-01 -9.755737781524658203e-01 -2.492194175720214844e-01 -9.276599884033203125e-01 2.733742296695709229e-01 9.839526414871215820e-01 9.976797699928283691e-01 -9.934312105178833008e-01 3.290130570530891418e-02 -3.843419998884201050e-02 9.987591505050659180e-01 -2.110618054866790771e-01 -9.923238754272460938e-01 9.997702836990356445e-01 -3.369106948375701904e-01 -8.447897434234619141e-01 9.981605410575866699e-01 3.513718545436859131e-01 9.823381304740905762e-01 5.420941114425659180e-01 -9.996455907821655273e-01 6.494604945182800293e-01 5.158370137214660645e-01 9.995290637016296387e-01 9.607147574424743652e-01 -3.613836318254470825e-02 1.593189090490341187e-01 5.165369063615798950e-02 -9.999139904975891113e-01 -9.995493292808532715e-01 -9.506595134735107422e-01 6.029692292213439941e-01 3.719358444213867188e-01 8.924441337585449219e-01 9.976505637168884277e-01 -9.998536109924316406e-01 -2.035867422819137573e-01 7.183465957641601562e-01 1.418376266956329346e-01 9.871706366539001465e-01 9.998846054077148438e-01 -9.979924559593200684e-01 -4.436397552490234375e-01 9.979205131530761719e-01 -3.675775527954101562e-01 -5.431888103485107422e-01 1.746646761894226074e-01 9.931588768959045410e-01 6.591921448707580566e-01 3.212177157402038574e-01 -2.235936075448989868e-01 -9.467858076095581055e-01 2.969541549682617188e-01 9.984585642814636230e-01 9.870122075080871582e-01 -2.787645161151885986e-01 5.912155658006668091e-02 3.828360736370086670e-01 1.863978058099746704e-02 9.999468326568603516e-01 1.531172692775726318e-01 -9.919794797897338867e-01 -6.648281961679458618e-02 -9.738456606864929199e-01 -3.091594874858856201e-01 -5.010044574737548828e-01 -3.088695704936981201e-01 7.711857557296752930e-01 -9.824886322021484375e-01 5.909899473190307617e-01 9.872568845748901367e-01 1.495459973812103271e-01 1.579483896493911743e-01 9.271894097328186035e-01 2.981059849262237549e-01 3.253992497920989990e-01 1.942295730113983154e-01 -7.990335822105407715e-01 -9.676893949508666992e-01 4.825895428657531738e-01 9.997280836105346680e-01 9.177511185407638550e-02 -5.612759590148925781e-01 8.867644667625427246e-01 -5.690339207649230957e-01 6.495944857597351074e-01 9.174138903617858887e-01 9.997389316558837891e-01 5.048758983612060547e-01 4.044853150844573975e-01 4.748528301715850830e-01 -2.678379788994789124e-02 9.178535342216491699e-01 -1.445837020874023438e-01 9.480663537979125977e-01 -1.697684228420257568e-01 -1.465702205896377563e-01 2.359140962362289429e-01 -3.170150518417358398e-01 -2.285812236368656158e-02 -1.309900730848312378e-01 -9.256569743156433105e-01 -2.404698282480239868e-01 -1.382076293230056763e-01 2.614720463752746582e-01 -8.163309693336486816e-01 -9.427697062492370605e-01 3.191581368446350098e-01 -5.056141316890716553e-02 3.795803189277648926e-01 -3.251503109931945801e-01 9.202477335929870605e-01 -4.325697720050811768e-01 4.925307929515838623e-01 4.981780052185058594e-01 -9.999781250953674316e-01 9.659443981945514679e-03 3.238027989864349365e-01 -1.814055740833282471e-01 2.793563902378082275e-01 9.713388681411743164e-01 1.466454565525054932e-01 -9.196299910545349121e-01 1.978194862604141235e-01 9.952859282493591309e-01 9.294445514678955078e-01 4.961733520030975342e-01 1.053399369120597839e-01 -9.461063891649246216e-02 -3.620350360870361328e-01 -3.557969927787780762e-01 -7.593789696693420410e-01 -9.994664788246154785e-01 -3.534044623374938965e-01 -7.182452827692031860e-02 -4.410897493362426758e-01 -2.700790464878082275e-01 -4.571008980274200439e-01 9.985035657882690430e-01 2.068348824977874756e-01 4.340732693672180176e-01 -7.600442767143249512e-01 8.410995006561279297e-01 -3.445270955562591553e-01 8.264694809913635254e-01 -9.972964525222778320e-01 -8.810728788375854492e-01 -1.625992655754089355e-01 1.569857895374298096e-01 -9.828819036483764648e-01 7.406674027442932129e-01 9.428752064704895020e-01 -9.909588694572448730e-01 3.100554049015045166e-01 -9.643302559852600098e-01 4.991496205329895020e-01 3.184802234172821045e-01 -9.764326214790344238e-01 1.185674685984849930e-02 -9.604098200798034668e-01 -1.557484418153762817e-01 6.859043240547180176e-01 4.926693737506866455e-01 9.977365136146545410e-01 -1.600888967514038086e-01 -9.124375581741333008e-01 1.373937726020812988e-01 1.100577563047409058e-01 3.114607743918895721e-02 -4.820961952209472656e-01 5.732685923576354980e-01 -9.995052814483642578e-01 7.307279706001281738e-01 -9.998983144760131836e-01 -9.997400045394897461e-01 2.779773771762847900e-01 -9.483081698417663574e-01 -9.172301888465881348e-01 -3.024719655513763428e-01 -2.576529383659362793e-01 -2.398272305727005005e-01 -8.306061029434204102e-01 -9.916569590568542480e-01 2.068200856447219849e-01 -8.014943599700927734e-01 -9.706076979637145996e-01 -8.861944675445556641e-01 4.204150736331939697e-01 -3.451494276523590088e-01 -1.416321545839309692e-01 5.385732650756835938e-01 -1.426597684621810913e-02 7.932764291763305664e-02 7.659348845481872559e-01 5.345885753631591797e-01 9.618932604789733887e-01 2.191222012042999268e-01 4.623286724090576172e-01 4.273030441254377365e-03 7.203891873359680176e-01 -8.567690849304199219e-01 3.390596508979797363e-01 -9.991414546966552734e-01 1.355858445167541504e-01 9.824360609054565430e-01 9.996383786201477051e-01 5.661833882331848145e-01 9.769703745841979980e-01 -9.927653074264526367e-01 -2.174757122993469238e-01 5.823190212249755859e-01 8.609680533409118652e-01 9.540988802909851074e-01 1.705675572156906128e-01 6.214547753334045410e-01 -8.880960345268249512e-01 -8.127401471138000488e-01 2.948463857173919678e-01 -9.966682195663452148e-01 9.973160028457641602e-01 -4.095984399318695068e-01 2.235164195299148560e-01 4.736016988754272461e-01 2.698467858135700226e-02 1.887916028499603271e-02 -5.326764285564422607e-02 -9.852271676063537598e-01 -5.250544548034667969e-01 -2.334343641996383667e-01 -2.398542761802673340e-01 -7.347458507865667343e-03 -9.999310374259948730e-01 -6.284774541854858398e-01 -5.073243975639343262e-01 4.393237084150314331e-02 7.108150422573089600e-02 1.553793549537658691e-01 4.332330226898193359e-01 7.349768280982971191e-01 9.999960064888000488e-01 -9.727299809455871582e-01 -1.256623417139053345e-01 5.077729821205139160e-01 -6.572025269269943237e-02 1.879484206438064575e-01 -9.136648774147033691e-01 -9.044929146766662598e-01 -7.828683257102966309e-01 2.027735859155654907e-01 -3.556895256042480469e-02 -4.087035357952117920e-01 -4.611193537712097168e-01
-3.459630608558654785e-01 5.054902434349060059e-01 -8.161607384681701660e-02 -1.931349486112594604e-01 -5.753878951072692871e-01 -8.296446502208709717e-02 9.994192123413085938e-01 -9.766967296600341797e-01 -2.699448540806770325e-02 -9.910796284675598145e-01 -1.521226614713668823e-01 -9.827312827110290527e-01 3.116365373134613037e-01 -9.865608215332031250e-01 -8.390688300132751465e-01 5.924176052212715149e-02 1.340240985155105591e-01 1.476431787014007568e-01 -7.026004195213317871e-01 -7.743947207927703857e-02 5.397534370422363281e-01 8.781106024980545044e-02 7.810125946998596191e-01 -5.224334001541137695e-01 9.994757175445556641e-01 9.191418886184692383e-01 -3.156437352299690247e-02 -6.228994727134704590e-01 8.229159563779830933e-02 9.461876749992370605e-01 9.733696579933166504e-01 -2.558138966560363770e-01 -6.518776062875986099e-03 -3.218756020069122314e-01 -8.330281972885131836e-01 -3.751409053802490234e-01 1.807964742183685303e-01 -3.164025023579597473e-02 9.928634762763977051e-01 -1.142882704734802246e-01 3.287067115306854248e-01 -4.444614052772521973e-01 4.414993524551391602e-01 -9.475634098052978516e-01 -7.281908392906188965e-02 8.767362833023071289e-01 -9.812644720077514648e-01 -2.312867939472198486e-01 -2.870223224163055420e-01 -2.108028531074523926e-01 9.660497903823852539e-01 3.460586443543434143e-02 9.950392842292785645e-01 -6.926544476300477982e-03 3.816792964935302734e-01 6.369600892066955566e-01 2.557335197925567627e-01 -4.866278171539306641e-01 -9.990978240966796875e-01 7.360787987709045410e-01 -1.700418442487716675e-01 -1.777049899101257324e-01 9.445037245750427246e-01 4.161084890365600586e-01 8.375845849514007568e-02 -9.989913702011108398e-01 9.544840455055236816e-01 6.742393970489501953e-01 2.189385443925857544e-01 4.452820718288421631e-01 8.297536969184875488e-01 9.994689822196960449e-01 -3.496030569076538086e-01 -6.202870607376098633e-01 -9.339510798454284668e-01 -8.065500110387802124e-02 -1.647074520587921143e-01 1.575486510992050171e-01 1.978592276573181152e-01 -1.673166155815124512e-01 -9.877727031707763672e-01 1.262623537331819534e-02 9.975082278251647949e-01 -7.913715243339538574e-01 9.502089619636535645e-01 -9.888663887977600098e-01 -2.820091545581817627e-01 -3.074284791946411133e-01 -4.193634688854217529e-01 9.892555326223373413e-02 -9.797976016998291016e-01 -2.122371830046176910e-02 3.778424859046936035e-01 -9.368161559104919434e-01 -9.029237031936645508e-01 9.357106089591979980e-01 9.931396245956420898e-01 -1.282964348793029785e-01 -9.999188780784606934e-01 5.275816470384597778e-02 -8.284966349601745605e-01 -9.568849205970764160e-01 1.204115226864814758e-01 -4.705530405044555664e-02 7.116043567657470703e-02 -5.893385782837867737e-02 8.017083406448364258e-01 2.798135280609130859e-01 2.075462788343429565e-01 6.511173248291015625e-01 3.438084721565246582e-01 6.061842441558837891e-01 -9.671443700790405273e-01 -9.801000952720642090e-01 -3.492037951946258545e-01 -3.277990594506263733e-02 -9.129694700241088867e-01 9.848034977912902832e-01 1.287007480859756470e-01 9.904659390449523926e-01 1.759895086288452148e-01 6.297349184751510620e-02 -9.568624496459960938e-01 9.969847798347473145e-01 -2.069324105978012085e-01 2.167632244527339935e-02 -9.817799925804138184e-01 -3.070143163204193115e-01 -4.237441122531890869e-01 -6.173433661460876465e-01 9.839655756950378418e-01 8.016645908355712891e-01 9.421211481094360352e-01 1.968007981777191162e-01 6.011743545532226562e-01 -9.907492995262145996e-01 6.897085309028625488e-01 -9.936136603355407715e-01 5.920513272285461426e-01 4.089399576187133789e-01 9.977654814720153809e-01 2.634135782718658447e-01 3.578482568264007568e-02 9.744732379913330078e-01 3.143741516396403313e-03 -3.529698848724365234e-01 -9.945927262306213379e-01 9.841344952583312988e-01 8.182770609855651855e-01 4.501749947667121887e-02 -4.397602975368499756e-01 -1.165638864040374756e-01 9.269403219223022461e-01 -5.086154341697692871e-01 -1.457142084836959839e-01 -3.042152523994445801e-01 -9.426281452178955078e-01 4.409874677658081055e-01 -1.852569729089736938e-01 3.236075341701507568e-01 -1.352390795946121216e-01 2.447111755609512329e-01 1.898511350154876709e-01 -4.603754281997680664e-01 9.999610185623168945e-01 -4.599472582340240479e-01 -4.098808169364929199e-01 -4.722934067249298096e-01 9.888995885848999023e-01 4.423944652080535889e-01 1.209511905908584595e-01 -9.947605133056640625e-01 -9.995170831680297852e-01 -9.531127214431762695e-01 8.102881908416748047e-01 3.552651107311248779e-01 4.746624529361724854e-01 -3.096575140953063965e-01 9.896386265754699707e-01 9.994007945060729980e-01 9.930648803710937500e-01 -5.087688565254211426e-01 9.997352957725524902e-01 -9.231561422348022461e-01 5.444136261940002441e-01 -9.882727861404418945e-01 -6.580266952514648438e-01 9.807649254798889160e-01 3.663840293884277344e-01 7.905079126358032227e-01 5.307579636573791504e-01 -9.923242926597595215e-01 -8.360230177640914917e-02 2.869497537612915039e-01 9.049063324928283691e-01 -3.833194449543952942e-02 -6.639602184295654297e-01 -9.794105887413024902e-01 -9.681791067123413086e-01 4.272594451904296875e-01 -5.356839671730995178e-02 -3.417363166809082031e-01 4.874446690082550049e-01 6.441810131072998047e-01 -2.049732655286788940e-01 -7.363660931587219238e-01 2.712225615978240967e-01 9.996829628944396973e-01 9.784033298492431641e-01 -4.146632850170135498e-01 7.720932364463806152e-01 2.049122154712677002e-01 1.804494261741638184e-01 6.689930558204650879e-01 9.897425770759582520e-01 -8.125950098037719727e-01 5.242059826850891113e-01 7.174482941627502441e-01 9.450620412826538086e-01 -9.951860457658767700e-02 -8.847635984420776367e-01 -3.565907105803489685e-02 -1.518324166536331177e-01 6.090397238731384277e-01 -8.942145109176635742e-01 -7.000433206558227539e-01 -9.947204589843750000e-01 -2.499437779188156128e-01 9.508115649223327637e-01 9.970774054527282715e-01 -6.506479531526565552e-02 1.100393459200859070e-01 -2.231858074665069580e-01 4.659833610057830811e-01 9.731476902961730957e-01 3.616318106651306152e-01 3.571429550647735596e-01 -6.467523574829101562e-01 5.762602090835571289e-01 -3.202008828520774841e-02 3.659759759902954102e-01 9.997635483741760254e-01 -8.914612531661987305e-01 8.097140789031982422e-01 9.924747943878173828e-01 2.332493960857391357e-01 9.661089777946472168e-01 7.365272194147109985e-02 1.324669867753982544e-01 3.312662839889526367e-01 7.504119873046875000e-01 -1.238688975572586060e-01 -1.607571840286254883e-01 1.957668662071228027e-01 9.962433576583862305e-01 -4.596041440963745117e-01 1.131030321121215820e-01 -9.980467557907104492e-01 3.544997274875640869e-01 9.738006591796875000e-01 -2.724524438381195068e-01 -8.555608987808227539e-01 -1.242558360099792480e-01 -9.089996218681335449e-01 5.157939195632934570e-01 9.772896170616149902e-01 9.152005314826965332e-01 -9.963856339454650879e-01 -1.916562616825103760e-01 -1.910158544778823853e-01 9.972355365753173828e-01 -3.523500859737396240e-01 -9.056258201599121094e-01 9.982848763465881348e-01 -4.815461039543151855e-01 -9.485557079315185547e-01 9.988652467727661133e-01 2.128756791353225708e-01 4.509355723857879639e-01 6.005745530128479004e-01 -9.990342855453491211e-01 -1.976533681154251099e-01 8.316142559051513672e-01 8.481317758560180664e-01 9.491930603981018066e-01 1.082754060626029968e-01 2.464362531900405884e-01 2.612323760986328125e-01 -9.979184269905090332e-01 -9.999189972877502441e-01 -9.901843667030334473e-01 6.513799428939819336e-01 3.053379952907562256e-01 -1.950062364339828491e-01 9.612438678741455078e-01 -9.992479085922241211e-01 -3.030464947223663330e-01 9.890559315681457520e-01 8.869960159063339233e-02 9.930717349052429199e-01 9.633618593215942383e-01 -9.970610141754150391e-01 -6.858811378479003906e-01 8.835097551345825195e-01 -4.101049005985260010e-01 -6.731668114662170410e-02 -1.933852732181549072e-01 9.994388222694396973e-01 3.207921683788299561e-01 7.062529772520065308e-02 -1.332879066467285156e-01 -9.121494293212890625e-01 4.853001534938812256e-01 9.470411539077758789e-01 6.692076921463012695e-01 -1.028418913483619690e-01 -1.537403464317321777e-01 3.378534913063049316e-01 1.491247490048408508e-02 9.886612296104431152e-01 1.689428240060806274e-01 -8.251164555549621582e-01 -4.170195758342742920e-01 -9.506529569625854492e-01 -1.810671240091323853e-01 -6.724797487258911133e-01 -9.513983726501464844e-01 9.247117042541503906e-01 -9.596334099769592285e-01 -6.616767644882202148e-01 9.938132166862487793e-01 -1.071583200246095657e-02 2.670796811580657959e-01 2.993282377719879150e-01 3.903805837035179138e-02 3.046477437019348145e-01 6.481111794710159302e-02 -5.395646393299102783e-02 -9.384362101554870605e-01 3.299531340599060059e-01 9.992322921752929688e-01 -3.022535443305969238e-01 -2.000619769096374512e-01 9.304158687591552734e-01 -3.475926518440246582e-01 2.308097779750823975e-01 9.293205738067626953e-01 9.974526762962341309e-01 -4.321717470884323120e-02 9.649540185928344727e-01 4.639905095100402832e-01 -2.087643295526504517e-01 6.479740738868713379e-01 -2.444199174642562866e-01 9.431241750717163086e-01 -1.214283704757690430e-01 4.006597995758056641e-01 2.366044372320175171e-01 -2.305724620819091797e-01 -8.514011651277542114e-02 -8.678122758865356445e-01 -9.312544465065002441e-01 -1.068412289023399353e-01 -3.654124438762664795e-01 3.814922869205474854e-01 -9.300385713577270508e-01 -9.449008703231811523e-01 3.624974191188812256e-01 1.817557215690612793e-01 7.537373304367065430e-01 -4.387096762657165527e-01 9.092440009117126465e-01 -5.162948966026306152e-01 6.001883745193481445e-01 7.081018686294555664e-01 -9.999668002128601074e-01 6.963627040386199951e-02 3.521786630153656006e-01 -1.068977341055870056e-01 2.784583270549774170e-01 -5.372122526168823242e-01 1.835280843079090118e-02 -7.061731219291687012e-01 3.386076539754867554e-02 9.508599042892456055e-01 7.469558715820312500e-01 7.085326910018920898e-01 -2.983493208885192871e-01 7.991949915885925293e-01 -4.332929849624633789e-01 -6.071767583489418030e-02 -4.101327955722808838e-01 -9.995163679122924805e-01 -3.048257529735565186e-01 4.201702177524566650e-01 -5.209544897079467773e-01 2.143097296357154846e-02 -6.293798089027404785e-01 9.889125227928161621e-01 -5.034795030951499939e-03 6.077768281102180481e-02 -4.492851793766021729e-01 9.556997418403625488e-01 -5.830686092376708984e-01 7.435147166252136230e-01 -9.806807041168212891e-01 -9.372872710227966309e-01 -8.789500594139099121e-02 4.858011305332183838e-01 -9.510903358459472656e-01 -8.285571634769439697e-02 9.699800014495849609e-01 -9.891256093978881836e-01 2.598745822906494141e-01 -7.355248928070068359e-01 1.989507973194122314e-01 3.051064014434814453e-01 -4.208374321460723877e-01 -6.190606355667114258e-01 -9.882685542106628418e-01 -4.825522899627685547e-01 2.494138628244400024e-01 2.728032469749450684e-01 9.765432476997375488e-01 2.744717895984649658e-01 -9.901729822158813477e-01 -3.628618270158767700e-02 4.134056866168975830e-01 2.448449432849884033e-01 -6.751685589551925659e-02 4.583345949649810791e-01 -9.975476264953613281e-01 8.080051541328430176e-01 -9.997641444206237793e-01 -9.988333582878112793e-01 5.104540586471557617e-01 -9.028585553169250488e-01 -8.648508191108703613e-01 -3.820119798183441162e-01 -2.567887604236602783e-01 -1.610514372587203979e-01 -9.960259199142456055e-01 -9.893587827682495117e-01 3.306961655616760254e-01 -9.687626361846923828e-01 -1.873661279678344727e-01 -9.644698500633239746e-01 4.975448250770568848e-01 -2.855029106140136719e-01 -6.881329417228698730e-02 5.064606070518493652e-01 -8.412450551986694336e-02 -3.840124905109405518e-01 9.969054460525512695e-01 4.972133338451385498e-01 9.947990179061889648e-01 3.128395974636077881e-01 2.728911936283111572e-01 5.122808218002319336e-01 9.872514605522155762e-01 -9.602020382881164551e-01 5.389463901519775391e-01 -9.877899885177612305e-01 8.961568772792816162e-02 9.513921141624450684e-01 9.994248151779174805e-01 9.153996706008911133e-01 9.951904416084289551e-01 -9.996917843818664551e-01 1.251270323991775513e-01 5.784875750541687012e-01 -1.241733729839324951e-01 9.672035574913024902e-01 1.367658376693725586e-01 5.345677137374877930e-01 -9.750397801399230957e-01 -6.846908926963806152e-01 3.715313076972961426e-01 -9.972936511039733887e-01 9.848827123641967773e-01 -1.901286244392395020e-01 9.456595033407211304e-02 3.813683688640594482e-01 3.152820840477943420e-02 -1.718412786722183228e-01 -9.455235004425048828e-01 -9.532462358474731445e-01 -6.830874085426330566e-01 -2.539725303649902344e-01 1.203557774424552917e-01 -2.396143376827239990e-01 -9.999433755874633789e-01 -2.496611922979354858e-01 2.649472951889038086e-01 2.425254285335540771e-01 -3.647128045558929443e-01 3.670298457145690918e-01 2.895892858505249023e-01 2.865222394466400146e-01 9.999729394912719727e-01 -9.957936406135559082e-01 1.466946303844451904e-01 6.654635071754455566e-02 5.508995382115244865e-04 5.094699263572692871e-01 -3.923793435096740723e-01 -5.624098777770996094e-01 9.549387097358703613e-01 5.499874949455261230e-01 -2.209603488445281982e-01 -2.170248329639434814e-01 -2.519848346710205078e-01
7.733287215232849121e-01 9.748127460479736328e-01 -1.446913182735443115e-01 2.865447895601391792e-03 3.213264048099517822e-01 -6.871941089630126953e-01 9.936684370040893555e-01 -9.986135959625244141e-01 -2.248253971338272095e-01 -9.910747408866882324e-01 -7.203861325979232788e-02 2.871830165386199951e-01 -7.905028462409973145e-01 -9.876245856285095215e-01 3.347150087356567383e-01 1.623663306236267090e-01 -4.596799984574317932e-02 6.377546815201640129e-04 -6.689930558204650879e-01 1.253567934036254883e-01 6.542134284973144531e-01 3.235948979854583740e-01 9.719073772430419922e-01 9.994162917137145996e-01 9.773338437080383301e-01 9.986201524734497070e-01 -4.757499992847442627e-01 -5.199390649795532227e-01 4.304618239402770996e-01 -9.999936223030090332e-01 9.856985807418823242e-01 1.093199849128723145e-01 3.265603482723236084e-01 -1.097143143415451050e-01 -9.982416629791259766e-01 -3.144739270210266113e-01 -1.474421322345733643e-01 1.036864742636680603e-01 9.993712902069091797e-01 -3.866302073001861572e-01 -5.844841897487640381e-02 -3.454654216766357422e-01 1.861568838357925415e-01 -9.945312142372131348e-01 -7.943048141896724701e-03 -1.852272599935531616e-01 -6.825997829437255859e-01 -2.965578138828277588e-01 8.937999010086059570e-01 -3.502136170864105225e-01 -2.871095836162567139e-01 9.060801565647125244e-02 9.683262109756469727e-01 -3.996205329895019531e-01 -9.982343316078186035e-01 3.256273865699768066e-01 2.444579750299453735e-01 -5.694540739059448242e-01 -9.869344830513000488e-01 -2.491139322519302368e-01 -3.413465023040771484e-01 2.030176371335983276e-01 9.413131475448608398e-01 -2.301225997507572174e-02 3.731767535209655762e-01 -9.973458051681518555e-01 9.953832030296325684e-01 -9.901976585388183594e-01 6.095371767878532410e-02 9.361658692359924316e-01 9.848651885986328125e-01 9.974645972251892090e-01 -9.808587431907653809e-01 -8.687693476676940918e-01 -9.798097610473632812e-01 -3.162522614002227783e-01 -2.565183490514755249e-02 -6.704837679862976074e-01 3.484931215643882751e-02 -1.494852751493453979e-01 -9.951190948486328125e-01 -1.320378389209508896e-02 9.994066953659057617e-01 7.142636179924011230e-01 -9.999427795410156250e-01 -9.961872696876525879e-01 1.945607513189315796e-01 8.717555552721023560e-02 -2.788603603839874268e-01 -8.621542155742645264e-02 9.973208904266357422e-01 1.979875266551971436e-01 7.462806105613708496e-01 -9.995868206024169922e-01 -1.245297640562057495e-01 9.662418365478515625e-01 9.973238706588745117e-01 -2.973102331161499023e-01 -9.999902248382568359e-01 2.913153171539306641e-01 -4.703413546085357666e-01 -9.233676791191101074e-01 -2.627747654914855957e-01 6.106375157833099365e-02 1.578314155340194702e-01 5.111823603510856628e-02 9.664505720138549805e-01 3.984898030757904053e-01 -8.771628886461257935e-02 -2.353835403919219971e-01 3.737651705741882324e-01 -7.887680530548095703e-01 -4.478623867034912109e-01 9.979660511016845703e-01 -4.839337468147277832e-01 -2.147210836410522461e-01 -9.988838434219360352e-01 -9.278588294982910156e-01 2.317533344030380249e-01 8.803206086158752441e-01 4.414204657077789307e-01 -1.203778311610221863e-01 2.735568583011627197e-01 7.207604646682739258e-01 -1.533260196447372437e-01 -5.634190440177917480e-01 -9.983543157577514648e-01 -1.538143604993820190e-01 -4.014041721820831299e-01 -5.836093425750732422e-01 9.840463995933532715e-01 8.735524415969848633e-01 9.731896519660949707e-01 2.811169922351837158e-01 3.795596063137054443e-01 -9.569060802459716797e-01 9.964103698730468750e-01 8.456009030342102051e-01 -7.452234625816345215e-01 2.927634716033935547e-01 9.947642087936401367e-01 5.010455846786499023e-01 -2.844486534595489502e-01 9.990585446357727051e-01 -2.179860323667526245e-02 -8.914085030555725098e-01 -8.685417175292968750e-01 9.950752258300781250e-01 -9.993017911911010742e-01 -3.013676404953002930e-01 -5.259246826171875000e-01 -4.459229484200477600e-02 8.775920867919921875e-01 -5.142659544944763184e-01 2.287623882293701172e-01 -3.686642050743103027e-01 9.998987913131713867e-01 -2.878373265266418457e-01 5.263803005218505859e-01 2.207851111888885498e-01 -3.213247656822204590e-01 6.855475902557373047e-02 1.994226425886154175e-01 -3.339289724826812744e-01 9.995643496513366699e-01 -4.317217171192169189e-01 1.160794496536254883e-01 -5.328734517097473145e-01 9.950853586196899414e-01 7.915405631065368652e-01 2.227610200643539429e-01 -9.870356321334838867e-01 -9.999516010284423828e-01 9.999895095825195312e-01 -1.119930595159530640e-01 2.921313941478729248e-01 6.728775501251220703e-01 -1.053273379802703857e-01 7.809606790542602539e-01 9.992044568061828613e-01 9.983943700790405273e-01 -6.659571528434753418e-01 9.998794794082641602e-01 9.933936595916748047e-01 9.467574357986450195e-01 -9.428818225860595703e-01 -3.338737189769744873e-01 5.547595620155334473e-01 4.493195712566375732e-01 9.848486781120300293e-01 9.631006717681884766e-01 -9.954125285148620605e-01 -1.701052039861679077e-01 -5.688270181417465210e-02 8.881245255470275879e-01 1.527628898620605469e-01 -9.750698804855346680e-01 9.997881650924682617e-01 -7.453978061676025391e-01 4.284250438213348389e-01 -1.295950412750244141e-01 -3.764883875846862793e-01 -9.930419325828552246e-01 5.133762955665588379e-01 -2.656813859939575195e-01 8.409178256988525391e-01 1.180360093712806702e-01 9.990014433860778809e-01 8.064565062522888184e-01 -2.750850319862365723e-01 -9.974162578582763672e-01 9.974804520606994629e-01 4.010222107172012329e-02 6.813679933547973633e-01 -9.856349229812622070e-01 -5.867389440536499023e-01 -9.992195963859558105e-01 6.435728669166564941e-01 -9.999921917915344238e-01 2.418616041541099548e-02 3.033972345292568207e-02 -1.068202964961528778e-02 -9.446786046028137207e-01 5.103304386138916016e-01 -9.934746026992797852e-01 -3.417156934738159180e-01 9.363769292831420898e-01 -2.103618979454040527e-01 1.094151958823204041e-01 9.406886100769042969e-01 -1.357172131538391113e-01 3.967579007148742676e-01 -1.158799380064010620e-01 3.514256775379180908e-01 -6.817180514335632324e-01 4.297639131546020508e-01 -8.608270287513732910e-01 -1.517632454633712769e-01 4.554274976253509521e-01 2.551497891545295715e-02 7.385617494583129883e-01 9.982268810272216797e-01 9.988861680030822754e-01 4.405108988285064697e-01 -9.583761692047119141e-01 4.917462170124053955e-01 9.965334534645080566e-01 2.871224284172058105e-01 9.363893270492553711e-01 2.938124239444732666e-01 7.042994499206542969e-01 -3.475606441497802734e-01 -1.787845045328140259e-01 2.999207079410552979e-01 9.890838861465454102e-01 -2.156101018190383911e-01 -2.139056175947189331e-01 -9.775816798210144043e-01 -9.849804043769836426e-01 9.665312170982360840e-01 -2.322825193405151367e-01 -6.574099063873291016e-01 -1.642458140850067139e-01 -8.451466560363769531e-01 5.666682124137878418e-01 9.791503548622131348e-01 9.013516902923583984e-01 -9.984845519065856934e-01 2.126692682504653931e-01 1.858327239751815796e-01 9.995837211608886719e-01 -3.635530173778533936e-02 -9.499727487564086914e-01 9.958643317222595215e-01 -7.876710891723632812e-01 -9.247645735740661621e-01 9.989837408065795898e-01 2.258256822824478149e-01 9.602279663085937500e-01 3.198414444923400879e-01 -9.962593913078308105e-01 -4.376118183135986328e-01 -9.236237406730651855e-01 9.944408535957336426e-01 9.972251057624816895e-01 -1.905871182680130005e-01 3.286099135875701904e-01 2.061153650283813477e-01 -8.520198464393615723e-01 -9.993516206741333008e-01 -9.990401268005371094e-01 3.985093235969543457e-01 3.836841583251953125e-01 6.488784551620483398e-01 -9.409422874450683594e-01 -9.983257055282592773e-01 -1.923074722290039062e-01 1.155885457992553711e-01 -2.575693428516387939e-01 9.972383379936218262e-01 9.996821880340576172e-01 -9.996376037597656250e-01 9.977994561195373535e-01 9.441887736320495605e-01 -3.055333495140075684e-01 -9.366909973323345184e-03 5.968590080738067627e-02 8.887123465538024902e-01 8.729319572448730469e-01 1.493042856454849243e-01 -3.195365965366363525e-01 -6.664931178092956543e-01 3.620332181453704834e-01 9.974535107612609863e-01 6.582392454147338867e-01 -3.257679343223571777e-01 1.602975428104400635e-01 6.385674476623535156e-01 5.673206448554992676e-01 9.959461688995361328e-01 2.541358470916748047e-01 -9.592343568801879883e-01 -3.127773106098175049e-01 -9.966724514961242676e-01 -1.634043008089065552e-01 -7.099453210830688477e-01 -9.914019703865051270e-01 -9.044901132583618164e-01 9.999791979789733887e-01 2.692853212356567383e-01 9.973955750465393066e-01 -2.130698114633560181e-01 1.322092674672603607e-02 9.183332324028015137e-01 1.803167164325714111e-01 4.948276579380035400e-01 3.237001895904541016e-01 1.870037764310836792e-01 9.979003667831420898e-01 2.573654651641845703e-01 9.996899962425231934e-01 7.683871686458587646e-02 -5.364682078361511230e-01 8.555950522422790527e-01 -9.565145373344421387e-01 6.581009030342102051e-01 -9.907216429710388184e-01 9.990625977516174316e-01 4.154550656676292419e-02 -3.861899971961975098e-01 5.639626979827880859e-01 9.504504501819610596e-02 9.999199509620666504e-01 -2.434343993663787842e-01 -9.999934434890747070e-01 3.941512666642665863e-03 -9.945908188819885254e-01 -3.860432803630828857e-01 -2.105708420276641846e-01 1.242150664329528809e-01 -8.293313384056091309e-01 9.999929666519165039e-01 -1.399446576833724976e-01 -1.893712133169174194e-01 -6.291933357715606689e-02 -9.575101733207702637e-01 9.999949336051940918e-01 9.525840282440185547e-01 1.772863119840621948e-01 3.584234714508056641e-01 -1.992815732955932617e-01 8.150520920753479004e-01 -4.733614027500152588e-01 1.540036946535110474e-01 9.992833137512207031e-01 -9.951046705245971680e-01 -1.582274213433265686e-02 1.776855289936065674e-01 -1.026518046855926514e-01 -9.856279194355010986e-02 -6.459640264511108398e-01 1.896088244393467903e-03 -9.490187168121337891e-01 3.853347301483154297e-01 -6.486991643905639648e-01 5.478305220603942871e-01 6.235510706901550293e-01 -1.007933691143989563e-01 -9.907746911048889160e-01 -3.147437274456024170e-01 4.351733997464179993e-02 1.317792236804962158e-01 -9.860045909881591797e-01 -1.872398108243942261e-01 -2.498189210891723633e-01 -3.639101088047027588e-01 -2.450848370790481567e-01 -6.443290114402770996e-01 9.937769174575805664e-01 1.901541501283645630e-01 4.948895275592803955e-01 -9.996994733810424805e-01 -9.992069602012634277e-01 -5.401414632797241211e-01 9.507960677146911621e-01 -9.965721964836120605e-01 9.999631643295288086e-01 -3.377277553081512451e-01 3.602414131164550781e-01 -9.938030838966369629e-01 4.595462679862976074e-01 9.102503061294555664e-01 -9.846097230911254883e-01 2.076108157634735107e-01 -9.759318232536315918e-01 4.770665466785430908e-01 9.072434157133102417e-02 -9.995256066322326660e-01 -9.979666471481323242e-01 -9.963514804840087891e-01 -4.838793575763702393e-01 8.168419003486633301e-01 2.468157261610031128e-01 8.991284966468811035e-01 1.282467991113662720e-01 -9.932730793952941895e-01 1.688088290393352509e-02 4.376623630523681641e-01 -4.263263940811157227e-02 -1.314866095781326294e-01 6.265448331832885742e-01 -9.998580813407897949e-01 4.139480888843536377e-01 -9.947025179862976074e-01 -9.947824478149414062e-01 4.219137430191040039e-01 2.435563951730728149e-01 9.997090101242065430e-01 -8.279675617814064026e-03 -3.118158280849456787e-01 -2.821897864341735840e-01 -6.944633722305297852e-01 -9.964308142662048340e-01 1.931172311305999756e-01 -9.995850920677185059e-01 -9.608556628227233887e-01 -9.691815972328186035e-01 7.141442298889160156e-01 -3.235369622707366943e-01 1.836906969547271729e-01 5.089293122291564941e-01 4.076995328068733215e-02 6.734245270490646362e-02 9.928364157676696777e-01 4.382640123367309570e-01 3.852217197418212891e-01 3.188758194446563721e-01 1.932806670665740967e-01 3.045537471771240234e-01 9.378305077552795410e-01 -7.470866441726684570e-01 2.326564490795135498e-01 -9.967864751815795898e-01 -1.590629369020462036e-01 -9.999766945838928223e-01 9.968702793121337891e-01 -6.708699464797973633e-01 8.886307477951049805e-01 -9.999349117279052734e-01 5.606611445546150208e-02 5.365190505981445312e-01 8.233169317245483398e-01 -9.864183664321899414e-01 7.870903611183166504e-02 3.654472231864929199e-01 1.614697873592376709e-01 -9.429379701614379883e-01 5.291808843612670898e-01 -8.579667210578918457e-01 9.284432530403137207e-01 9.701101481914520264e-02 8.576991409063339233e-02 2.105032801628112793e-01 1.911931335926055908e-01 -5.519294738769531250e-02 -7.668339014053344727e-01 9.069294929504394531e-01 -6.306211948394775391e-01 -6.684502363204956055e-01 -5.944074690341949463e-02 -1.730241477489471436e-01 -9.977049231529235840e-01 2.375027239322662354e-01 -9.250138998031616211e-01 3.142147660255432129e-01 -1.166175082325935364e-01 3.616904914379119873e-01 -1.725158393383026123e-01 8.690485358238220215e-01 9.999268054962158203e-01 -9.887276887893676758e-01 1.341010779142379761e-01 3.394915759563446045e-01 -2.188260480761528015e-02 2.651416063308715820e-01 -4.193139970302581787e-01 3.995100557804107666e-01 -9.824992418289184570e-01 3.490951657295227051e-01 3.349024951457977295e-01 -4.018018543720245361e-01 -9.989151358604431152e-01
-9.272226095199584961e-01 8.748357295989990234e-01 -2.885348200798034668e-01 1.347840428352355957e-01 -6.735325455665588379e-01 -7.481522560119628906e-01 9.961853027343750000e-01 -9.907691478729248047e-01 -4.428886771202087402e-01 -9.812911748886108398e-01 -8.210727572441101074e-02 -9.046425223350524902e-01 -8.740476965904235840e-01 -8.993343114852905273e-01 -8.577964901924133301e-01 -7.105920463800430298e-02 6.596034020185470581e-02 2.117733508348464966e-01 -6.872044205665588379e-01 1.795591413974761963e-01 4.943031370639801025e-01 1.419697701930999756e-01 1.376664489507675171e-01 5.141143798828125000e-01 9.998597502708435059e-01 9.960755109786987305e-01 -3.958338797092437744e-01 -4.712180197238922119e-01 1.996579766273498535e-01 -4.553563296794891357e-01 9.829654693603515625e-01 -2.949794195592403412e-02 -2.361304014921188354e-01 -2.802570760250091553e-01 -2.346673756837844849e-01 -2.546701729297637939e-01 -1.641045957803726196e-01 -2.669950425624847412e-01 9.878106117248535156e-01 -4.581787288188934326e-01 -2.221864610910415649e-01 -2.834641933441162109e-01 4.564458429813385010e-01 -9.902014732360839844e-01 2.321684956550598145e-01 3.445042669773101807e-01 -9.846636056900024414e-01 -2.839151322841644287e-01 3.183862194418907166e-02 -2.843450009822845459e-01 8.705764412879943848e-01 -1.913674734532833099e-02 9.817507863044738770e-01 -2.948887348175048828e-01 -4.255895316600799561e-01 5.248004794120788574e-01 3.342623412609100342e-01 -2.389138750731945038e-02 -9.988510012626647949e-01 7.023469209671020508e-01 -1.636196225881576538e-01 -1.706585735082626343e-01 7.653610110282897949e-01 1.728143393993377686e-01 2.343294471502304077e-01 -9.974226951599121094e-01 7.098061442375183105e-01 4.880448430776596069e-02 2.247375994920730591e-01 9.966521859169006348e-01 9.660143256187438965e-01 9.996976852416992188e-01 -6.595323681831359863e-01 -8.710082173347473145e-01 -9.913355708122253418e-01 -5.587678030133247375e-02 -1.758643388748168945e-01 -9.564080089330673218e-02 -2.380160428583621979e-02 -8.737545460462570190e-02 -9.882718324661254883e-01 -2.649556100368499756e-01 9.958328604698181152e-01 -3.941545188426971436e-01 -1.040915250778198242e-01 -9.903848171234130859e-01 1.066108793020248413e-01 1.157470494508743286e-01 -4.355565607547760010e-01 4.771597683429718018e-02 -6.955790519714355469e-01 -5.257173255085945129e-02 5.230426788330078125e-01 -9.360639452934265137e-01 -9.581820368766784668e-01 9.654696583747863770e-01 9.850657582283020020e-01 -3.048877418041229248e-01 -9.999292492866516113e-01 -2.366488873958587646e-01 -7.202064990997314453e-01 -9.766206741333007812e-01 -9.732462465763092041e-02 -3.550118207931518555e-01 2.916595898568630219e-03 3.722078353166580200e-02 9.245491623878479004e-01 3.980927169322967529e-01 -1.986597031354904175e-01 9.281190633773803711e-01 3.120728135108947754e-01 7.617806196212768555e-01 -9.109616279602050781e-01 -7.631483078002929688e-01 -3.547059595584869385e-01 3.622163785621523857e-03 -9.785919785499572754e-01 7.657546997070312500e-01 1.728643476963043213e-01 9.940841794013977051e-01 1.366925388574600220e-01 -1.037843525409698486e-01 -9.363166093826293945e-01 9.923096895217895508e-01 -4.314350485801696777e-01 -4.375511407852172852e-02 -9.994400739669799805e-01 -2.970551848411560059e-01 -3.304919004440307617e-01 -4.882926344871520996e-01 8.968388438224792480e-01 9.773077964782714844e-01 9.162067770957946777e-01 2.990550994873046875e-01 5.816398262977600098e-01 -9.920173883438110352e-01 8.793946504592895508e-01 -9.689335227012634277e-01 -2.007952481508255005e-01 6.504340767860412598e-01 9.992564320564270020e-01 1.270954012870788574e-01 -4.068482220172882080e-01 9.955378770828247070e-01 1.775234043598175049e-01 -4.793485403060913086e-01 -9.936563372611999512e-01 8.184639811515808105e-01 -3.644339144229888916e-01 -3.381061553955078125e-01 -4.210609793663024902e-01 7.270409166812896729e-02 8.603165745735168457e-01 -4.481831192970275879e-01 2.678224146366119385e-01 -5.716433525085449219e-01 -8.027167618274688721e-02 -8.619958758354187012e-01 2.735102176666259766e-01 4.645548164844512939e-01 -2.454493790864944458e-01 3.805344179272651672e-02 -6.432755291461944580e-02 -6.223774552345275879e-01 9.999592900276184082e-01 -4.326734840869903564e-01 -2.749479413032531738e-01 -5.386630296707153320e-01 9.928077459335327148e-01 9.056156277656555176e-01 3.092859387397766113e-01 -9.838233590126037598e-01 -9.664732813835144043e-01 3.363494575023651123e-01 4.473466277122497559e-01 3.622059822082519531e-01 7.047914862632751465e-01 -4.665704444050788879e-02 9.815886616706848145e-01 9.977650642395019531e-01 9.311347603797912598e-01 -3.252933919429779053e-01 9.989791512489318848e-01 -9.917122870683670044e-02 9.415538311004638672e-01 -9.875950217247009277e-01 -9.232228398323059082e-01 8.432749509811401367e-01 4.285290539264678955e-01 3.580120801925659180e-01 4.309529364109039307e-01 -9.835368990898132324e-01 5.510119199752807617e-01 1.043393686413764954e-01 9.623866081237792969e-01 -1.996568441390991211e-01 -5.094599723815917969e-01 -5.489397048950195312e-01 -9.413185119628906250e-01 2.275145947933197021e-01 -2.779407799243927002e-01 -5.025093555450439453e-01 3.012113869190216064e-01 5.317299962043762207e-01 -2.968481779098510742e-01 4.075312018394470215e-01 4.064311832189559937e-02 9.996739625930786133e-01 9.559700489044189453e-01 -4.229872226715087891e-01 -5.968283414840698242e-01 8.805235624313354492e-01 -2.014575600624084473e-01 6.535760760307312012e-01 8.771336078643798828e-01 -9.715121984481811523e-01 -6.656386256217956543e-01 8.857321143150329590e-01 -4.642795920372009277e-01 2.348770648241043091e-01 -7.938597202301025391e-01 1.264210045337677002e-01 -9.250832200050354004e-01 4.303171932697296143e-01 -6.665284037590026855e-01 8.571187853813171387e-01 -9.547380208969116211e-01 -3.371065715327858925e-03 8.596037030220031738e-01 9.935858249664306641e-01 7.729506492614746094e-02 1.703855693340301514e-01 -4.491173326969146729e-01 2.509380877017974854e-01 9.381360411643981934e-01 4.819646179676055908e-01 -8.950598239898681641e-01 -3.415644168853759766e-01 4.422466158866882324e-01 -2.569804787635803223e-01 9.369109869003295898e-01 9.997477531433105469e-01 -1.265087127685546875e-01 7.888931035995483398e-01 9.223794341087341309e-01 5.293987393379211426e-01 9.789394736289978027e-01 -3.588704392313957214e-03 -3.062305748462677002e-01 4.154660105705261230e-01 5.145096182823181152e-01 -2.845309972763061523e-01 -2.806738018989562988e-01 2.432479560375213623e-01 9.994425177574157715e-01 -2.883369028568267822e-01 -1.775526106357574463e-01 -9.964509010314941406e-01 -4.158400893211364746e-01 7.280150055885314941e-01 -4.670697152614593506e-01 -7.850008606910705566e-01 -7.456412166357040405e-02 -1.475275605916976929e-01 1.036063283681869507e-01 9.663648605346679688e-01 9.714286923408508301e-01 -9.999033212661743164e-01 -1.660324186086654663e-01 -2.341073602437973022e-01 9.988823533058166504e-01 -1.794410347938537598e-01 -9.745857715606689453e-01 9.926028251647949219e-01 -2.770282924175262451e-01 -7.644611001014709473e-01 9.965612888336181641e-01 5.092246532440185547e-01 9.325156807899475098e-01 4.525396525859832764e-01 -9.992589950561523438e-01 2.075146734714508057e-01 1.899559050798416138e-02 9.532216191291809082e-01 9.974627494812011719e-01 -2.441609799861907959e-01 3.119910359382629395e-01 1.460691839456558228e-01 -9.924749135971069336e-01 -9.998091459274291992e-01 -9.851453900337219238e-01 6.644972562789916992e-01 4.504869282245635986e-01 4.227335453033447266e-01 8.742685317993164062e-01 -9.940007328987121582e-01 -2.811081409454345703e-01 9.285765886306762695e-01 5.549719557166099548e-03 9.583593010902404785e-01 9.946896433830261230e-01 -9.992947578430175781e-01 1.700901687145233154e-01 9.855960011482238770e-01 -5.049346089363098145e-01 -8.764168620109558105e-02 1.280813571065664291e-02 9.930652379989624023e-01 -5.394683480262756348e-01 2.086482197046279907e-01 -9.459511190652847290e-02 -3.604786992073059082e-01 4.007831513881683350e-01 9.979251027107238770e-01 5.731052756309509277e-01 -3.095588088035583496e-01 -1.303967684507369995e-01 4.895255863666534424e-01 1.501504033803939819e-01 9.989825487136840820e-01 1.073989085853099823e-02 -9.723021388053894043e-01 -2.837582528591156006e-01 -9.414085745811462402e-01 -3.596734404563903809e-01 -4.129243791103363037e-01 -8.754536509513854980e-01 6.377760171890258789e-01 1.641500592231750488e-01 -2.280079424381256104e-01 9.427182078361511230e-01 5.457188189029693604e-02 1.695613563060760498e-01 9.491754174232482910e-01 2.693749368190765381e-01 1.608044356107711792e-01 2.121267467737197876e-01 -4.195353388786315918e-01 -5.202208757400512695e-01 3.100521862506866455e-01 9.991650581359863281e-01 -1.561347246170043945e-01 -2.523135840892791748e-01 9.430813193321228027e-01 -6.161550283432006836e-01 5.772822499275207520e-01 5.163436532020568848e-01 9.993388056755065918e-01 1.350903660058975220e-01 8.308007717132568359e-01 4.640102386474609375e-01 -1.314720362424850464e-01 9.404266476631164551e-01 -3.064566850662231445e-01 -4.767765700817108154e-01 3.153807520866394043e-01 -8.515994548797607422e-01 -1.805772632360458374e-01 -2.171941846609115601e-01 2.203478515148162842e-01 -9.491901397705078125e-01 5.274636149406433105e-01 -3.762283027172088623e-01 -2.423637509346008301e-01 2.194922417402267456e-01 -9.222465753555297852e-01 5.261083841323852539e-01 3.497106432914733887e-01 4.092038869857788086e-01 6.605485677719116211e-01 -3.609290122985839844e-01 9.849784970283508301e-01 -5.179088115692138672e-01 5.673469305038452148e-01 9.415050745010375977e-01 -9.984952807426452637e-01 3.705268502235412598e-01 1.808899044990539551e-01 -4.784375429153442383e-01 1.055279001593589783e-01 -7.094172239303588867e-01 8.474089950323104858e-02 -9.949119091033935547e-01 2.819467484951019287e-01 9.132678508758544922e-01 -6.501618623733520508e-01 4.814501106739044189e-01 -3.662681579589843750e-01 3.685388267040252686e-01 -1.168562024831771851e-01 -2.326691448688507080e-01 -4.215586483478546143e-01 -9.983573555946350098e-01 -1.761740595102310181e-01 -9.272632002830505371e-02 -4.248973429203033447e-01 -3.028043918311595917e-02 -6.403438448905944824e-01 9.708179831504821777e-01 2.782385051250457764e-02 2.132696062326431274e-01 -9.334033727645874023e-01 3.308622837066650391e-01 -5.386605262756347656e-01 9.539778828620910645e-01 -9.956330060958862305e-01 2.396611422300338745e-01 9.400295466184616089e-02 4.247340559959411621e-01 -9.836500883102416992e-01 4.962005615234375000e-01 9.069573879241943359e-01 -9.940757751464843750e-01 1.065665110945701599e-01 -8.669029474258422852e-01 3.563347160816192627e-01 1.239165812730789185e-01 -7.822695374488830566e-01 -8.773882985115051270e-01 -3.625154197216033936e-01 -3.952430784702301025e-01 9.548978805541992188e-01 1.217813342809677124e-01 9.915882349014282227e-01 1.494207978248596191e-01 -9.994974732398986816e-01 -3.184078335762023926e-01 3.010087311267852783e-01 2.757991552352905273e-01 -1.080264300107955933e-01 4.732246100902557373e-01 -9.962695837020874023e-01 6.177675127983093262e-01 -9.987220168113708496e-01 -9.982079863548278809e-01 1.259662508964538574e-01 -9.143490195274353027e-01 -7.765954732894897461e-02 -2.656698226928710938e-01 -2.971110641956329346e-01 7.932967692613601685e-02 -9.893234372138977051e-01 -9.971234798431396484e-01 2.961396574974060059e-01 -9.981163740158081055e-01 -8.870841264724731445e-01 -9.939530491828918457e-01 3.247993588447570801e-01 -5.101239681243896484e-01 1.313022971153259277e-01 3.997314572334289551e-01 2.025565505027770996e-01 5.463932640850543976e-03 9.879708290100097656e-01 6.339813470840454102e-01 8.998003005981445312e-01 1.843322813510894775e-01 3.549349680542945862e-02 1.356760114431381226e-01 9.912929534912109375e-01 -4.648861289024353027e-01 3.535531163215637207e-01 -9.977141618728637695e-01 3.278218209743499756e-01 -1.866039931774139404e-01 9.992831349372863770e-01 6.296341419219970703e-01 9.743913412094116211e-01 -9.997528195381164551e-01 -3.361535966396331787e-01 5.015098452568054199e-01 -9.122046828269958496e-01 7.794843316078186035e-01 -5.816097930073738098e-02 5.043113827705383301e-01 -9.659861326217651367e-01 -9.203238487243652344e-01 3.730440735816955566e-01 -9.982652664184570312e-01 9.983060359954833984e-01 -3.450912237167358398e-01 5.500214099884033203e-01 4.769026637077331543e-01 3.682672083377838135e-01 1.091468259692192078e-01 -9.941221475601196289e-01 -6.393936276435852051e-01 -4.424371421337127686e-01 -2.004560828208923340e-01 -3.522323444485664368e-02 -2.966515533626079559e-02 -9.997632503509521484e-01 -9.500916004180908203e-01 -8.933647274971008301e-01 2.293395251035690308e-01 -5.850245058536529541e-02 3.604809194803237915e-02 6.423842310905456543e-01 1.388329863548278809e-01 9.999675154685974121e-01 -9.990584254264831543e-01 -1.857672184705734253e-01 1.186410784721374512e-01 -1.356930583715438843e-01 4.135742783546447754e-01 -9.603660106658935547e-01 3.300793766975402832e-01 3.411264419555664062e-01 6.440365910530090332e-01 6.253965944051742554e-02 -3.790057599544525146e-01 -8.100550174713134766e-01
-9.790888428688049316e-01 9.434177279472351074e-01 1.699521690607070923e-01 9.859500080347061157e-02 -2.924767136573791504e-02 1.509461849927902222e-01 9.897211194038391113e-01 -9.980791807174682617e-01 5.412364844232797623e-03 -9.854190945625305176e-01 9.291286766529083252e-02 -9.782944917678833008e-01 -4.045752584934234619e-01 -9.942085146903991699e-01 -8.892543911933898926e-01 2.194701731204986572e-01 1.963438838720321655e-01 2.393622510135173798e-02 -5.575858950614929199e-01 -1.708170771598815918e-01 5.671380162239074707e-01 -4.671559855341911316e-02 3.204979598522186279e-01 4.451989829540252686e-01 9.990133047103881836e-01 9.990810751914978027e-01 -2.305853664875030518e-01 -2.977645993232727051e-01 -8.352255448698997498e-03 -9.490521997213363647e-02 9.890426993370056152e-01 -2.105644792318344116e-01 -2.532356791198253632e-02 -1.279714852571487427e-01 -6.648255586624145508e-01 -1.802146732807159424e-01 -4.260089248418807983e-02 -4.736188799142837524e-02 9.959679245948791504e-01 -3.896105587482452393e-01 4.078730642795562744e-01 -4.461458325386047363e-01 3.261270225048065186e-01 -9.544624686241149902e-01 2.530059777200222015e-03 7.838442921638488770e-01 -9.510466456413269043e-01 -9.034689515829086304e-02 9.655562639236450195e-01 5.124817416071891785e-02 8.588925004005432129e-01 1.336501687765121460e-01 9.928517937660217285e-01 1.206232141703367233e-02 -4.803440570831298828e-01 3.993965685367584229e-01 2.418918609619140625e-01 -4.710871279239654541e-01 -9.960796236991882324e-01 9.291056990623474121e-01 -3.074514269828796387e-01 -3.393670022487640381e-01 8.500364422798156738e-01 5.688364058732986450e-02 1.953599900007247925e-01 -9.995548725128173828e-01 9.957122206687927246e-01 2.144752293825149536e-01 2.317316830158233643e-01 9.919329881668090820e-01 9.969233870506286621e-01 9.993857145309448242e-01 -8.244916200637817383e-01 -9.650248885154724121e-01 -9.977784752845764160e-01 -2.920022420585155487e-02 3.368733078241348267e-02 1.992417275905609131e-01 -6.512504070997238159e-02 -1.070251390337944031e-01 -8.910958766937255859e-01 -6.481245160102844238e-02 9.944110512733459473e-01 -3.463813364505767822e-01 1.817917376756668091e-01 -5.723496079444885254e-01 -2.090011537075042725e-02 -2.752095162868499756e-01 -4.119678735733032227e-01 -3.172814100980758667e-02 -6.453291773796081543e-01 -2.159634083509445190e-01 1.766093820333480835e-01 -9.921468496322631836e-01 -9.889394044876098633e-01 2.761322557926177979e-01 9.927172064781188965e-01 -8.300753310322761536e-03 -9.999971985816955566e-01 -4.911229386925697327e-02 -7.449986934661865234e-01 -9.557279944419860840e-01 -8.515272736549377441e-01 -7.757134735584259033e-03 6.249881815165281296e-03 -4.591765999794006348e-02 7.553000450134277344e-01 3.703857958316802979e-01 1.445114165544509888e-01 2.675355672836303711e-01 1.624290347099304199e-01 1.218886822462081909e-01 -9.837371706962585449e-01 -6.684927344322204590e-01 -3.773427903652191162e-01 1.504667848348617554e-01 -9.517146348953247070e-01 1.673103123903274536e-01 -7.924865931272506714e-02 9.921539425849914551e-01 -4.541196823120117188e-01 1.594358682632446289e-01 -9.702794551849365234e-01 6.394051909446716309e-01 -1.009823158383369446e-01 1.256809979677200317e-01 -7.935103178024291992e-01 -3.414781093597412109e-01 -4.876154363155364990e-01 -2.532686293125152588e-01 9.761442542076110840e-01 9.845167398452758789e-01 -3.358491361141204834e-01 3.457455933094024658e-01 2.942382395267486572e-01 -5.223277583718299866e-02 5.789240002632141113e-01 -9.497423171997070312e-01 7.859241366386413574e-01 3.693436980247497559e-01 9.972420334815979004e-01 2.190061807632446289e-01 -3.324106335639953613e-01 9.969785213470458984e-01 -3.092224709689617157e-03 -2.899087071418762207e-01 -9.223238229751586914e-01 8.891080617904663086e-01 -3.795942962169647217e-01 -2.297746539115905762e-01 -4.719521999359130859e-01 4.297056421637535095e-02 -5.533999949693679810e-02 -1.707258671522140503e-01 1.247276663780212402e-01 -3.467881977558135986e-01 -2.388462871313095093e-01 6.195246577262878418e-01 2.977580763399600983e-02 2.591219246387481689e-01 -3.258090019226074219e-01 3.587493896484375000e-01 7.349751144647598267e-02 -3.652149736881256104e-01 9.999160766601562500e-01 -2.293585985898971558e-01 -1.600725650787353516e-01 -4.610222876071929932e-01 9.329485893249511719e-01 9.890656471252441406e-01 1.954726129770278931e-02 -9.230669736862182617e-01 -9.463008046150207520e-01 -2.992230840027332306e-02 1.927777081727981567e-01 3.985768556594848633e-01 9.944729208946228027e-01 -1.696696132421493530e-01 9.984195232391357422e-01 9.565454721450805664e-01 9.190036058425903320e-01 -1.167060658335685730e-01 9.995712637901306152e-01 -2.220826037228107452e-02 9.973353147506713867e-01 -9.999114871025085449e-01 -8.154420852661132812e-01 8.483487367630004883e-01 1.208843514323234558e-01 4.419051110744476318e-01 3.846608400344848633e-01 -9.259958267211914062e-01 5.078735351562500000e-01 4.062767699360847473e-02 9.341087937355041504e-01 -9.637497365474700928e-02 1.573145687580108643e-01 -6.975190639495849609e-01 -9.968428015708923340e-01 -1.595525443553924561e-02 1.163818389177322388e-01 -2.393389195203781128e-01 -3.811382055282592773e-01 3.257348835468292236e-01 -1.038436815142631531e-01 -5.129556655883789062e-01 3.874553367495536804e-02 9.990187883377075195e-01 8.689814209938049316e-01 -4.822448268532752991e-02 -8.002400994300842285e-01 9.149685502052307129e-01 2.637654840946197510e-01 6.193212270736694336e-01 7.785384058952331543e-01 -9.633733630180358887e-01 4.438345432281494141e-01 9.932387471199035645e-01 -1.349242180585861206e-01 -2.120430320501327515e-01 1.815107017755508423e-01 2.161317020654678345e-01 -8.940441608428955078e-01 4.444937035441398621e-02 -6.194694638252258301e-01 7.616239190101623535e-01 -9.705212712287902832e-01 -1.977901011705398560e-01 7.486045956611633301e-01 7.464044094085693359e-01 3.026967942714691162e-01 -1.375429704785346985e-02 -2.219723016023635864e-01 2.354373633861541748e-01 9.725778698921203613e-01 -3.166090324521064758e-02 -9.616872072219848633e-01 -2.572343349456787109e-01 5.570232272148132324e-01 -2.568351924419403076e-01 9.468339681625366211e-01 9.996336698532104492e-01 6.774162501096725464e-02 9.310801029205322266e-01 8.279969096183776855e-01 3.051579296588897705e-01 9.095828533172607422e-01 2.862379848957061768e-01 -6.445035934448242188e-01 1.172841992229223251e-02 6.815597414970397949e-01 4.714159294962882996e-02 -2.331461012363433838e-01 2.099169045686721802e-01 9.992977380752563477e-01 -2.030733227729797363e-01 -1.173540949821472168e-01 -8.211023211479187012e-01 -4.272829890251159668e-01 9.487499594688415527e-01 -4.532772302627563477e-01 -6.770797073841094971e-02 -1.688349246978759766e-01 -8.528332710266113281e-01 3.345752954483032227e-01 9.807085394859313965e-01 9.915518760681152344e-01 -9.981807470321655273e-01 -1.896921545267105103e-01 -1.382926404476165771e-01 9.997433423995971680e-01 -2.071765661239624023e-01 -7.107850313186645508e-01 9.990342855453491211e-01 -5.015839338302612305e-01 -7.174738049507141113e-01 9.929496645927429199e-01 3.570235669612884521e-01 7.169330120086669922e-01 4.311600625514984131e-01 -9.988666772842407227e-01 -9.523414373397827148e-01 8.555459976196289062e-02 9.944379925727844238e-01 9.994320869445800781e-01 3.932028636336326599e-02 2.600378394126892090e-01 1.260230541229248047e-01 -9.986461997032165527e-01 -9.999605417251586914e-01 -9.991270303726196289e-01 4.134942591190338135e-01 3.405312001705169678e-01 8.590085506439208984e-01 7.210611701011657715e-01 -9.848617315292358398e-01 -1.745464354753494263e-01 9.867881536483764648e-01 3.920513391494750977e-02 9.904189109802246094e-01 9.966143369674682617e-01 -9.019705057144165039e-01 2.708245515823364258e-01 7.706632018089294434e-01 -7.965686917304992676e-02 -5.925900340080261230e-01 -2.107065357267856598e-02 9.996252059936523438e-01 9.229037910699844360e-02 2.902889251708984375e-01 2.363667637109756470e-01 -9.906772971153259277e-01 3.541797697544097900e-01 9.843515753746032715e-01 -1.099247336387634277e-01 -3.468567505478858948e-02 2.851332426071166992e-01 3.260533809661865234e-01 -8.395089209079742432e-02 9.723162651062011719e-01 -1.822508685290813446e-02 -7.655691504478454590e-01 -9.040400385856628418e-02 -7.748083472251892090e-01 -2.452182210981845856e-02 -6.842738986015319824e-01 -9.365082383155822754e-01 5.164239928126335144e-02 -2.146076858043670654e-01 -2.838086485862731934e-01 9.980807304382324219e-01 3.108827397227287292e-02 1.990470886230468750e-01 9.431121349334716797e-01 1.265496760606765747e-01 3.774351999163627625e-02 1.510009616613388062e-01 -9.132501482963562012e-01 -4.580967128276824951e-01 2.303247153759002686e-01 9.996315240859985352e-01 -1.677258163690567017e-01 -5.469881892204284668e-01 9.150229692459106445e-01 6.571489572525024414e-02 -8.831939101219177246e-01 4.746041297912597656e-01 9.968497753143310547e-01 -1.436755657196044922e-01 6.225356459617614746e-01 5.606866478919982910e-01 1.931695081293582916e-02 8.254678845405578613e-01 -2.829366028308868408e-01 -1.464848965406417847e-01 -4.733719825744628906e-01 -6.688939929008483887e-01 4.333821684122085571e-02 4.824343603104352951e-03 -3.633381053805351257e-02 -9.971179366111755371e-01 2.053926140069961548e-01 -3.030611872673034668e-01 -8.279465138912200928e-02 3.991241753101348877e-02 -6.464180946350097656e-01 1.736624389886856079e-01 8.268254399299621582e-01 2.655701637268066406e-01 4.471574127674102783e-01 -2.506968975067138672e-01 9.312952756881713867e-01 -1.592924743890762329e-01 6.417914628982543945e-01 6.933043003082275391e-01 -9.997251033782958984e-01 4.051209241151809692e-02 2.980096340179443359e-01 -2.471547126770019531e-01 1.776721924543380737e-01 -5.379427075386047363e-01 -1.461356580257415771e-01 -9.783887267112731934e-01 -4.020014405250549316e-02 9.600114226341247559e-01 -5.557782053947448730e-01 7.546710968017578125e-01 -3.556969761848449707e-01 1.315530538558959961e-01 -1.251476854085922241e-01 -7.721923291683197021e-02 9.783808588981628418e-01 -9.998030662536621094e-01 -3.192170262336730957e-01 1.694158837199211121e-02 -3.619987368583679199e-01 -2.517635226249694824e-01 -6.215783953666687012e-01 9.807929396629333496e-01 2.323238253593444824e-01 -6.851077824831008911e-02 -9.434942007064819336e-01 4.608260989189147949e-01 -5.143136382102966309e-01 9.987646937370300293e-01 -7.984129786491394043e-01 -7.419542968273162842e-02 -1.186675578355789185e-01 1.389504075050354004e-01 -9.832335114479064941e-01 -6.871020197868347168e-01 7.007711529731750488e-01 -9.968327283859252930e-01 2.948503792285919189e-01 -4.570636749267578125e-01 3.241075575351715088e-01 6.878018379211425781e-02 -8.602603673934936523e-01 -8.391963839530944824e-01 -1.560748964548110962e-01 -3.449615836143493652e-01 9.980150461196899414e-01 4.077759012579917908e-02 7.641925811767578125e-01 1.913820803165435791e-01 -9.992737770080566406e-01 2.640427947044372559e-01 2.300143390893936157e-01 1.219801306724548340e-01 -2.299663275480270386e-01 1.198138818144798279e-01 -9.393016099929809570e-01 9.976232647895812988e-01 -9.990038275718688965e-01 -9.190729856491088867e-01 2.192591577768325806e-01 -1.869276314973831177e-01 -1.814260780811309814e-01 -3.958720266819000244e-01 -6.156275793910026550e-02 -1.635013967752456665e-01 -9.949670433998107910e-01 -9.723620414733886719e-01 3.411198854446411133e-01 -9.958462119102478027e-01 -4.316579997539520264e-01 -9.743541479110717773e-01 3.590129315853118896e-01 -4.191569983959197998e-01 -1.568351387977600098e-01 3.649842143058776855e-01 3.594131395220756531e-02 7.451841607689857483e-03 9.974789619445800781e-01 4.757457077503204346e-01 2.714506983757019043e-01 1.083893999457359314e-01 3.606342077255249023e-01 -1.685529649257659912e-01 9.349443316459655762e-01 8.154059052467346191e-01 3.377169668674468994e-01 -9.823454022407531738e-01 2.619681358337402344e-01 1.623151898384094238e-01 9.976450800895690918e-01 7.385025620460510254e-01 3.497148156166076660e-01 -9.997110366821289062e-01 -3.801814615726470947e-01 3.782881200313568115e-01 -9.503276348114013672e-01 5.669695734977722168e-01 -4.619082063436508179e-02 3.888995945453643799e-01 -9.816694855690002441e-01 -6.297367215156555176e-01 4.951058328151702881e-01 -9.875587821006774902e-01 3.930023908615112305e-01 -1.919118762016296387e-01 4.970014989376068115e-01 5.951287150382995605e-01 -1.825820803642272949e-01 1.966078579425811768e-01 -8.469337224960327148e-01 -2.679202556610107422e-01 -4.820274710655212402e-01 -4.175573214888572693e-02 -3.860436752438545227e-02 4.626665264368057251e-03 -9.999848008155822754e-01 4.187615811824798584e-01 -7.521532177925109863e-01 1.149212643504142761e-01 -1.299221366643905640e-01 2.383103221654891968e-01 1.502561122179031372e-01 -9.402563571929931641e-01 9.999666810035705566e-01 -9.892748594284057617e-01 1.374357342720031738e-01 1.309483647346496582e-01 -8.255495876073837280e-02 9.903394430875778198e-02 -7.476161122322082520e-01 9.658734798431396484e-01 5.846257805824279785e-01 2.018861174583435059e-01 -1.006916761398315430e-01 -1.403552889823913574e-01 -8.758989572525024414e-01
-5.227367877960205078e-01 1.352942138910293579e-01 -4.239597320556640625e-01 1.039063781499862671e-01 -5.313005447387695312e-01 7.490012645721435547e-01 9.958407282829284668e-01 -7.490006685256958008e-01 -5.716329067945480347e-02 -9.519160389900207520e-01 1.503352634608745575e-02 -9.821040630340576172e-01 2.864425480365753174e-01 -9.945777654647827148e-01 -9.042456150054931641e-01 -3.897845000028610229e-02 -1.520894747227430344e-02 5.076412558555603027e-01 -5.986351966857910156e-01 1.003293320536613464e-02 5.729882121086120605e-01 -2.480076849460601807e-01 -2.273484021425247192e-01 -6.576358675956726074e-01 9.978751540184020996e-01 9.818423986434936523e-01 -8.465522527694702148e-02 -4.228593409061431885e-01 -3.049666620790958405e-02 8.775756955146789551e-01 9.671197533607482910e-01 1.139011234045028687e-02 -2.043292671442031860e-01 -1.424520760774612427e-01 -8.786314725875854492e-01 -3.286413848400115967e-01 -2.844317853450775146e-01 3.081267001107335091e-03 9.962822794914245605e-01 -3.015798926353454590e-01 2.955125570297241211e-01 -2.084548771381378174e-01 4.202532470226287842e-01 -9.723935723304748535e-01 4.831309989094734192e-02 2.818673849105834961e-01 -9.977807402610778809e-01 -8.025971800088882446e-02 -6.097467541694641113e-01 -1.662859171628952026e-01 9.553090929985046387e-01 1.840728521347045898e-01 9.989520907402038574e-01 1.355351954698562622e-01 -1.155703142285346985e-01 4.736300408840179443e-01 3.646664917469024658e-01 -1.127874478697776794e-01 -9.961361885070800781e-01 -3.523536026477813721e-01 -3.879660740494728088e-02 -1.820030361413955688e-01 9.982431530952453613e-01 3.228558897972106934e-01 3.424838185310363770e-01 -9.989275336265563965e-01 8.650121092796325684e-01 8.587206602096557617e-01 1.725058555603027344e-01 9.174661040306091309e-01 9.655322432518005371e-01 9.985476732254028320e-01 -6.745721697807312012e-01 4.525557756423950195e-01 -9.279084205627441406e-01 -1.528347581624984741e-01 4.412487521767616272e-02 5.971367359161376953e-01 2.625002861022949219e-01 9.939699620008468628e-02 -9.977936744689941406e-01 -1.134649589657783508e-01 9.750654697418212891e-01 -8.313184380531311035e-01 9.302245378494262695e-01 -9.996909499168395996e-01 -2.045957893133163452e-01 -3.891289830207824707e-01 -3.327665328979492188e-01 2.356567382812500000e-01 -9.777637124061584473e-01 -2.310802787542343140e-02 6.089197397232055664e-01 -3.983054757118225098e-01 -9.806378483772277832e-01 -8.819150924682617188e-02 8.237310051918029785e-01 -3.316971361637115479e-01 -9.974068403244018555e-01 -4.182337522506713867e-01 4.952887892723083496e-01 -2.538386285305023193e-01 -6.423016786575317383e-01 -1.730968207120895386e-01 2.308326661586761475e-01 -1.973814666271209717e-01 3.636831939220428467e-01 3.815601468086242676e-01 -1.402920186519622803e-01 -8.176507949829101562e-01 2.984530329704284668e-01 5.839933753013610840e-01 -6.052674055099487305e-01 -9.829865694046020508e-01 -3.537769913673400879e-01 -1.937616318464279175e-01 -8.780584335327148438e-01 8.998230695724487305e-01 1.130450889468193054e-01 9.899086952209472656e-01 -9.346759319305419922e-01 1.168952509760856628e-01 -9.723094105720520020e-01 9.571393728256225586e-01 1.256305426359176636e-01 2.341918945312500000e-01 -9.904058575630187988e-01 -1.883927285671234131e-01 -4.530933201313018799e-01 -4.823413789272308350e-01 8.762827515602111816e-01 8.914191722869873047e-01 9.566351175308227539e-01 1.253062337636947632e-01 5.064677000045776367e-01 -9.579423666000366211e-01 6.138030290603637695e-01 -9.917348623275756836e-01 9.354911446571350098e-01 4.931494593620300293e-01 9.989343285560607910e-01 4.027157127857208252e-01 9.941887110471725464e-02 8.734346628189086914e-01 2.161434441804885864e-01 4.582074582576751709e-01 -9.751757383346557617e-01 2.136473208665847778e-01 4.859946966171264648e-01 -3.352451920509338379e-01 -3.613657057285308838e-01 5.948466435074806213e-02 5.538564324378967285e-01 -4.428381323814392090e-01 5.943089723587036133e-02 -6.119284629821777344e-01 -8.575404882431030273e-01 2.280695438385009766e-01 -5.234364420175552368e-02 5.413587689399719238e-01 -4.218075796961784363e-02 9.514130651950836182e-02 -4.329926148056983948e-02 -4.050474762916564941e-01 9.999681115150451660e-01 -3.204548060894012451e-01 -2.419459819793701172e-01 -3.702964484691619873e-01 9.293588399887084961e-01 5.067895650863647461e-01 2.768729925155639648e-01 -9.943118691444396973e-01 -9.839478731155395508e-01 -8.731681108474731445e-01 7.870621681213378906e-01 3.146263360977172852e-01 -1.445781141519546509e-01 -2.504314780235290527e-01 9.961044788360595703e-01 9.953530430793762207e-01 9.872717261314392090e-01 -4.378035962581634521e-01 9.604100584983825684e-01 -8.578996062278747559e-01 7.259972691535949707e-01 -8.389614224433898926e-01 -5.394368767738342285e-01 9.794664978981018066e-01 4.362801015377044678e-01 9.118393659591674805e-01 -7.465630173683166504e-01 -9.582454562187194824e-01 1.179649382829666138e-01 7.048570364713668823e-02 9.776296615600585938e-01 -1.098444387316703796e-01 -4.826086014509201050e-02 -9.826999902725219727e-01 -3.556382358074188232e-01 2.999117374420166016e-01 -1.600981354713439941e-01 -3.552835881710052490e-01 8.947196602821350098e-01 6.740669608116149902e-01 -2.959762811660766602e-01 1.687330752611160278e-01 4.017913639545440674e-01 9.998017549514770508e-01 9.979417920112609863e-01 -4.159255921840667725e-01 -2.231909930706024170e-01 -2.651889026165008545e-01 -2.017709016799926758e-01 5.745525956153869629e-01 9.810419678688049316e-01 -9.888941645622253418e-01 7.928096055984497070e-01 9.270011782646179199e-01 9.019605517387390137e-01 1.994074732065200806e-01 -3.020501136779785156e-01 -7.131772488355636597e-02 -1.777789741754531860e-01 4.719439744949340820e-01 -8.670564293861389160e-01 -4.918465390801429749e-02 -9.949318766593933105e-01 -9.408523887395858765e-02 8.639821410179138184e-01 9.699882268905639648e-01 -3.603756129741668701e-01 3.650842010974884033e-01 -2.971909381449222565e-02 2.351597249507904053e-01 9.754696488380432129e-01 4.447645843029022217e-01 -8.319326043128967285e-01 -5.069471001625061035e-01 6.206601262092590332e-01 -1.750250607728958130e-01 9.904201030731201172e-01 9.983130097389221191e-01 -7.347148060798645020e-01 9.506554007530212402e-01 9.663656353950500488e-01 4.063183367252349854e-01 9.731019735336303711e-01 1.708092242479324341e-01 -6.063057780265808105e-01 2.994000017642974854e-01 6.481035351753234863e-01 -1.018446087837219238e-01 -1.628757268190383911e-02 3.981900811195373535e-01 9.968858361244201660e-01 -2.711402177810668945e-01 2.889996170997619629e-01 -9.812574982643127441e-01 3.225926160812377930e-01 1.895109266042709351e-01 -5.127733945846557617e-01 -9.661583304405212402e-01 -3.216913044452667236e-01 -7.777319550514221191e-01 4.229131042957305908e-01 9.468906521797180176e-01 9.599136710166931152e-01 -9.992186427116394043e-01 -2.444514781236648560e-01 -1.930148303508758545e-01 9.853556752204895020e-01 -3.344065248966217041e-01 -9.342023134231567383e-01 9.993259906768798828e-01 -5.597875714302062988e-01 -9.761809110641479492e-01 9.976004362106323242e-01 1.702817380428314209e-01 5.285509824752807617e-01 6.436417102813720703e-01 -9.804427623748779297e-01 -4.717419445514678955e-01 7.909955978393554688e-01 9.209746718406677246e-01 1.505185961723327637e-01 -1.031834036111831665e-01 8.210829645395278931e-02 1.058999747037887573e-01 -9.977042675018310547e-01 -9.998796582221984863e-01 -9.658134579658508301e-01 5.702958106994628906e-01 4.853251278400421143e-01 9.199823141098022461e-01 9.354341030120849609e-01 -9.808823466300964355e-01 -3.305459618568420410e-01 9.766561388969421387e-01 9.543191641569137573e-03 9.977936148643493652e-01 9.985611438751220703e-01 -9.947472214698791504e-01 -8.643034845590591431e-03 9.127244949340820312e-01 -5.773604512214660645e-01 2.137555480003356934e-01 -5.915347859263420105e-02 9.999554753303527832e-01 -4.759008586406707764e-01 -3.163970708847045898e-01 9.310182929039001465e-02 -5.010332465171813965e-01 2.986467182636260986e-01 9.950330853462219238e-01 -8.372675776481628418e-01 -1.267104744911193848e-01 -1.029113903641700745e-01 3.599550426006317139e-01 2.507923841476440430e-01 9.512407183647155762e-01 1.091862767934799194e-01 -8.445361256599426270e-01 -1.909313648939132690e-01 -9.386906027793884277e-01 -1.195529848337173462e-01 -6.374831199645996094e-01 -9.509683251380920410e-01 9.121613502502441406e-01 -9.477068781852722168e-01 -6.790562272071838379e-01 8.545018434524536133e-01 -2.322730123996734619e-01 2.311286702752113342e-02 9.410772919654846191e-01 1.323325484991073608e-01 3.096847236156463623e-01 1.102485209703445435e-01 -4.377581477165222168e-01 -9.430127143859863281e-01 3.834268152713775635e-01 9.982134103775024414e-01 -1.194276660680770874e-01 -2.387686818838119507e-01 9.883309602737426758e-01 -8.411248326301574707e-01 9.762237071990966797e-01 7.731485366821289062e-01 9.949777126312255859e-01 5.494778603315353394e-02 9.097729325294494629e-01 6.064795255661010742e-01 -2.735202014446258545e-01 2.623108327388763428e-01 -1.364180296659469604e-01 8.937483429908752441e-01 2.701683044433593750e-01 -4.242836833000183105e-01 1.923308372497558594e-01 1.340061426162719727e-01 -2.995350360870361328e-01 -9.940948486328125000e-01 -8.525164723396301270e-01 -2.918507754802703857e-01 -3.620121181011199951e-01 3.498664498329162598e-01 -9.028108119964599609e-01 -8.797816038131713867e-01 4.474810659885406494e-01 2.659030556678771973e-01 7.757333517074584961e-01 -5.771234035491943359e-01 7.671054005622863770e-01 -4.421313107013702393e-01 4.752429723739624023e-01 9.624742902815341949e-03 -9.999356269836425781e-01 3.566408753395080566e-01 1.468498110771179199e-01 -2.368252724409103394e-01 3.312474787235260010e-01 -5.598626136779785156e-01 1.137684583663940430e-01 -9.623987078666687012e-01 1.484212726354598999e-01 9.963444471359252930e-01 -7.860234379768371582e-01 7.403314709663391113e-01 2.693627402186393738e-02 8.740774989128112793e-01 -1.529092937707901001e-01 -1.950430124998092651e-01 9.525361657142639160e-01 -9.978469610214233398e-01 1.997153013944625854e-01 4.620785638689994812e-02 -2.518755197525024414e-01 -7.419171184301376343e-02 -6.466497778892517090e-01 8.597112298011779785e-01 -3.442016243934631348e-01 1.095893159508705139e-01 -8.551605343818664551e-01 8.629556894302368164e-01 -6.144056916236877441e-01 7.135081291198730469e-01 -9.362499713897705078e-01 -8.398766517639160156e-01 1.885632276535034180e-01 5.913844108581542969e-01 -8.297679424285888672e-01 6.369320154190063477e-01 6.587211042642593384e-02 -9.831535816192626953e-01 6.705967336893081665e-02 -3.789683580398559570e-01 1.559154987335205078e-01 4.673899412155151367e-01 3.449868261814117432e-01 -3.817353546619415283e-01 -9.912657141685485840e-01 -5.653234720230102539e-01 8.015074729919433594e-01 3.425747752189636230e-01 8.771306872367858887e-01 3.429022133350372314e-01 -9.901574254035949707e-01 -6.517336517572402954e-02 1.874576061964035034e-01 8.235940337181091309e-02 -5.979517591185867786e-04 3.769197165966033936e-01 -9.901811480522155762e-01 9.093313217163085938e-01 -9.999040365219116211e-01 -9.977571368217468262e-01 4.941092729568481445e-01 -4.314917325973510742e-01 -8.203873634338378906e-01 -3.570877015590667725e-02 -3.559210598468780518e-01 -4.561103284358978271e-01 -9.991173148155212402e-01 -9.906703829765319824e-01 2.935882210731506348e-01 -9.945629239082336426e-01 -9.531094431877136230e-01 -9.478160738945007324e-01 1.872980743646621704e-01 -3.180461227893829346e-01 -8.961322158575057983e-02 6.897985339164733887e-01 1.921976357698440552e-02 1.759201474487781525e-02 9.997487068176269531e-01 5.555111169815063477e-01 9.753428101539611816e-01 2.258656024932861328e-01 -8.186420053243637085e-02 2.926456034183502197e-01 9.729061722755432129e-01 4.774804115295410156e-01 3.293655812740325928e-01 -9.960412979125976562e-01 4.607868939638137817e-02 9.366747736930847168e-01 9.844924211502075195e-01 8.157980442047119141e-01 9.517880082130432129e-01 -9.997226595878601074e-01 1.785464771091938019e-02 5.799399614334106445e-01 -8.611005544662475586e-01 7.691084146499633789e-01 1.430996805429458618e-01 5.614662170410156250e-01 -9.988602995872497559e-01 -9.437958598136901855e-01 3.004517257213592529e-01 -9.899184703826904297e-01 8.534463047981262207e-01 -3.143849968910217285e-01 -5.644083023071289062e-02 1.435507088899612427e-01 1.423745453357696533e-01 -8.372332155704498291e-02 -9.907370209693908691e-01 -7.538108825683593750e-01 -6.999715566635131836e-01 -3.510852456092834473e-01 4.724210500717163086e-02 -4.610060155391693115e-01 -9.999363422393798828e-01 -9.600093364715576172e-01 -3.470134437084197998e-01 3.113902211189270020e-01 -3.917424380779266357e-01 3.460046648979187012e-01 5.618829727172851562e-01 -8.524299860000610352e-01 9.999721646308898926e-01 -9.966189861297607422e-01 4.517435282468795776e-02 4.335482418537139893e-01 2.769507765769958496e-01 6.094583868980407715e-01 -9.591234922409057617e-01 5.690282583236694336e-01 8.529909849166870117e-01 6.295702457427978516e-01 -1.778177171945571899e-01 1.004921272397041321e-02 -5.008137822151184082e-01
-3.863772451877593994e-01 -2.894926071166992188e-01 1.907119899988174438e-01 -9.184525161981582642e-02 -5.061926841735839844e-01 9.338021874427795410e-01 9.990971684455871582e-01 -9.827136993408203125e-01 -1.907752156257629395e-01 -9.942401051521301270e-01 2.084861844778060913e-01 -9.979142546653747559e-01 9.385740160942077637e-01 -9.963889122009277344e-01 -9.364622831344604492e-01 -3.527451753616333008e-01 3.337126970291137695e-02 4.138755798339843750e-01 -5.318378806114196777e-01 -1.557913571596145630e-01 3.680320382118225098e-01 1.749468594789505005e-01 8.193653821945190430e-01 -8.408831357955932617e-01 9.957983493804931641e-01 9.834003448486328125e-01 9.239909797906875610e-02 -3.116848766803741455e-01 -2.880158722400665283e-01 9.717694520950317383e-01 9.990868568420410156e-01 -1.947397738695144653e-01 5.034942030906677246e-01 6.738129258155822754e-02 -9.859892129898071289e-01 -2.185290008783340454e-01 -5.301401019096374512e-01 -7.717276364564895630e-02 9.993436932563781738e-01 -1.226299554109573364e-01 -7.277145236730575562e-02 -1.758306026458740234e-01 2.645956873893737793e-01 -9.931246042251586914e-01 -1.144817024469375610e-01 9.475549459457397461e-01 -9.991188049316406250e-01 -1.480986326932907104e-01 3.762881755828857422e-01 -3.781352341175079346e-01 9.406739473342895508e-01 1.715856939554214478e-01 9.972004294395446777e-01 -2.394851595163345337e-01 4.022240638732910156e-01 6.198290362954139709e-02 -4.387462884187698364e-02 -4.060033559799194336e-01 -9.941391944885253906e-01 6.785795688629150391e-01 -1.386525928974151611e-01 1.379109919071197510e-01 9.925603270530700684e-01 1.586048603057861328e-01 -1.695189028978347778e-01 -9.977107048034667969e-01 9.909105896949768066e-01 6.680335402488708496e-01 3.730353713035583496e-02 8.591843843460083008e-01 9.728286862373352051e-01 9.991322755813598633e-01 -2.026871740818023682e-01 -9.366232156753540039e-02 -8.944075703620910645e-01 -3.519302904605865479e-01 1.314554661512374878e-01 7.046595215797424316e-01 6.303561385720968246e-03 1.594961285591125488e-01 -9.871147274971008301e-01 2.060155570507049561e-01 9.971247315406799316e-01 -8.195772767066955566e-01 9.760145545005798340e-01 -9.910882115364074707e-01 -1.642160117626190186e-01 2.783373296260833740e-01 -1.350418776273727417e-01 5.359225347638130188e-02 -9.701415896415710449e-01 2.555214762687683105e-01 2.835387885570526123e-01 -9.672929644584655762e-01 -7.019073963165283203e-01 4.246046841144561768e-01 9.393657445907592773e-01 -5.975088477134704590e-02 -9.994944930076599121e-01 -2.565316259860992432e-01 5.345556735992431641e-01 -7.768155932426452637e-01 -5.923714041709899902e-01 -1.161009967327117920e-01 1.514671593904495239e-01 3.262143731117248535e-01 7.630209922790527344e-01 2.425435334444046021e-01 -3.986770659685134888e-02 -9.356901645660400391e-01 4.532317072153091431e-02 6.974627971649169922e-01 -9.814166426658630371e-01 -9.864915609359741211e-01 -1.152019351720809937e-01 1.263915151357650757e-01 -8.943585157394409180e-01 9.773375988006591797e-01 2.627208828926086426e-01 9.809161424636840820e-01 -9.482408165931701660e-01 2.678513340651988983e-02 -9.876740574836730957e-01 9.839640855789184570e-01 -4.967877641320228577e-02 -1.517337858676910400e-01 -9.822546243667602539e-01 -3.198865652084350586e-01 -3.677313327789306641e-01 -5.285831093788146973e-01 9.966653585433959961e-01 7.840028405189514160e-01 3.527186214923858643e-01 4.051138833165168762e-02 4.081195294857025146e-01 -8.428351283073425293e-01 -3.154666125774383545e-01 -9.930678606033325195e-01 9.298831820487976074e-01 1.436254680156707764e-01 9.992997646331787109e-01 1.728930771350860596e-01 -1.302143633365631104e-01 9.761694073677062988e-01 -3.056412041187286377e-01 8.196866512298583984e-01 -9.441215395927429199e-01 9.814651608467102051e-01 5.897610187530517578e-01 4.869207367300987244e-02 -3.952542543411254883e-01 3.804148435592651367e-01 8.481332659721374512e-01 -5.369946956634521484e-01 2.899868413805961609e-02 -4.118557870388031006e-01 -9.563806653022766113e-01 4.159980714321136475e-01 5.555045232176780701e-02 2.138018459081649780e-01 -6.893756240606307983e-02 -4.143339395523071289e-02 -2.115885466337203979e-01 -4.721604585647583008e-01 9.999719262123107910e-01 -3.776886267587542534e-03 -8.963784575462341309e-02 -2.159299254417419434e-01 9.789609909057617188e-01 7.813351154327392578e-01 -1.874747127294540405e-01 -8.944315910339355469e-01 -9.953270554542541504e-01 -9.719125628471374512e-01 5.407461524009704590e-01 -2.435043752193450928e-01 1.437799073755741119e-04 9.660250693559646606e-02 9.951032400131225586e-01 9.974560141563415527e-01 9.927923679351806641e-01 -6.116076558828353882e-02 9.932289123535156250e-01 -9.099773764610290527e-01 6.618776917457580566e-01 -9.483789205551147461e-01 -8.039829134941101074e-01 9.685216546058654785e-01 3.404415547847747803e-01 9.184908866882324219e-01 -4.005771875381469727e-02 -9.518520832061767578e-01 9.251672625541687012e-01 -3.491646051406860352e-02 9.193751215934753418e-01 -5.837591364979743958e-02 9.406252205371856689e-02 -9.862186908721923828e-01 -9.568030238151550293e-01 4.918002188205718994e-01 -1.087561398744583130e-01 -8.975974470376968384e-02 7.544806003570556641e-01 7.022418379783630371e-01 1.335890442132949829e-01 -8.073354363441467285e-01 2.092287093400955200e-01 9.759987592697143555e-01 9.706444740295410156e-01 -6.192248314619064331e-02 -9.721941500902175903e-02 -6.542095541954040527e-01 1.379638016223907471e-01 6.227603554725646973e-01 9.912892580032348633e-01 -8.617942333221435547e-01 9.256154894828796387e-01 9.845284223556518555e-01 9.685093760490417480e-01 -1.679356843233108521e-01 -4.387480020523071289e-01 -1.272026170045137405e-02 -6.773151755332946777e-01 1.225244849920272827e-01 -4.955742061138153076e-01 -9.379369020462036133e-01 -9.941416382789611816e-01 4.346118494868278503e-02 9.496723413467407227e-01 9.890616536140441895e-01 -2.530413568019866943e-01 1.805780529975891113e-01 1.718249022960662842e-01 3.794098794460296631e-01 9.811680316925048828e-01 2.878992259502410889e-01 -3.265635371208190918e-01 -3.591181635856628418e-01 4.007902145385742188e-01 1.180951669812202454e-01 9.842494726181030273e-01 9.991098642349243164e-01 -8.532889485359191895e-01 8.035404682159423828e-01 9.908018708229064941e-01 9.444128954783082008e-04 9.910310506820678711e-01 -1.164013240486383438e-02 -7.886276245117187500e-01 1.526248008012771606e-01 4.246277809143066406e-01 9.365373291075229645e-03 -1.505909413099288940e-01 5.673982948064804077e-02 9.989437460899353027e-01 2.895313315093517303e-02 -1.666011065244674683e-01 -9.931402802467346191e-01 1.508435606956481934e-01 8.417477011680603027e-01 -1.109368875622749329e-01 -9.433555006980895996e-01 2.493454068899154663e-01 -9.451268911361694336e-01 1.006551980972290039e-01 9.377584457397460938e-01 9.935938119888305664e-01 -9.976424574851989746e-01 -1.613988280296325684e-01 -1.630529910326004028e-01 9.910299777984619141e-01 -5.528018251061439514e-02 -9.856176972389221191e-01 9.998455047607421875e-01 -3.753743767738342285e-01 -9.861750006675720215e-01 9.859752655029296875e-01 -3.267705440521240234e-01 8.506841063499450684e-01 4.232044219970703125e-01 -9.956045150756835938e-01 -8.294631838798522949e-01 8.594440221786499023e-01 9.608823060989379883e-01 9.200438857078552246e-01 8.584492839872837067e-03 1.310760229825973511e-01 3.233565092086791992e-01 -9.992931485176086426e-01 -9.999762773513793945e-01 -9.933323264122009277e-01 4.752897918224334717e-01 2.854370474815368652e-01 2.328818589448928833e-01 9.839434623718261719e-01 -9.987549781799316406e-01 -4.763028323650360107e-01 9.827551841735839844e-01 -1.497356444597244263e-01 9.983941316604614258e-01 9.739567041397094727e-01 -9.355193376541137695e-01 -6.983172297477722168e-01 9.478437304496765137e-01 -2.847987413406372070e-01 -1.627380996942520142e-01 -1.183259934186935425e-01 9.995921850204467773e-01 -3.632272779941558838e-01 1.727071255445480347e-01 -2.842103540897369385e-01 -9.796603918075561523e-01 3.817459642887115479e-01 9.865902662277221680e-01 -2.260995358228683472e-01 9.175620228052139282e-02 -3.570506572723388672e-01 1.147194281220436096e-01 2.563174068927764893e-01 9.804238080978393555e-01 1.895093172788619995e-01 -5.714138746261596680e-01 -3.273577690124511719e-01 -6.400355696678161621e-01 -1.311503648757934570e-01 -3.155664503574371338e-01 -9.295525550842285156e-01 8.986402153968811035e-01 -9.798822402954101562e-01 -4.980334639549255371e-02 9.991841912269592285e-01 -1.094095781445503235e-01 6.296447245404124260e-04 -1.830861270427703857e-01 -4.512040689587593079e-02 2.864770293235778809e-01 2.204935401678085327e-01 -8.941280245780944824e-01 -9.550620317459106445e-01 2.279178649187088013e-01 9.989224076271057129e-01 -1.463327258825302124e-01 -3.983672559261322021e-01 9.591811299324035645e-01 -8.739216923713684082e-01 2.712661623954772949e-01 9.484726786613464355e-01 9.992173910140991211e-01 -1.083578541874885559e-01 9.314211606979370117e-01 5.211048722267150879e-01 2.612754516303539276e-02 -2.785294353961944580e-01 -1.117067560553550720e-01 9.711061120033264160e-01 -3.543723747134208679e-02 1.521153897047042847e-01 -1.228796467185020447e-01 2.720244228839874268e-04 3.458801209926605225e-01 -9.921446442604064941e-01 -9.626746773719787598e-01 -1.908058673143386841e-01 -9.458280354738235474e-02 8.567182719707489014e-02 -9.399239420890808105e-01 -9.674441218376159668e-01 7.985294461250305176e-01 1.560086458921432495e-01 4.160739183425903320e-01 -4.333485364913940430e-01 8.847747445106506348e-01 -3.290851414203643799e-01 5.490285158157348633e-01 4.386433064937591553e-01 -9.994471669197082520e-01 8.714126050472259521e-02 4.077845215797424316e-01 2.926946282386779785e-01 -2.649486958980560303e-01 -4.865996539592742920e-01 2.104991972446441650e-01 -9.188743829727172852e-01 1.078580133616924286e-02 9.973817467689514160e-01 -6.245114803314208984e-01 5.362879037857055664e-01 -6.248998641967773438e-02 9.058198332786560059e-01 -3.627060353755950928e-01 -3.264763653278350830e-01 7.841233015060424805e-01 -9.995524883270263672e-01 -1.263181418180465698e-01 7.354552298784255981e-02 -3.105327486991882324e-01 2.470019012689590454e-01 -6.989548206329345703e-01 8.969780206680297852e-01 -2.704128623008728027e-01 2.505434909835457802e-03 -1.999990940093994141e-01 9.298378825187683105e-01 -3.488432466983795166e-01 9.732923507690429688e-01 -7.008914947509765625e-01 -9.611305594444274902e-01 -2.532085776329040527e-01 4.351130425930023193e-01 -8.714827895164489746e-01 3.795760124921798706e-02 5.710574388504028320e-01 -9.876127839088439941e-01 2.064665406942367554e-02 4.341654777526855469e-01 2.958881258964538574e-01 2.898729443550109863e-01 5.059016942977905273e-01 -5.485782623291015625e-01 -9.255957007408142090e-01 -5.505911707878112793e-01 -1.708961129188537598e-01 1.200105175375938416e-01 9.145286083221435547e-01 6.424480676651000977e-01 -9.958620667457580566e-01 9.946470707654953003e-02 3.095374107360839844e-01 2.274326048791408539e-02 -2.911727726459503174e-01 2.917627096176147461e-01 -9.921282529830932617e-01 9.471420049667358398e-01 -9.998428821563720703e-01 -9.974807500839233398e-01 3.528603017330169678e-01 -3.682203888893127441e-01 -8.733171224594116211e-01 -9.185053408145904541e-02 -3.355130553245544434e-01 -7.577034831047058105e-02 -9.975624084472656250e-01 -5.814445018768310547e-01 3.319682776927947998e-01 -8.619484901428222656e-01 -8.662825226783752441e-01 -9.854249358177185059e-01 3.034363687038421631e-01 -1.829154416918754578e-02 1.320310682058334351e-01 5.136022567749023438e-01 -7.682388182729482651e-03 2.590214908123016357e-01 9.996199011802673340e-01 3.240405619144439697e-01 9.771510362625122070e-01 4.044622480869293213e-01 -1.627949066460132599e-02 1.776829957962036133e-01 9.651349186897277832e-01 -7.501727938652038574e-01 2.434300482273101807e-01 -9.889656901359558105e-01 -1.036507040262222290e-01 9.732378125190734863e-01 9.959784150123596191e-01 9.311317801475524902e-01 9.827345609664916992e-01 -9.992460608482360840e-01 -3.716067373752593994e-01 5.472434759140014648e-01 -6.580401062965393066e-01 9.570744037628173828e-01 -1.582580432295799255e-02 1.514729261398315430e-01 -9.982641339302062988e-01 -8.401154279708862305e-01 4.616378545761108398e-01 -8.985117077827453613e-01 9.359576106071472168e-01 3.092278540134429932e-01 -5.203926004469394684e-03 -1.051340103149414062e-01 2.473138272762298584e-01 5.304986611008644104e-02 -9.130265116691589355e-01 -8.467031121253967285e-01 -6.138861775398254395e-01 2.730040550231933594e-01 1.243972033262252808e-01 -1.259078085422515869e-01 -9.999544620513916016e-01 -6.417980790138244629e-01 -5.113779902458190918e-01 5.574665665626525879e-01 -3.041801750659942627e-01 1.980573832988739014e-01 1.608057916164398193e-01 -8.805007934570312500e-01 9.998733401298522949e-01 -9.793350100517272949e-01 1.757258921861648560e-01 2.895412147045135498e-01 -2.065408825874328613e-01 1.877676248550415039e-01 -9.648107290267944336e-01 2.505058944225311279e-01 7.509658336639404297e-01 2.302143126726150513e-01 6.761989090591669083e-03 -3.468661904335021973e-01 -9.689687192440032959e-02
-1.951823085546493530e-01 9.706153869628906250e-01 -3.079369962215423584e-01 2.232217639684677124e-01 6.313360482454299927e-02 -9.709452986717224121e-01 9.985187053680419922e-01 -9.813020229339599609e-01 -3.649365603923797607e-01 -9.943746328353881836e-01 -4.030388891696929932e-01 -5.425725579261779785e-01 7.674604654312133789e-01 -9.967174530029296875e-01 -7.816919684410095215e-01 -3.560021221637725830e-01 1.983855962753295898e-01 1.553969383239746094e-01 -7.651174068450927734e-01 -1.448041386902332306e-02 6.813889145851135254e-01 4.773137271404266357e-01 -6.069219112396240234e-01 -9.196449518203735352e-01 9.958462715148925781e-01 6.030654907226562500e-01 -8.137794584035873413e-02 -3.099214136600494385e-01 6.690755486488342285e-01 9.963548779487609863e-01 7.810408473014831543e-01 3.844562172889709473e-02 3.622666895389556885e-01 9.902608394622802734e-02 -6.284792721271514893e-02 -5.779042243957519531e-01 1.070832312107086182e-01 -5.498586297035217285e-01 5.817852616310119629e-01 -4.956926107406616211e-01 -1.479784995317459106e-01 -1.134185045957565308e-01 5.607533454895019531e-01 -6.815575361251831055e-01 -4.631227552890777588e-01 9.931089282035827637e-01 -9.395178556442260742e-01 -6.036485433578491211e-01 9.573261141777038574e-01 -5.735651254653930664e-01 8.444747924804687500e-01 -2.082978338003158569e-01 6.296849250793457031e-01 -4.162249863147735596e-01 -5.399303436279296875e-01 5.590999722480773926e-01 3.055659532546997070e-01 -5.152505636215209961e-01 -9.999614357948303223e-01 -7.089566588401794434e-01 1.354278922080993652e-01 -1.345351487398147583e-01 9.729329943656921387e-01 3.697177171707153320e-01 -1.234965100884437561e-01 -9.855324625968933105e-01 4.374488294124603271e-01 7.213825583457946777e-01 2.753542065620422363e-01 5.035070776939392090e-01 4.698748514056205750e-02 9.996577501296997070e-01 -5.472319126129150391e-01 -5.782135725021362305e-01 -1.977331340312957764e-01 -8.737430721521377563e-02 1.729764975607395172e-02 -4.955605566501617432e-01 7.529761642217636108e-02 -1.979875713586807251e-01 -9.730958938598632812e-01 -2.603625655174255371e-01 9.964097738265991211e-01 -6.070291996002197266e-01 9.935802221298217773e-01 3.226546570658683777e-02 4.577924683690071106e-02 -4.103389382362365723e-02 -6.824128031730651855e-01 3.574341833591461182e-01 -9.874680042266845703e-01 1.275778412818908691e-01 3.315757215023040771e-01 -9.654775857925415039e-01 -7.006244659423828125e-01 4.627622663974761963e-01 8.534926772117614746e-01 -3.278746306896209717e-01 -8.563187718391418457e-01 2.656234502792358398e-01 -9.975402355194091797e-01 -9.803818464279174805e-01 -4.431695640087127686e-01 5.054312571883201599e-02 -2.264784574508666992e-01 -2.767378650605678558e-02 8.845987915992736816e-01 5.463585257530212402e-01 -2.050410658121109009e-01 7.698192596435546875e-01 2.092107087373733521e-01 3.384758532047271729e-01 -9.170521497726440430e-01 -9.960376620292663574e-01 -9.644845128059387207e-02 3.893529772758483887e-01 -9.079124927520751953e-01 7.978352308273315430e-01 -3.135697245597839355e-01 9.909784197807312012e-01 -9.198490381240844727e-01 -2.040034383535385132e-01 -9.761118292808532715e-01 9.989242553710937500e-01 -5.802420973777770996e-01 -5.696653574705123901e-02 -1.099896896630525589e-02 -9.302554279565811157e-02 -2.886755466461181641e-01 -3.044944703578948975e-01 9.959050416946411133e-01 8.316649198532104492e-01 6.013107299804687500e-01 4.071785211563110352e-01 3.554627299308776855e-01 -9.384526610374450684e-01 8.682242035865783691e-01 -9.960730671882629395e-01 6.973940134048461914e-01 4.238031506538391113e-01 9.999145269393920898e-01 1.924300342798233032e-01 -3.643191754817962646e-01 8.067978024482727051e-01 -2.492569535970687866e-01 1.450656205415725708e-01 -9.468461275100708008e-01 8.212422132492065430e-01 6.583369970321655273e-01 -2.942284941673278809e-01 -4.864654839038848877e-01 -2.515762150287628174e-01 9.645746946334838867e-01 -5.370931029319763184e-01 8.365996181964874268e-02 -2.855599820613861084e-01 -9.946444034576416016e-01 9.586904644966125488e-01 -2.961807698011398315e-02 6.243050694465637207e-01 -6.620427221059799194e-02 2.390270084142684937e-01 -4.606608673930168152e-02 -7.416762709617614746e-01 9.999580979347229004e-01 -3.500964641571044922e-01 -6.300771236419677734e-01 -6.722434163093566895e-01 9.887216687202453613e-01 9.297442436218261719e-01 3.610712885856628418e-01 -9.731200337409973145e-01 -6.296997070312500000e-01 -9.966018199920654297e-01 -2.770924568176269531e-01 3.874470591545104980e-01 7.359097003936767578e-01 -1.619375795125961304e-01 9.993070363998413086e-01 9.807042479515075684e-01 9.184347987174987793e-01 -2.042449116706848145e-01 9.960951805114746094e-01 -9.914622902870178223e-01 9.731655716896057129e-01 -9.995580911636352539e-01 -9.572968482971191406e-01 9.890998005867004395e-01 5.440382361412048340e-01 3.623164594173431396e-01 7.674234509468078613e-01 -8.737839460372924805e-01 -7.757117748260498047e-01 -5.891244485974311829e-02 9.919337630271911621e-01 -1.300340890884399414e-01 -7.045315504074096680e-01 -9.958604574203491211e-01 -8.356627821922302246e-01 4.160709381103515625e-01 1.041265670210123062e-02 -5.204235911369323730e-01 6.515679359436035156e-01 3.361711800098419189e-01 1.818573623895645142e-01 5.483097434043884277e-01 1.327041685581207275e-01 4.070711508393287659e-02 6.589991450309753418e-01 -3.796697556972503662e-01 -5.247707962989807129e-01 5.142135173082351685e-02 -1.804894357919692993e-01 5.438225865364074707e-01 9.930680990219116211e-01 -7.480457425117492676e-01 9.578005671501159668e-01 9.947643280029296875e-01 9.958237409591674805e-01 2.093105763196945190e-01 -8.905023932456970215e-01 -8.506499975919723511e-02 -6.461306810379028320e-01 6.624835729598999023e-01 1.565600186586380005e-01 4.169062077999114990e-01 -9.920595884323120117e-01 -4.895114004611968994e-01 1.648317724466323853e-01 9.980283379554748535e-01 3.516134917736053467e-01 2.374155968427658081e-01 -1.401230096817016602e-01 4.493249952793121338e-01 9.664196968078613281e-01 5.305716991424560547e-01 -9.763045310974121094e-01 -6.525496840476989746e-01 4.253038465976715088e-01 3.713589012622833252e-01 9.831848144531250000e-01 9.999812841415405273e-01 -6.869614124298095703e-01 8.874434232711791992e-01 9.985843300819396973e-01 1.336747556924819946e-01 9.476836323738098145e-01 4.233780205249786377e-01 -6.270882487297058105e-01 -1.928807646036148071e-01 7.241829633712768555e-01 -5.017633363604545593e-02 -4.482102692127227783e-01 3.197986483573913574e-01 9.999623894691467285e-01 -6.408516168594360352e-01 -1.028803586959838867e-01 -9.992817044258117676e-01 -3.082737922668457031e-01 1.703321486711502075e-01 -2.070992738008499146e-01 -3.522362411022186279e-01 2.620097100734710693e-01 -9.913327693939208984e-01 3.528903126716613770e-01 9.291971921920776367e-01 8.774143457412719727e-01 -5.500285625457763672e-01 -7.426652312278747559e-02 -3.421597778797149658e-01 7.416623234748840332e-01 -3.779144585132598877e-01 -9.166927933692932129e-01 9.977182745933532715e-01 -4.944576621055603027e-01 -4.044083356857299805e-01 9.502294659614562988e-01 5.099112987518310547e-01 7.910984754562377930e-01 4.583086669445037842e-01 -9.930745363235473633e-01 -9.969995021820068359e-01 9.758540391921997070e-01 9.967542290687561035e-01 9.709522724151611328e-01 -2.442947775125503540e-01 5.228492021560668945e-01 4.313670992851257324e-01 -9.984781742095947266e-01 -9.973567724227905273e-01 -8.586822748184204102e-01 5.645408630371093750e-01 3.969469964504241943e-01 -9.880096316337585449e-01 9.966513514518737793e-01 -4.963958263397216797e-01 4.702521488070487976e-03 5.540094375610351562e-01 -2.338133901357650757e-01 9.962755441665649414e-01 9.954859614372253418e-01 -9.809581637382507324e-01 -6.296790838241577148e-01 9.090048670768737793e-01 -3.317215442657470703e-01 7.302610874176025391e-01 -1.343859881162643433e-01 3.530412912368774414e-01 -5.450969934463500977e-01 4.121599793434143066e-01 -3.936926722526550293e-01 -8.490023016929626465e-01 3.811076283454895020e-01 9.104459881782531738e-01 -9.154168516397476196e-02 6.922878324985504150e-02 1.236863136291503906e-01 5.972059965133666992e-01 6.628331542015075684e-01 9.995037913322448730e-01 4.445127248764038086e-01 -6.911137104034423828e-01 -2.041624337434768677e-01 8.708778023719787598e-01 1.253392994403839111e-01 -6.190044879913330078e-01 -9.611748456954956055e-01 3.299697637557983398e-01 -9.943974614143371582e-01 -3.251622021198272705e-01 6.623014807701110840e-01 4.523988440632820129e-02 -3.445846587419509888e-02 -6.134273484349250793e-02 5.042489245533943176e-02 1.969548463821411133e-01 -2.490636110305786133e-01 -1.691776365041732788e-01 -9.979021549224853516e-01 -2.383795976638793945e-01 9.983488917350769043e-01 -1.332291513681411743e-01 -5.782276391983032227e-01 9.572395682334899902e-01 -9.439314603805541992e-01 7.908996343612670898e-01 8.531444072723388672e-01 9.996660947799682617e-01 2.509968578815460205e-01 8.724004030227661133e-01 7.509307265281677246e-01 2.842204272747039795e-01 1.032759994268417358e-01 -2.231599837541580200e-01 9.964658617973327637e-01 -3.596676886081695557e-01 7.317389249801635742e-01 -1.996830850839614868e-01 -5.826385021209716797e-01 3.944712579250335693e-01 -9.485348463058471680e-01 -9.950065016746520996e-01 -3.188458085060119629e-01 -2.255661487579345703e-01 -2.422018498182296753e-01 -9.443479776382446289e-01 -9.969597458839416504e-01 5.761370062828063965e-01 4.407348930835723877e-01 3.397289514541625977e-01 4.572572186589241028e-02 9.857604503631591797e-01 -5.010689496994018555e-01 -1.780329644680023193e-02 -9.467778801918029785e-01 -9.953118562698364258e-01 5.222916603088378906e-01 4.472062289714813232e-01 -2.630191855132579803e-02 7.007884327322244644e-03 -4.699011147022247314e-01 1.687164455652236938e-01 -8.492290377616882324e-01 4.883691668510437012e-01 9.981496930122375488e-01 6.694950461387634277e-01 4.391546547412872314e-01 -2.782100737094879150e-01 9.941580295562744141e-01 -2.344793379306793213e-01 -1.433852165937423706e-01 -8.198016285896301270e-01 -9.993585944175720215e-01 -3.135934174060821533e-01 -1.724829375743865967e-01 -7.070800065994262695e-01 -1.885964125394821167e-01 -7.089682221412658691e-01 9.877057671546936035e-01 4.083616435527801514e-01 3.760463595390319824e-01 -5.399828553199768066e-01 9.719488024711608887e-01 -5.217182636260986328e-01 9.193670749664306641e-01 -9.920792579650878906e-01 -9.957931041717529297e-01 -4.689132869243621826e-01 1.828103363513946533e-01 -9.963221549987792969e-01 9.777803421020507812e-01 9.997089505195617676e-01 -9.705920815467834473e-01 5.269980803132057190e-02 -6.498936563730239868e-02 4.606569707393646240e-01 -1.456832289695739746e-01 -6.218238472938537598e-01 -4.617460668087005615e-01 6.944594979286193848e-01 -5.426204800605773926e-01 9.711688756942749023e-01 -5.568129476159811020e-03 9.948502779006958008e-01 4.618141651153564453e-01 -9.792201519012451172e-01 1.807993799448013306e-01 6.523392200469970703e-01 -5.585861578583717346e-02 4.260516539216041565e-02 7.795459032058715820e-01 -9.877601861953735352e-01 5.251470804214477539e-01 -9.954005479812622070e-01 -8.059774637222290039e-01 1.142542660236358643e-01 -8.861514925956726074e-01 -8.700783848762512207e-01 3.597825169563293457e-01 -2.945251166820526123e-01 3.204228878021240234e-01 -9.542779922485351562e-01 -9.966559410095214844e-01 2.450795471668243408e-01 -8.720602989196777344e-01 2.555606961250305176e-01 -9.882335662841796875e-01 7.856285572052001953e-01 -5.719049572944641113e-01 3.597897589206695557e-01 7.309305071830749512e-01 -1.523493975400924683e-01 2.990098595619201660e-01 1.702874451875686646e-01 2.555569112300872803e-01 9.981906414031982422e-01 7.120194435119628906e-01 1.859004981815814972e-02 3.640833795070648193e-01 8.757609128952026367e-01 -5.556395649909973145e-01 3.847763836383819580e-01 -9.980047345161437988e-01 1.734364926815032959e-01 9.940170049667358398e-01 9.973617196083068848e-01 8.855337500572204590e-01 9.995952248573303223e-01 -9.998176097869873047e-01 -1.316692233085632324e-01 3.959050178527832031e-01 -9.398600459098815918e-01 8.893624544143676758e-01 -9.551025182008743286e-02 3.260942101478576660e-01 -9.818836450576782227e-01 -7.609464526176452637e-01 5.545089244842529297e-01 -9.985997080802917480e-01 9.953570961952209473e-01 3.088589906692504883e-01 1.066714078187942505e-01 7.225460410118103027e-01 5.187051296234130859e-01 4.206120371818542480e-01 -8.684098124504089355e-01 -9.681575298309326172e-01 -8.020794391632080078e-01 -4.419520199298858643e-01 -1.755667030811309814e-01 -2.659076154232025146e-01 -9.999965429306030273e-01 -4.883469939231872559e-01 -7.235214114189147949e-01 4.180759191513061523e-01 -9.363485127687454224e-02 2.052862495183944702e-01 2.301380969583988190e-02 2.947244048118591309e-01 9.994692802429199219e-01 -8.198273777961730957e-01 -2.614810131490230560e-02 1.292682141065597534e-01 -4.157840609550476074e-01 6.258773058652877808e-02 4.211573600769042969e-01 5.285050272941589355e-01 8.497736454010009766e-01 3.653569519519805908e-01 -3.030906617641448975e-01 -5.716228485107421875e-01 -3.080813884735107422e-01
9.443870186805725098e-01 -3.632221817970275879e-01 2.058637440204620361e-01 1.042779609560966492e-01 -5.274069309234619141e-01 9.791212081909179688e-01 9.987822771072387695e-01 -9.244019389152526855e-01 -3.852131068706512451e-01 -8.185287714004516602e-01 7.752494513988494873e-02 -9.950290918350219727e-01 9.612469077110290527e-01 -9.501987099647521973e-01 -7.185099124908447266e-01 1.278720647096633911e-01 -2.611101269721984863e-01 6.410972028970718384e-02 -6.202986240386962891e-01 -2.764234542846679688e-01 3.707558512687683105e-01 -1.869568228721618652e-01 5.814158916473388672e-01 -5.701786875724792480e-01 9.440601468086242676e-01 8.300209045410156250e-01 -3.303959965705871582e-02 -3.039521276950836182e-01 -2.264991998672485352e-01 9.486010074615478516e-01 8.720060586929321289e-01 -4.144794344902038574e-01 2.667591869831085205e-01 -4.789425525814294815e-03 -9.895202517509460449e-01 -1.516309231519699097e-01 -5.954484939575195312e-01 -1.043145209550857544e-01 9.930867552757263184e-01 1.973050087690353394e-02 -1.159319654107093811e-01 -3.726593852043151855e-01 1.541252434253692627e-01 -9.694550037384033203e-01 -8.581951260566711426e-02 9.920905828475952148e-01 -9.977369308471679688e-01 -4.128850123379379511e-04 -7.486898899078369141e-01 7.995568215847015381e-02 9.700900912284851074e-01 1.431718468666076660e-02 9.903655648231506348e-01 -4.319261014461517334e-01 2.897087335586547852e-01 3.257071599364280701e-02 -2.608808279037475586e-01 -1.758449077606201172e-01 -9.968045353889465332e-01 4.523686468601226807e-01 -3.026177287101745605e-01 2.614782750606536865e-01 9.824810624122619629e-01 -1.970695704221725464e-01 -2.117357961833477020e-02 -9.984372854232788086e-01 5.106104016304016113e-01 6.013323664665222168e-01 2.043974250555038452e-01 4.086014330387115479e-01 7.666339874267578125e-01 9.954539537429809570e-01 -6.553294658660888672e-01 -7.631370425224304199e-01 -7.341584563255310059e-01 -1.678985208272933960e-01 -2.713459543883800507e-02 3.239501118659973145e-01 -2.257658354938030243e-02 -7.292126119136810303e-02 -9.892523884773254395e-01 1.857959330081939697e-01 9.934137463569641113e-01 -4.838354587554931641e-01 9.243484735488891602e-01 -9.950378537178039551e-01 -1.096620559692382812e-01 8.794385939836502075e-02 -4.294505715370178223e-01 3.810769692063331604e-02 -9.552865028381347656e-01 -8.250103890895843506e-02 5.991216301918029785e-01 -5.339192748069763184e-01 -9.155604243278503418e-01 2.439297437667846680e-01 6.099467277526855469e-01 1.754959821701049805e-01 -9.840456247329711914e-01 -3.301362395286560059e-01 4.449234008789062500e-01 -9.801993370056152344e-01 1.782032251358032227e-01 -1.464999318122863770e-01 1.423010677099227905e-01 -2.468576887622475624e-03 7.533717751502990723e-01 3.426338434219360352e-01 -2.081960588693618774e-01 -7.966919541358947754e-01 -4.410798847675323486e-01 2.947711646556854248e-01 -3.360758125782012939e-01 -9.628384709358215332e-01 -3.256202936172485352e-01 2.357856035232543945e-01 -7.759053111076354980e-01 9.290314912796020508e-01 3.969901502132415771e-01 9.527471661567687988e-01 -9.869999289512634277e-01 1.318964734673500061e-02 -8.930487036705017090e-01 9.984462261199951172e-01 8.915600180625915527e-02 -2.325238138437271118e-01 -9.471512436866760254e-01 -2.237775176763534546e-01 -5.459135174751281738e-01 -6.795889735221862793e-01 9.965442419052124023e-01 9.568596482276916504e-01 8.371227979660034180e-01 5.870346352458000183e-02 3.498316407203674316e-01 -9.860602021217346191e-01 2.722266316413879395e-01 -9.660229086875915527e-01 7.737285494804382324e-01 1.051477417349815369e-01 9.998428821563720703e-01 1.319214105606079102e-01 -3.415152132511138916e-01 3.795354962348937988e-01 -4.282849431037902832e-01 7.223221063613891602e-01 -8.264495730400085449e-01 9.949244260787963867e-01 7.404434680938720703e-01 -1.565367728471755981e-01 -3.073829710483551025e-01 1.997299641370773315e-01 5.330308675765991211e-01 -2.736586034297943115e-01 1.546878218650817871e-01 -5.126059651374816895e-01 -9.286805987358093262e-01 3.974904119968414307e-02 4.111001640558242798e-02 3.558078706264495850e-01 -2.451865375041961670e-01 1.384319178760051727e-02 -8.428368717432022095e-02 -5.343916416168212891e-01 9.999126791954040527e-01 -1.522666811943054199e-01 -1.571496278047561646e-01 -5.417371392250061035e-01 9.756470918655395508e-01 -9.015508294105529785e-01 1.995998620986938477e-01 -9.979914426803588867e-01 -9.866449236869812012e-01 -9.595990777015686035e-01 5.723658204078674316e-01 3.175797164440155029e-01 -4.350677132606506348e-01 2.775005698204040527e-01 9.921885132789611816e-01 9.971389174461364746e-01 9.936153292655944824e-01 -1.815244406461715698e-01 9.910358786582946777e-01 -9.099325537681579590e-01 -3.996431082487106323e-02 -6.923357248306274414e-01 -3.562224805355072021e-01 8.827382326126098633e-01 2.843739986419677734e-01 9.362971186637878418e-01 -2.315901964902877808e-01 -8.842589855194091797e-01 -9.614295363426208496e-01 -7.896273583173751831e-02 8.179807066917419434e-01 -2.258189581334590912e-02 -7.596777677536010742e-01 -9.538413882255554199e-01 -6.191415190696716309e-01 3.093757629394531250e-01 1.637281924486160278e-01 -1.808949708938598633e-01 -4.330613836646080017e-02 4.678034484386444092e-01 -3.255366683006286621e-01 -6.413475871086120605e-01 -3.593070060014724731e-02 9.971676468849182129e-01 9.152354598045349121e-01 -5.313561484217643738e-02 4.038615524768829346e-01 -8.434271216392517090e-01 2.629684209823608398e-01 6.831881403923034668e-01 9.686297178268432617e-01 -8.030497431755065918e-01 9.380526542663574219e-01 7.506911158561706543e-01 9.399760365486145020e-01 -1.705703735351562500e-01 -8.094421625137329102e-01 -3.925182819366455078e-01 7.209054827690124512e-01 2.424082010984420776e-01 7.127555459737777710e-02 -7.565644383430480957e-01 -9.543290138244628906e-01 1.838664263486862183e-01 4.734711050987243652e-01 9.924781918525695801e-01 -3.530903160572052002e-02 2.065361887216567993e-01 -1.066696643829345703e-01 4.849592149257659912e-01 8.878785967826843262e-01 3.101741075515747070e-01 -2.593988925218582153e-02 -5.923192501068115234e-01 4.749769568443298340e-01 -4.704035446047782898e-02 6.369324922561645508e-01 9.994772672653198242e-01 -5.968530774116516113e-01 7.095568180084228516e-01 9.843472838401794434e-01 2.109022587537765503e-01 9.435386657714843750e-01 2.352845519781112671e-01 1.721245646476745605e-01 2.404795885086059570e-01 3.504909873008728027e-01 -1.957666873931884766e-01 -1.207969784736633301e-01 3.523772954940795898e-01 9.858909845352172852e-01 -3.582473145797848701e-03 -8.204931393265724182e-03 -9.981224536895751953e-01 3.064507246017456055e-01 7.890133261680603027e-01 -5.597223639488220215e-01 -9.755004644393920898e-01 -2.220451384782791138e-01 -9.434426426887512207e-01 6.947688013315200806e-02 9.804630279541015625e-01 9.253246188163757324e-01 -9.913716912269592285e-01 -2.124702930450439453e-01 7.755776494741439819e-02 9.584879279136657715e-01 1.665909737348556519e-01 -9.805587530136108398e-01 9.996392130851745605e-01 -5.319370031356811523e-01 -9.963194131851196289e-01 9.980527162551879883e-01 -3.514606356620788574e-01 6.691448092460632324e-01 3.877528607845306396e-01 -9.945102930068969727e-01 -7.789983749389648438e-01 9.206296801567077637e-01 7.841383218765258789e-01 7.224786877632141113e-01 6.425969302654266357e-02 1.228800937533378601e-01 1.629193425178527832e-01 -9.929093122482299805e-01 -9.998142719268798828e-01 -8.841966390609741211e-01 5.137116909027099609e-01 3.328598141670227051e-01 -3.131792545318603516e-01 9.548845887184143066e-01 -9.997597932815551758e-01 -3.589763939380645752e-01 9.910736083984375000e-01 -1.339502446353435516e-02 9.975744485855102539e-01 8.356608152389526367e-01 -9.810873866081237793e-01 -4.673288464546203613e-01 4.740070700645446777e-01 -2.214807420969009399e-01 1.624167561531066895e-01 7.740122824907302856e-02 9.998990893363952637e-01 -1.745447665452957153e-01 4.069272801280021667e-02 -2.562527917325496674e-02 -4.783611595630645752e-01 2.222665399312973022e-01 9.874611496925354004e-01 8.897436261177062988e-01 1.184506863355636597e-01 -6.240112707018852234e-03 2.260251939296722412e-01 1.339824795722961426e-01 9.954574108123779297e-01 -1.202881261706352234e-01 -2.396981269121170044e-01 -1.726148873567581177e-01 -8.729442358016967773e-01 -3.864549398422241211e-01 -5.091122984886169434e-01 -5.246326327323913574e-01 8.071008920669555664e-01 -9.363212585449218750e-01 1.262443810701370239e-01 9.945275783538818359e-01 -1.563023924827575684e-01 3.055671602487564087e-02 -8.493691086769104004e-01 1.435238122940063477e-01 4.791025221347808838e-01 2.336754351854324341e-01 -9.500116705894470215e-01 -9.575662612915039062e-01 5.880564451217651367e-01 9.656205773353576660e-01 -1.360646933317184448e-01 -2.333782613277435303e-01 9.971505403518676758e-01 -5.582391619682312012e-01 2.682232260704040527e-01 8.069700002670288086e-01 9.993899464607238770e-01 -8.812841773033142090e-02 9.766861200332641602e-01 6.156517267227172852e-01 4.175243433564901352e-03 8.306651711463928223e-01 1.708890348672866821e-01 9.404723048210144043e-01 2.588864415884017944e-02 2.183697670698165894e-01 6.782972067594528198e-02 -1.163800954818725586e-01 -1.846785098314285278e-01 -9.891092181205749512e-01 -9.397218823432922363e-01 -3.102588057518005371e-01 -1.622290164232254028e-01 1.166807711124420166e-01 -9.835963249206542969e-01 -9.492421746253967285e-01 2.637991011142730713e-01 3.250095546245574951e-01 5.054175257682800293e-01 -2.350643426179885864e-01 9.069660305976867676e-01 -3.332506120204925537e-01 8.135943412780761719e-01 7.692646980285644531e-01 -9.987433552742004395e-01 3.937880042940378189e-03 4.193489551544189453e-01 -1.018094569444656372e-01 -1.812163442373275757e-01 3.029624521732330322e-01 2.311996817588806152e-01 -7.912926077842712402e-01 -1.777294650673866272e-02 9.968295693397521973e-01 6.435508728027343750e-01 6.672527194023132324e-01 6.398469954729080200e-02 9.017772078514099121e-01 -1.752549707889556885e-01 -4.225740730762481689e-01 9.793159961700439453e-01 -9.994063973426818848e-01 1.496168039739131927e-02 -1.547151207923889160e-01 -8.084149658679962158e-02 -3.289819657802581787e-01 -7.489680647850036621e-01 9.857758283615112305e-01 -3.702632486820220947e-01 1.511208117008209229e-01 4.025885760784149170e-01 9.255673289299011230e-01 -4.635056555271148682e-01 2.231173962354660034e-01 -9.836525321006774902e-01 -9.333741664886474609e-01 7.225000858306884766e-02 4.655964076519012451e-01 -9.786686897277832031e-01 -7.889448404312133789e-01 7.978373169898986816e-01 -9.889614582061767578e-01 8.342345058917999268e-02 3.488487303256988525e-01 3.145714998245239258e-01 6.088374257087707520e-01 2.804497182369232178e-01 -2.864058911800384521e-01 -9.917921423912048340e-01 -5.849443674087524414e-01 3.019135594367980957e-01 -1.192384958267211914e-01 9.627885818481445312e-01 4.493745565414428711e-01 -9.764034748077392578e-01 4.223990440368652344e-02 1.819899082183837891e-01 3.881130516529083252e-01 6.379843689501285553e-03 1.093782037496566772e-01 -9.990422129631042480e-01 7.908787131309509277e-01 -9.998683333396911621e-01 -9.864102602005004883e-01 4.542408287525177002e-01 -6.327942013740539551e-01 -4.431617259979248047e-01 -1.358179301023483276e-01 -1.850810199975967407e-01 -3.704566359519958496e-01 -9.917334318161010742e-01 -9.702597856521606445e-01 3.590158224105834961e-01 -8.961905241012573242e-01 -9.444925189018249512e-01 -9.846503138542175293e-01 2.275884151458740234e-01 -1.655472368001937866e-01 2.160067260265350342e-01 4.684126675128936768e-01 9.446009993553161621e-02 7.629207521677017212e-02 9.997984766960144043e-01 4.640986919403076172e-01 9.981879591941833496e-01 1.449656337499618530e-01 -2.234818972647190094e-02 -2.008540928363800049e-01 9.585188627243041992e-01 -8.351584672927856445e-01 4.597291052341461182e-01 -9.031232595443725586e-01 2.411340922117233276e-01 9.209820032119750977e-01 9.889575242996215820e-01 9.469498395919799805e-01 9.980750083923339844e-01 -9.800954461097717285e-01 -3.702870011329650879e-01 5.383203625679016113e-01 8.655523061752319336e-01 8.159648180007934570e-01 4.869293570518493652e-01 4.374122917652130127e-01 -9.989278912544250488e-01 -9.832622408866882324e-01 2.878494262695312500e-01 -9.920515418052673340e-01 9.939610362052917480e-01 2.407983094453811646e-01 1.203522533178329468e-01 2.104384005069732666e-01 1.349122822284698486e-02 -5.228021368384361267e-02 -9.780985713005065918e-01 -9.532932043075561523e-01 -6.294003129005432129e-01 -3.009474873542785645e-01 1.055065318942070007e-01 -2.253516614437103271e-01 -9.999732375144958496e-01 -9.836457967758178711e-01 1.262263059616088867e-01 1.417457461357116699e-01 -6.056843996047973633e-01 -5.302497372031211853e-02 4.358848631381988525e-01 6.015808582305908203e-01 9.992989897727966309e-01 -9.970604181289672852e-01 7.894772291183471680e-02 3.511348664760589600e-01 1.816602200269699097e-01 2.457154095172882080e-01 -8.216578960418701172e-01 -4.019795954227447510e-01 9.459999203681945801e-01 6.196882128715515137e-01 7.568482309579849243e-02 -1.183213144540786743e-01 -2.022567689418792725e-01
7.196119427680969238e-01 6.031984090805053711e-01 -3.253032267093658447e-01 6.782892346382141113e-02 -4.542156457901000977e-01 -9.383401870727539062e-01 9.990177154541015625e-01 -9.987338185310363770e-01 -4.084787070751190186e-01 -9.982650876045227051e-01 -4.075234830379486084e-01 -7.520814538002014160e-01 -9.057247042655944824e-01 -9.672093987464904785e-01 -4.139302074909210205e-01 -1.621433794498443604e-01 2.601368427276611328e-01 2.173370569944381714e-01 -8.281498551368713379e-01 1.134118288755416870e-01 6.654506325721740723e-01 2.192464470863342285e-01 9.343971014022827148e-01 2.349739372730255127e-01 9.988203048706054688e-01 8.988398313522338867e-01 -4.639911353588104248e-01 -4.974316358566284180e-01 2.429427057504653931e-01 7.016899585723876953e-01 9.938673377037048340e-01 9.707468748092651367e-02 -8.562622219324111938e-02 -1.055933162569999695e-01 -7.785089612007141113e-01 -5.547301173210144043e-01 5.096638798713684082e-01 -3.076950609683990479e-01 9.927400946617126465e-01 -4.110080599784851074e-01 3.318558633327484131e-01 -2.536606192588806152e-01 4.107543230056762695e-01 -9.955042600631713867e-01 -3.098125755786895752e-01 6.769303083419799805e-01 -9.946224689483642578e-01 -4.262163341045379639e-01 1.620693951845169067e-01 -3.161014616489410400e-01 4.231800734996795654e-01 -1.133347228169441223e-01 9.872027039527893066e-01 -1.685293316841125488e-01 -7.195062041282653809e-01 3.926370143890380859e-01 7.614626735448837280e-02 -4.246055483818054199e-01 -9.998890757560729980e-01 5.431324243545532227e-01 -1.824938952922821045e-01 -1.053425222635269165e-01 8.457347154617309570e-01 3.193338811397552490e-01 3.505680337548255920e-02 -9.684008955955505371e-01 8.753299117088317871e-01 2.623380720615386963e-01 3.159287273883819580e-01 9.598936438560485840e-01 2.934039235115051270e-01 9.999367594718933105e-01 -8.700902462005615234e-01 -8.938969373703002930e-01 -8.696281909942626953e-01 -3.346817791461944580e-01 1.080002933740615845e-01 -5.839601159095764160e-01 4.899028539657592773e-01 7.077124901115894318e-03 -9.973360896110534668e-01 -1.728083789348602295e-01 9.979538321495056152e-01 -4.557457268238067627e-01 8.036406636238098145e-01 -9.895010590553283691e-01 2.107624709606170654e-01 2.056151628494262695e-01 -3.999886810779571533e-01 3.939881026744842529e-01 -9.299980401992797852e-01 1.207312047481536865e-01 2.688075006008148193e-01 -9.877398014068603516e-01 -7.447941303253173828e-01 9.980474114418029785e-01 9.334673285484313965e-01 -1.677504628896713257e-01 -9.987567663192749023e-01 -1.261219531297683716e-01 -9.796668887138366699e-01 -9.541094899177551270e-01 7.394699454307556152e-01 2.665646672248840332e-01 -1.532840281724929810e-01 -7.334157079458236694e-02 7.884673476219177246e-01 5.909450054168701172e-01 -2.549742460250854492e-01 4.437714517116546631e-01 7.645325735211372375e-03 -1.090801805257797241e-01 -9.440806508064270020e-01 -9.701788425445556641e-01 -2.377315908670425415e-01 2.576081752777099609e-01 -9.988020658493041992e-01 8.809894323348999023e-01 6.104268878698348999e-02 9.600074887275695801e-01 -1.517656911164522171e-02 -2.822905182838439941e-01 -9.122118949890136719e-01 9.872317314147949219e-01 -3.120719790458679199e-01 -3.479100763797760010e-01 -9.993125200271606445e-01 3.451820462942123413e-02 -3.351355195045471191e-01 -3.086839020252227783e-01 9.900780320167541504e-01 -3.599605262279510498e-01 9.800042510032653809e-01 2.983286678791046143e-01 3.708071708679199219e-01 -9.988894462585449219e-01 9.507110118865966797e-01 -9.924107193946838379e-01 -9.174388051033020020e-01 4.794929325580596924e-01 9.991109967231750488e-01 4.353443682193756104e-01 3.244500607252120972e-02 9.385903477668762207e-01 1.596667221747338772e-03 3.380397856235504150e-01 -9.978728294372558594e-01 9.802234172821044922e-01 2.147578448057174683e-01 -4.221700429916381836e-01 -1.779329776763916016e-01 -5.340846776962280273e-01 8.636254072189331055e-01 -5.287755131721496582e-01 6.945933215320110321e-03 -1.117398887872695923e-01 -5.945733785629272461e-01 3.877904713153839111e-01 1.797797624021768570e-03 5.945259332656860352e-01 2.425359040498733521e-01 3.150582015514373779e-01 7.218245416879653931e-02 -4.135939776897430420e-01 9.999880194664001465e-01 -4.160677492618560791e-01 -4.087659716606140137e-01 -6.989204883575439453e-01 9.854835867881774902e-01 5.993946194648742676e-01 -3.031715452671051025e-01 -9.610095024108886719e-01 -9.954367280006408691e-01 -7.152720689773559570e-01 -1.379285939037799835e-02 1.902467161417007446e-01 3.340223729610443115e-01 2.746690809726715088e-01 9.895969629287719727e-01 9.991478323936462402e-01 9.820000529289245605e-01 -1.879103481769561768e-01 9.988170266151428223e-01 -7.737252712249755859e-01 9.722461700439453125e-01 -9.345855712890625000e-01 -9.316014647483825684e-01 9.817221760749816895e-01 3.602796494960784912e-01 8.899635076522827148e-01 9.365199208259582520e-01 -9.940989613533020020e-01 -3.318561613559722900e-02 -2.885328829288482666e-01 9.891061782836914062e-01 -2.444644272327423096e-02 -6.913174986839294434e-01 -9.370685815811157227e-01 -7.869368195533752441e-01 2.765446603298187256e-01 -2.650951445102691650e-01 -7.664397954940795898e-01 -4.093911349773406982e-01 4.957268238067626953e-01 6.101513281464576721e-02 6.498360633850097656e-01 2.443189024925231934e-01 9.971188902854919434e-01 9.918271899223327637e-01 -4.179683923721313477e-01 -9.147993326187133789e-01 4.737993180751800537e-01 -2.639663219451904297e-01 5.168640613555908203e-01 9.806097745895385742e-01 3.696839511394500732e-01 -3.228217065334320068e-01 2.221914231777191162e-01 7.274836301803588867e-01 3.092977106571197510e-01 -8.405071496963500977e-01 1.528362929821014404e-01 -5.893353223800659180e-01 6.294590234756469727e-01 -9.647081494331359863e-01 1.270580291748046875e-02 -9.786267876625061035e-01 -1.010623723268508911e-01 6.051867008209228516e-01 9.865148067474365234e-01 -7.841977477073669434e-02 4.193420708179473877e-01 -1.391238570213317871e-01 1.190214827656745911e-01 9.077214002609252930e-01 4.111209511756896973e-01 -4.624048471450805664e-01 -2.699304223060607910e-01 2.602791488170623779e-01 4.408189952373504639e-01 2.898270785808563232e-01 9.999538660049438477e-01 -5.653546452522277832e-01 8.642835617065429688e-01 9.799000620841979980e-01 1.323914527893066406e-02 9.819709658622741699e-01 4.022266268730163574e-01 -2.915553748607635498e-01 5.926068499684333801e-02 7.681677937507629395e-01 -5.706040188670158386e-02 -4.700516760349273682e-01 4.290843755006790161e-02 9.986101388931274414e-01 -3.664758205413818359e-01 -6.831201910972595215e-02 -9.915608763694763184e-01 -7.914235591888427734e-01 7.927082180976867676e-01 -4.291425943374633789e-01 -9.456062912940979004e-01 3.658948838710784912e-01 -4.283231794834136963e-01 6.545217335224151611e-02 9.350640177726745605e-01 8.680611252784729004e-01 -9.911375641822814941e-01 3.524886071681976318e-02 -3.115638792514801025e-01 9.931693077087402344e-01 -5.173269659280776978e-02 -9.930538535118103027e-01 9.995470643043518066e-01 -5.500002503395080566e-01 -9.139146208763122559e-01 9.960145354270935059e-01 2.411860972642898560e-01 9.248958230018615723e-01 3.183906376361846924e-01 -9.901309013366699219e-01 -9.440394043922424316e-01 9.399546980857849121e-01 9.954824447631835938e-01 9.472913146018981934e-01 -1.005901992321014404e-01 4.647592306137084961e-01 9.299308061599731445e-02 -9.980866909027099609e-01 -9.997938871383666992e-01 -9.950302839279174805e-01 6.351166367530822754e-01 5.875747799873352051e-01 -9.822511672973632812e-01 9.853336215019226074e-01 -9.962794780731201172e-01 1.633294373750686646e-01 9.381008148193359375e-01 -8.876574039459228516e-02 9.960259199142456055e-01 9.836405515670776367e-01 -9.999248385429382324e-01 -1.426747888326644897e-01 9.931626319885253906e-01 -5.143114328384399414e-01 7.024127840995788574e-01 -3.406859636306762695e-01 9.724539518356323242e-01 9.250228106975555420e-02 3.316323757171630859e-01 -9.128451347351074219e-05 -9.575265049934387207e-01 5.261600017547607422e-01 9.883471131324768066e-01 4.332634508609771729e-01 -3.349833488464355469e-01 -1.703031063079833984e-01 5.882657766342163086e-01 2.126226574182510376e-01 9.996590614318847656e-01 2.073174417018890381e-01 -9.769276380538940430e-01 1.163168251514434814e-01 -8.804875016212463379e-01 -1.258009523153305054e-01 -4.075937867164611816e-01 -9.825866818428039551e-01 4.763799607753753662e-01 -7.843927741050720215e-01 5.006033182144165039e-01 9.524074792861938477e-01 -6.008736416697502136e-02 3.189693987369537354e-01 4.547404944896697998e-01 2.694756388664245605e-01 3.020832836627960205e-01 1.972390115261077881e-01 -4.712487757205963135e-01 -6.980850696563720703e-01 3.082852363586425781e-01 9.995334744453430176e-01 -3.114344477653503418e-01 -4.503912329673767090e-01 6.524318456649780273e-01 -9.889554381370544434e-01 9.681624770164489746e-01 7.261677384376525879e-01 9.989786148071289062e-01 1.962652206420898438e-01 6.343358159065246582e-01 3.738742172718048096e-01 6.554636359214782715e-02 9.666001200675964355e-01 -3.734416365623474121e-01 7.408779263496398926e-01 1.163107231259346008e-01 -3.470721840858459473e-01 -1.544317603111267090e-01 -4.527169764041900635e-01 1.542370915412902832e-01 3.349448442459106445e-01 -6.413429975509643555e-01 -1.429209560155868530e-01 -5.245242118835449219e-01 1.414524018764495850e-02 -7.003092765808105469e-01 -6.999286413192749023e-01 5.173739194869995117e-01 3.433867096900939941e-01 4.295326769351959229e-01 1.059720478951931000e-02 9.617099761962890625e-01 -4.479257464408874512e-01 5.532182455062866211e-01 7.902333140373229980e-01 -9.998558163642883301e-01 5.332462787628173828e-01 2.839870750904083252e-01 -2.267298847436904907e-01 1.323917806148529053e-01 2.858242988586425781e-01 1.484251231886446476e-03 -9.807527065277099609e-01 4.852062463760375977e-01 9.893828630447387695e-01 5.178322792053222656e-01 4.704344570636749268e-01 -2.320486456155776978e-01 5.483657717704772949e-01 -3.615150153636932373e-01 -1.865541934967041016e-01 -8.379732370376586914e-01 -9.999617338180541992e-01 -3.226554095745086670e-01 -2.451170086860656738e-01 -6.548393964767456055e-01 -9.614185988903045654e-02 -6.358998417854309082e-01 7.440089583396911621e-01 1.018974035978317261e-01 7.341389060020446777e-01 -5.297083854675292969e-01 6.256406903266906738e-01 -4.254126846790313721e-01 -1.714053153991699219e-01 -9.997591972351074219e-01 -6.498832106590270996e-01 -2.004761695861816406e-01 2.716098427772521973e-01 -9.803978204727172852e-01 8.226478099822998047e-01 9.974040985107421875e-01 -9.200854301452636719e-01 2.284316867589950562e-01 -8.240675330162048340e-01 4.831846654415130615e-01 2.943921089172363281e-01 -5.831211805343627930e-01 -7.004147768020629883e-01 -9.056016802787780762e-01 -2.412609010934829712e-01 9.761664867401123047e-01 -7.746432907879352570e-03 9.706789851188659668e-01 1.808122843503952026e-01 -9.800959229469299316e-01 -1.884531825780868530e-01 6.634522080421447754e-01 2.237118333578109741e-01 -1.568366438150405884e-01 5.756219029426574707e-01 -9.998692870140075684e-01 8.248705863952636719e-01 -9.997923970222473145e-01 -9.967997670173645020e-01 1.784592121839523315e-01 -9.157190322875976562e-01 -5.021520256996154785e-01 2.145656943321228027e-01 -4.698898196220397949e-01 2.894087694585323334e-02 -9.955743551254272461e-01 -9.906836152076721191e-01 -1.302052140235900879e-01 -9.927868843078613281e-01 -7.450093626976013184e-01 -9.490680098533630371e-01 5.880873203277587891e-01 -4.418106675148010254e-01 8.668969571590423584e-02 4.525604546070098877e-01 -3.811451420187950134e-02 -1.757103949785232544e-02 9.907634854316711426e-01 3.454963862895965576e-01 9.389531016349792480e-01 4.672382175922393799e-01 -3.878678008913993835e-02 2.552966475486755371e-01 9.914636611938476562e-01 -7.737280130386352539e-01 3.946856260299682617e-01 -9.957870841026306152e-01 1.340411305427551270e-01 7.632391452789306641e-01 9.995793700218200684e-01 8.553629517555236816e-01 9.863233566284179688e-01 -9.996662139892578125e-01 -1.513276714831590652e-02 3.757012188434600830e-01 -1.659375429153442383e-01 7.884392738342285156e-01 4.191412404179573059e-02 3.539437055587768555e-01 -9.619918465614318848e-01 -4.738020598888397217e-01 5.103328227996826172e-01 -9.946210980415344238e-01 9.957760572433471680e-01 1.223725359886884689e-02 2.770868241786956787e-01 4.315600395202636719e-01 3.269949257373809814e-01 9.763176739215850830e-02 -9.958445429801940918e-01 -9.328490495681762695e-01 -7.268987298011779785e-01 -1.017445027828216553e-01 -4.165989160537719727e-01 -1.452145874500274658e-01 -9.999868869781494141e-01 -7.285326123237609863e-01 -5.101083517074584961e-01 4.643782675266265869e-01 9.665871411561965942e-02 3.485760688781738281e-01 3.361774384975433350e-01 6.853514313697814941e-01 9.999874234199523926e-01 -9.402407407760620117e-01 5.243169143795967102e-03 -1.603157967329025269e-01 -4.510501623153686523e-01 -4.817488044500350952e-02 -9.089269638061523438e-01 -5.010275244712829590e-01 2.457420378923416138e-01 1.763636916875839233e-01 9.500271826982498169e-02 -1.897004544734954834e-01 -6.519326567649841309e-01
-8.697042465209960938e-01 6.167150735855102539e-01 -1.840475201606750488e-01 6.342119723558425903e-02 -4.802651405334472656e-01 -5.061562061309814453e-01 9.837152361869812012e-01 -9.969015121459960938e-01 -9.815128147602081299e-02 -9.869568347930908203e-01 3.648086637258529663e-02 -9.405629038810729980e-01 -9.063426256179809570e-01 -1.813027113676071167e-01 -9.391055703163146973e-01 -1.620054244995117188e-01 1.136681437492370605e-01 -2.451076358556747437e-01 -6.779661178588867188e-01 8.885534480214118958e-03 7.371950149536132812e-01 1.735632419586181641e-01 8.862490653991699219e-01 5.099812150001525879e-01 9.997652769088745117e-01 9.987305402755737305e-01 -2.776932716369628906e-01 -3.171265721321105957e-01 8.725605905055999756e-02 -7.673370838165283203e-01 9.954705238342285156e-01 1.758554764091968536e-02 1.808194518089294434e-01 -2.010146528482437134e-01 -7.005720734596252441e-01 -2.699823081493377686e-01 -2.702922523021697998e-01 -1.370392739772796631e-01 9.989635348320007324e-01 -3.144208192825317383e-01 6.245359405875205994e-02 -4.095650613307952881e-01 1.254901289939880371e-01 -9.961451292037963867e-01 3.274883627891540527e-01 5.647301077842712402e-01 -9.989696741104125977e-01 -1.008569225668907166e-01 9.556075334548950195e-01 -4.054696559906005859e-01 5.831190347671508789e-01 -1.451523154973983765e-01 9.658721089363098145e-01 -6.108560040593147278e-02 -9.043217897415161133e-01 4.422976374626159668e-01 4.505584947764873505e-03 -3.445723652839660645e-01 -9.983366727828979492e-01 -4.675527289509773254e-02 -4.001309275627136230e-01 -8.259678632020950317e-02 2.451593577861785889e-01 5.149021744728088379e-02 8.164700865745544434e-02 -9.966658949851989746e-01 9.900528788566589355e-01 -5.392411351203918457e-01 1.056355889886617661e-02 9.996626973152160645e-01 9.894326329231262207e-01 9.999598264694213867e-01 -9.345861673355102539e-01 -7.428942322731018066e-01 -9.764466285705566406e-01 -3.638815879821777344e-01 -9.842412918806076050e-02 -6.451888084411621094e-01 2.739837467670440674e-01 -2.039957642555236816e-01 -9.836426973342895508e-01 -7.251048833131790161e-02 9.833507537841796875e-01 3.420976549386978149e-02 -4.621005356311798096e-01 -9.142342805862426758e-01 9.774192422628402710e-02 1.185800284147262573e-01 -4.800591766834259033e-01 1.375450789928436279e-01 -2.526480853557586670e-01 -3.969819098711013794e-02 4.554261565208435059e-01 -9.708226919174194336e-01 -9.881722331047058105e-01 9.655470848083496094e-01 7.878534793853759766e-01 -1.958180777728557587e-02 -9.999867081642150879e-01 8.252920210361480713e-02 -5.073431134223937988e-01 -9.816607832908630371e-01 -8.202647566795349121e-01 -2.493212819099426270e-01 1.478813141584396362e-01 1.617307811975479126e-01 7.595934271812438965e-01 4.338602125644683838e-01 -2.669971585273742676e-01 3.595620393753051758e-01 1.518778204917907715e-01 -2.974710986018180847e-02 -8.375942111015319824e-01 -5.497178435325622559e-01 -1.643161475658416748e-01 -1.311667710542678833e-01 -9.933269023895263672e-01 1.183257699012756348e-01 2.823721468448638916e-01 9.875003099441528320e-01 -6.498438864946365356e-02 -2.326105535030364990e-02 -8.867496848106384277e-01 9.742005467414855957e-01 -5.091961100697517395e-02 -1.542078703641891479e-01 -9.998674988746643066e-01 -1.881224215030670166e-01 -3.686457276344299316e-01 -4.180290997028350830e-01 9.794573187828063965e-01 9.953423142433166504e-01 8.902213573455810547e-01 6.011226400732994080e-02 3.546464145183563232e-01 -9.535329937934875488e-01 7.420482635498046875e-01 -9.058191180229187012e-01 -6.695120930671691895e-01 3.763295710086822510e-01 9.967280030250549316e-01 3.481675386428833008e-01 -1.574817597866058350e-01 9.249634742736816406e-01 4.224300384521484375e-02 -1.356845051050186157e-01 -9.715498685836791992e-01 9.778951406478881836e-01 -9.077797532081604004e-01 -5.252091288566589355e-01 5.445122346282005310e-02 -2.320202142000198364e-01 1.768823713064193726e-01 -6.523997783660888672e-01 3.764654099941253662e-01 -3.844529390335083008e-01 6.412821412086486816e-01 -3.968798518180847168e-01 1.763432174921035767e-01 5.867028832435607910e-01 -6.282604485750198364e-02 4.295432567596435547e-01 2.166376858949661255e-01 -3.858333528041839600e-01 9.999745488166809082e-01 -3.237966299057006836e-01 -1.707701683044433594e-01 -7.069725990295410156e-01 5.679996609687805176e-01 6.207798719406127930e-01 1.919962912797927856e-01 -8.153502345085144043e-01 -9.539553523063659668e-01 7.787739634513854980e-01 -2.908100606873631477e-03 2.642408311367034912e-01 6.970210075378417969e-01 2.017981261014938354e-01 9.988858699798583984e-01 9.839279651641845703e-01 9.200383424758911133e-01 5.150754377245903015e-02 9.973955750465393066e-01 6.175700426101684570e-01 9.900518655776977539e-01 -9.838306903839111328e-01 -8.994079232215881348e-01 3.806364536285400391e-01 4.054243862628936768e-01 -2.503564655780792236e-01 4.143440127372741699e-01 -9.984011054039001465e-01 9.501056075096130371e-01 -2.660537064075469971e-01 9.840124249458312988e-01 -3.583155944943428040e-02 5.280631780624389648e-01 -2.244031429290771484e-01 -8.186104893684387207e-01 -5.158422514796257019e-02 -4.442558586597442627e-01 -5.973245501518249512e-01 -3.210255503654479980e-01 5.430720448493957520e-01 3.968681693077087402e-01 8.097319602966308594e-01 2.029243856668472290e-01 9.974619746208190918e-01 7.542446255683898926e-01 -2.724956274032592773e-01 -9.780526161193847656e-01 9.817109107971191406e-01 -2.212700694799423218e-01 5.693807601928710938e-01 6.077982783317565918e-01 -9.667415022850036621e-01 -7.358905673027038574e-01 6.444675922393798828e-01 -7.192164063453674316e-01 2.193561643362045288e-01 -1.666403412818908691e-01 2.186183780431747437e-01 -9.881486892700195312e-01 5.147287249565124512e-01 -9.895322918891906738e-01 9.390402436256408691e-01 -9.217667579650878906e-01 1.756603829562664032e-02 4.962632954120635986e-01 9.858411550521850586e-01 1.934916079044342041e-01 3.975750803947448730e-01 1.076063290238380432e-01 4.044238626956939697e-01 8.903551697731018066e-01 5.080747008323669434e-01 -9.971099495887756348e-01 -4.044468980282545090e-03 4.818357527256011963e-01 1.977053880691528320e-01 9.839048981666564941e-01 9.993752241134643555e-01 6.413358449935913086e-01 9.601776003837585449e-01 4.768864810466766357e-01 8.726101368665695190e-02 9.166725873947143555e-01 1.467845290899276733e-01 -5.715242624282836914e-01 1.708835661411285400e-01 5.568078160285949707e-01 -2.359289228916168213e-01 -1.837579160928726196e-02 3.518639206886291504e-01 9.993926286697387695e-01 -2.043205648660659790e-01 -8.318112045526504517e-02 -9.922285676002502441e-01 -7.767687439918518066e-01 6.596170663833618164e-01 -4.705820381641387939e-01 -1.383972316980361938e-01 3.560113012790679932e-01 4.386283159255981445e-01 -1.781393885612487793e-01 9.298602342605590820e-01 9.969407320022583008e-01 -9.991096854209899902e-01 -4.180508852005004883e-02 -9.118316322565078735e-02 9.999066591262817383e-01 -1.289059966802597046e-01 -9.915679097175598145e-01 9.988327622413635254e-01 -5.931051969528198242e-01 -9.280976653099060059e-01 9.924677610397338867e-01 3.706868290901184082e-01 9.606943130493164062e-01 2.013797760009765625e-01 -9.981706738471984863e-01 -2.291572242975234985e-01 1.428835690021514893e-01 9.933370947837829590e-01 9.997621178627014160e-01 -1.442816257476806641e-01 5.144290328025817871e-01 1.102596223354339600e-01 -9.934297204017639160e-01 -9.998784065246582031e-01 -9.934956431388854980e-01 6.049231290817260742e-01 4.888468086719512939e-01 9.536243081092834473e-01 6.117643713951110840e-01 -9.284679889678955078e-01 -1.921854913234710693e-01 9.699954986572265625e-01 5.379673093557357788e-03 9.907162189483642578e-01 9.965002536773681641e-01 -9.986940622329711914e-01 7.652671337127685547e-01 9.925168156623840332e-01 -5.260095596313476562e-01 1.971006393432617188e-01 -3.287976384162902832e-01 9.988031387329101562e-01 -9.406308531761169434e-01 3.270403146743774414e-01 -2.934569306671619415e-02 -8.697540760040283203e-01 3.559292554855346680e-01 9.982981085777282715e-01 -1.622052937746047974e-01 -5.561657547950744629e-01 1.939038187265396118e-02 5.881391167640686035e-01 1.381696909666061401e-01 9.996899366378784180e-01 4.090274870395660400e-01 -9.821492433547973633e-01 7.572168111801147461e-02 -9.840759634971618652e-01 4.007330909371376038e-02 -6.593917608261108398e-01 -9.634171724319458008e-01 -3.812943994998931885e-01 5.766250491142272949e-01 8.039639592170715332e-01 9.473606944084167480e-01 -2.870338857173919678e-01 2.854863703250885010e-01 9.833188056945800781e-01 1.291787475347518921e-01 2.580249011516571045e-01 2.118840962648391724e-01 -3.051623702049255371e-01 5.643635392189025879e-01 2.102555334568023682e-01 9.908865094184875488e-01 -3.984566032886505127e-01 -4.976414740085601807e-01 5.694349408149719238e-01 -9.652553200721740723e-01 3.625965714454650879e-01 -2.026327848434448242e-01 9.994804859161376953e-01 1.202888786792755127e-01 7.880393266677856445e-01 4.772147834300994873e-01 -2.367297410964965820e-01 9.289024472236633301e-01 -4.504732489585876465e-01 -7.203754782676696777e-01 2.271670997142791748e-01 -8.406202793121337891e-01 -1.149403899908065796e-01 -3.031693696975708008e-01 -1.234513521194458008e-01 -9.460810422897338867e-01 7.775301337242126465e-01 -2.457638233900070190e-01 -3.012504279613494873e-01 4.728645831346511841e-02 -3.231876790523529053e-01 7.805538773536682129e-01 5.015367269515991211e-01 4.940864741802215576e-01 6.460325121879577637e-01 -3.543477952480316162e-01 9.965738654136657715e-01 -3.332208693027496338e-01 7.000700235366821289e-01 9.496666789054870605e-01 -9.997587800025939941e-01 3.792095482349395752e-01 1.712836325168609619e-01 -2.065145075321197510e-01 3.931394219398498535e-01 -5.460476279258728027e-01 3.796174377202987671e-02 -9.991740584373474121e-01 2.203484624624252319e-01 8.625838160514831543e-01 -9.445872306823730469e-01 5.838124155998229980e-01 -1.116070300340652466e-01 -1.640272140502929688e-01 -3.263584077358245850e-01 -3.671181797981262207e-01 -1.261938214302062988e-01 -9.998458623886108398e-01 -1.283941268920898438e-01 -3.531121611595153809e-01 -4.814088344573974609e-01 -2.946290373802185059e-01 -6.052477359771728516e-01 6.252358555793762207e-01 1.600146144628524780e-01 2.721685469150543213e-01 -9.817572832107543945e-01 -5.545024275779724121e-01 -4.169923067092895508e-01 9.650884866714477539e-01 -9.520340561866760254e-01 7.403751015663146973e-01 2.528856508433818817e-02 3.652258217334747314e-01 -9.376242160797119141e-01 8.071853518486022949e-01 9.095135927200317383e-01 -9.801409244537353516e-01 -2.479212544858455658e-02 -7.634614706039428711e-01 4.002379775047302246e-01 5.512136220932006836e-01 -5.832994580268859863e-01 -8.972675800323486328e-01 -4.600932002067565918e-01 -2.306088060140609741e-01 9.926622509956359863e-01 2.035671472549438477e-01 9.946247935295104980e-01 1.860817149281501770e-02 -9.996844530105590820e-01 -4.409323930740356445e-01 2.299353182315826416e-01 5.932684242725372314e-02 -4.171818029135465622e-03 5.558344721794128418e-01 -9.944440722465515137e-01 9.551704525947570801e-01 -9.999523758888244629e-01 -9.993656277656555176e-01 4.566521644592285156e-01 -6.105411648750305176e-01 6.981936097145080566e-01 2.479805238544940948e-02 -4.784825146198272705e-01 -1.348733454942703247e-01 -9.970327019691467285e-01 -9.460890889167785645e-01 4.928009510040283203e-01 -9.969605803489685059e-01 -9.054518938064575195e-01 -9.395381808280944824e-01 4.502064883708953857e-01 -3.610651791095733643e-01 6.312830746173858643e-02 5.363044738769531250e-01 2.419814169406890869e-01 4.107125401496887207e-01 9.987490177154541016e-01 2.623786032199859619e-01 5.377184748649597168e-01 4.265417158603668213e-01 1.117416843771934509e-02 7.277233898639678955e-02 9.957684874534606934e-01 8.025560379028320312e-01 2.371837049722671509e-01 -9.950772523880004883e-01 2.623869478702545166e-01 -6.067602038383483887e-01 9.996515512466430664e-01 5.525112748146057129e-01 7.832515239715576172e-01 -9.999647736549377441e-01 -2.308758199214935303e-01 6.502657532691955566e-01 -9.678569436073303223e-01 9.766577184200286865e-02 1.026681736111640930e-01 3.588342666625976562e-01 -8.766911029815673828e-01 -4.663755297660827637e-01 5.000927448272705078e-01 -9.981273412704467773e-01 9.927075505256652832e-01 -2.294952720403671265e-01 2.732195556163787842e-01 3.821470439434051514e-01 2.445346117019653320e-01 4.050982594490051270e-01 -9.752575159072875977e-01 -8.428785204887390137e-02 -6.107017397880554199e-01 -2.235293090343475342e-01 -4.630681574344635010e-01 -2.371669113636016846e-01 -9.999778270721435547e-01 -9.253160357475280762e-01 -8.730430603027343750e-01 1.581453382968902588e-01 -1.928026527166366577e-01 -2.609852515161037445e-02 4.051576554775238037e-01 -9.193171858787536621e-01 9.999893307685852051e-01 -9.875734448432922363e-01 1.617940515279769897e-01 1.269462257623672485e-01 -2.549273371696472168e-01 8.593867719173431396e-02 -9.408965110778808594e-01 6.730723381042480469e-01 -6.216189861297607422e-01 7.794012874364852905e-02 -1.245026066899299622e-01 -8.522068709135055542e-02 -9.461349844932556152e-01
-9.741744399070739746e-01 5.374437570571899414e-01 1.026271060109138489e-01 3.865393400192260742e-01 1.310948282480239868e-04 3.510667681694030762e-01 9.846614003181457520e-01 -8.787909746170043945e-01 1.132849231362342834e-02 -9.888605475425720215e-01 -4.426695033907890320e-02 -9.793711304664611816e-01 -8.981657624244689941e-01 -9.895829558372497559e-01 -7.906618118286132812e-01 -3.939710929989814758e-02 2.908188663423061371e-02 -2.682104706764221191e-01 -5.644537806510925293e-01 -1.011276915669441223e-01 2.985377311706542969e-01 -1.937402337789535522e-01 8.830161094665527344e-01 4.892112910747528076e-01 9.994162917137145996e-01 9.984496831893920898e-01 -1.939773410558700562e-01 -2.906273603439331055e-01 -2.286341190338134766e-01 3.986058533191680908e-01 9.438674449920654297e-01 -1.239378750324249268e-01 1.525354087352752686e-01 -3.403794765472412109e-01 -5.863751173019409180e-01 -1.052308231592178345e-01 -2.783161699771881104e-01 -1.919949203729629517e-01 9.994593262672424316e-01 -3.203479945659637451e-01 -5.498227849602699280e-02 -3.146746754646301270e-01 2.533629536628723145e-01 -9.970402121543884277e-01 -3.239118307828903198e-02 5.696485638618469238e-01 -9.921415448188781738e-01 8.858544379472732544e-02 8.506489396095275879e-01 -2.473416328430175781e-01 7.294107675552368164e-01 3.822452723979949951e-01 9.960559606552124023e-01 3.733897581696510315e-02 -1.822785586118698120e-01 2.836401760578155518e-01 3.223575949668884277e-01 -1.295983195304870605e-01 -9.990095496177673340e-01 -6.974966078996658325e-02 -2.453741729259490967e-01 -2.842053174972534180e-01 8.656740188598632812e-01 4.339408501982688904e-02 1.575461179018020630e-01 -9.997944235801696777e-01 9.940787553787231445e-01 6.131484508514404297e-01 -9.008197486400604248e-02 9.988737106323242188e-01 9.906193614006042480e-01 9.999350309371948242e-01 -9.532366991043090820e-01 -8.206308484077453613e-01 -9.294571876525878906e-01 -1.272915005683898926e-01 -4.684324190020561218e-02 4.512289166450500488e-01 -4.197499155998229980e-01 -1.750380843877792358e-01 -9.810985922813415527e-01 -2.660208344459533691e-01 9.679095149040222168e-01 -6.513028144836425781e-01 7.804746031761169434e-01 -9.598701000213623047e-01 3.211607038974761963e-02 2.145893722772598267e-01 -3.872413039207458496e-01 2.363349944353103638e-01 -9.590187072753906250e-01 8.405149728059768677e-02 2.521297037601470947e-01 -9.483890533447265625e-01 -9.927668571472167969e-01 8.230869770050048828e-01 6.254080533981323242e-01 -1.597340255975723267e-01 -9.999929666519165039e-01 -4.195887744426727295e-01 3.990001976490020752e-01 -9.851687550544738770e-01 -5.221099853515625000e-01 -3.806301057338714600e-01 1.661110967397689819e-01 2.808911502361297607e-01 9.499680399894714355e-01 2.037303000688552856e-01 -1.131679266691207886e-01 1.734229475259780884e-01 8.527809381484985352e-02 1.668969988822937012e-01 -9.807340502738952637e-01 -9.610784649848937988e-01 -3.230280876159667969e-01 1.422331929206848145e-01 -9.760089516639709473e-01 -5.563179254531860352e-01 -3.228117711842060089e-04 9.543351531028747559e-01 -8.747661113739013672e-01 7.270756363868713379e-02 -9.971635341644287109e-01 -6.684771180152893066e-01 -2.008128613233566284e-01 -8.638764172792434692e-02 -9.936369657516479492e-01 -1.655854433774948120e-01 -5.345789194107055664e-01 1.507446169853210449e-01 9.509683847427368164e-01 9.983335733413696289e-01 1.507900953292846680e-01 8.821832388639450073e-02 4.830195009708404541e-01 -8.225945830345153809e-01 9.742632508277893066e-01 -9.928980469703674316e-01 6.722679138183593750e-01 3.464302420616149902e-01 9.961107373237609863e-01 4.010333716869354248e-01 -2.217293232679367065e-01 9.983362555503845215e-01 5.820306483656167984e-03 8.009073734283447266e-01 -8.470031619071960449e-01 7.637692689895629883e-01 -4.080149829387664795e-01 -9.674976766109466553e-02 -3.275942206382751465e-01 1.354800462722778320e-01 1.071693897247314453e-01 -3.392884433269500732e-01 3.026070296764373779e-01 -3.886007368564605713e-01 -4.051693081855773926e-01 -3.734072446823120117e-01 1.493638455867767334e-01 1.800891011953353882e-01 -3.784080967307090759e-02 1.308437734842300415e-01 -2.538188993930816650e-01 -2.394357770681381226e-01 9.999898672103881836e-01 -1.911136955022811890e-01 -1.710259169340133667e-01 -4.516164064407348633e-01 9.166725873947143555e-01 9.537587761878967285e-01 2.297499328851699829e-01 -9.280538558959960938e-01 -3.590468466281890869e-01 -3.855513632297515869e-01 -2.232575267553329468e-01 2.504706084728240967e-01 9.820656180381774902e-01 1.688258349895477295e-01 9.993183612823486328e-01 8.257653713226318359e-01 9.642758965492248535e-01 -8.277051150798797607e-02 9.939070940017700195e-01 3.705220818519592285e-01 6.782755255699157715e-01 -9.988911747932434082e-01 -9.872755408287048340e-01 2.997765317559242249e-02 6.929142773151397705e-02 7.453070878982543945e-01 -6.349022984504699707e-01 -9.759483337402343750e-01 8.556484580039978027e-01 -1.778621375560760498e-01 9.545948505401611328e-01 -3.403849899768829346e-01 -6.510545611381530762e-01 -9.672612547874450684e-01 -9.323497414588928223e-01 -1.440956741571426392e-01 -2.050112374126911163e-02 3.727913647890090942e-02 4.639109969139099121e-01 5.308296680450439453e-01 1.665579527616500854e-02 8.557835221290588379e-01 -2.802558057010173798e-02 9.993903636932373047e-01 9.244125485420227051e-01 -1.538168266415596008e-02 -9.812978506088256836e-01 8.551187515258789062e-01 -1.247437596321105957e-01 4.953736066818237305e-01 9.652127623558044434e-01 -9.243861436843872070e-01 -7.703793793916702271e-02 9.932098388671875000e-01 4.362661540508270264e-01 -6.980690360069274902e-02 5.274132490158081055e-01 4.158784747123718262e-01 -8.582766652107238770e-01 2.753142714500427246e-01 -7.801927924156188965e-01 6.757728457450866699e-01 -9.982043504714965820e-01 -3.042693734169006348e-01 8.575223088264465332e-01 8.154418468475341797e-01 2.142117619514465332e-01 1.181065365672111511e-01 7.101636379957199097e-02 3.529191017150878906e-01 9.960125088691711426e-01 1.991060823202133179e-01 -9.783291816711425781e-01 -2.502851784229278564e-01 2.073990702629089355e-01 -2.299166470766067505e-01 9.879198670387268066e-01 9.996780753135681152e-01 -6.632198095321655273e-01 9.933182597160339355e-01 8.278905749320983887e-01 4.565566033124923706e-02 9.673310518264770508e-01 1.477714031934738159e-01 -4.818243980407714844e-01 2.200529724359512329e-01 4.971432983875274658e-01 -1.404052227735519409e-01 -3.942261636257171631e-01 3.152774572372436523e-01 9.999387860298156738e-01 1.419427245855331421e-01 -5.909359082579612732e-02 -4.753257036209106445e-01 -1.653665900230407715e-01 -2.991726398468017578e-01 -3.848228752613067627e-01 -9.073154926300048828e-01 1.310435980558395386e-01 -7.131545990705490112e-02 9.626144892536103725e-04 9.584071040153503418e-01 9.983972311019897461e-01 -9.998700618743896484e-01 -2.264788597822189331e-01 -2.071099281311035156e-01 9.994527697563171387e-01 -1.279524266719818115e-01 -9.191607832908630371e-01 9.999393820762634277e-01 -4.779557585716247559e-01 -8.914836645126342773e-01 9.995990991592407227e-01 3.407844603061676025e-01 9.233860969543457031e-01 3.289454877376556396e-01 -9.989453554153442383e-01 -9.687541723251342773e-01 -4.480340182781219482e-01 9.994307756423950195e-01 9.963949918746948242e-01 -1.494037210941314697e-01 3.016285598278045654e-01 -8.022172376513481140e-03 -9.992938637733459473e-01 -9.999112486839294434e-01 -9.982833862304687500e-01 4.469100236892700195e-01 3.291274309158325195e-01 6.566417217254638672e-01 9.477328658103942871e-01 -9.930890798568725586e-01 -5.421931147575378418e-01 9.854335784912109375e-01 -1.743277311325073242e-01 9.946637153625488281e-01 9.997058510780334473e-01 -7.937647700309753418e-01 -2.749256789684295654e-01 9.961163401603698730e-01 -3.819882571697235107e-01 -3.900266289710998535e-01 1.472358554601669312e-01 9.993548989295959473e-01 -8.027960062026977539e-01 3.061610758304595947e-01 3.159936070442199707e-01 -9.223397970199584961e-01 9.153077006340026855e-02 9.984007477760314941e-01 -4.997807443141937256e-01 -2.019028924405574799e-02 1.747363060712814331e-01 5.228436589241027832e-01 4.657152295112609863e-02 9.987984895706176758e-01 1.231174096465110779e-01 -9.812892675399780273e-01 -3.350930288434028625e-03 -9.455666542053222656e-01 4.761637747287750244e-02 -4.946833848953247070e-01 -1.110856309533119202e-01 -1.314945369958877563e-01 -8.150988817214965820e-01 -2.650786042213439941e-01 8.763148784637451172e-01 -1.040457189083099365e-01 2.057545185089111328e-01 9.981394410133361816e-01 2.103279158473014832e-02 3.418213874101638794e-02 1.302109807729721069e-01 -9.768167138099670410e-01 -5.922033786773681641e-01 2.668868303298950195e-01 9.995591044425964355e-01 1.818482577800750732e-01 -6.767700910568237305e-01 9.672755002975463867e-01 2.868083417415618896e-01 -6.984776258468627930e-02 6.639465093612670898e-01 9.987061023712158203e-01 -2.037338465452194214e-01 5.961411595344543457e-01 5.075688362121582031e-01 -1.917714625597000122e-01 7.115858793258666992e-01 -3.048494756221771240e-01 3.876746892929077148e-01 1.532732229679822922e-02 -4.804404973983764648e-01 5.527900904417037964e-02 -6.510447710752487183e-02 1.878938823938369751e-02 -9.703971147537231445e-01 -2.804721891880035400e-01 -3.592733144760131836e-01 -1.296195536851882935e-01 1.546283513307571411e-01 -9.554469585418701172e-01 -3.196414709091186523e-01 7.226921916007995605e-01 1.589645743370056152e-01 3.022484779357910156e-01 -3.123753964900970459e-01 9.585493206977844238e-01 -6.824963539838790894e-02 5.921615958213806152e-01 7.983767986297607422e-01 -9.995487928390502930e-01 8.731766045093536377e-02 1.403851658105850220e-01 -4.274763464927673340e-01 2.872696518898010254e-01 2.139473259449005127e-01 7.028824090957641602e-02 -9.987990856170654297e-01 2.210112959146499634e-01 9.820981025695800781e-01 -6.622548699378967285e-01 5.686205625534057617e-01 -2.886953651905059814e-01 -4.049372971057891846e-01 -5.243740677833557129e-01 -2.751942873001098633e-01 -6.494240462779998779e-02 -9.998207688331604004e-01 -2.055903375148773193e-01 -1.924902349710464478e-01 -4.127699434757232666e-01 -7.562430202960968018e-02 -3.613596260547637939e-01 9.852868318557739258e-01 3.555753454566001892e-02 4.101425781846046448e-02 -9.088543653488159180e-01 3.254030942916870117e-01 -1.787469089031219482e-01 9.958246946334838867e-01 -4.441881477832794189e-01 -2.134805321693420410e-01 -4.186087846755981445e-02 2.900171875953674316e-01 -9.950224757194519043e-01 7.290008068084716797e-01 9.552382230758666992e-01 -9.968146085739135742e-01 4.472573474049568176e-02 -4.252565279603004456e-02 3.534640669822692871e-01 7.994978874921798706e-02 -1.246723085641860962e-01 -7.258276939392089844e-01 4.938572347164154053e-01 -5.020241141319274902e-01 9.996320009231567383e-01 4.483581334352493286e-02 8.577630519866943359e-01 3.344829380512237549e-01 -9.980138540267944336e-01 1.294844895601272583e-01 -1.410915851593017578e-01 1.691415756940841675e-01 -6.611977517604827881e-02 1.192567870020866394e-01 -8.963758945465087891e-01 9.991759061813354492e-01 -9.998199343681335449e-01 -9.362231492996215820e-01 5.239306762814521790e-02 5.959601402282714844e-01 -7.221579551696777344e-01 -2.455074787139892578e-01 -3.856109082698822021e-01 -3.215481042861938477e-01 -9.998280405998229980e-01 -9.972574710845947266e-01 5.041837096214294434e-01 -9.589150547981262207e-01 -9.880288839340209961e-01 -9.772883653640747070e-01 4.570821821689605713e-01 -1.768783479928970337e-01 5.712428316473960876e-02 1.889688074588775635e-01 -1.396396104246377945e-02 2.999683143571019173e-03 9.892410635948181152e-01 4.203596711158752441e-01 4.063604772090911865e-02 -1.547746732831001282e-02 3.484561443328857422e-01 -1.711122691631317139e-01 9.122270345687866211e-01 6.784616708755493164e-01 1.297731846570968628e-01 -9.926148056983947754e-01 2.719031870365142822e-01 7.853842377662658691e-01 9.997326731681823730e-01 1.680143326520919800e-01 9.967619925737380981e-02 -9.998666644096374512e-01 -2.027733623981475830e-01 5.233256816864013672e-01 -9.988474249839782715e-01 7.362759709358215332e-01 -2.207334339618682861e-01 1.804473847150802612e-01 -9.914329051971435547e-01 -9.636099338531494141e-01 5.476252436637878418e-01 -9.857667088508605957e-01 8.040637969970703125e-01 1.227508531883358955e-03 3.244013190269470215e-01 4.129779636859893799e-01 1.681079417467117310e-01 6.668410450220108032e-02 -9.051846265792846680e-01 -2.868041396141052246e-01 -3.366760313510894775e-01 1.032897084951400757e-01 2.015264332294464111e-02 9.560896083712577820e-03 -9.999942779541015625e-01 -9.818384051322937012e-01 -5.964713096618652344e-01 3.335432708263397217e-02 2.887322334572672844e-03 -6.366997212171554565e-02 3.043629527091979980e-01 -9.977445602416992188e-01 9.999839067459106445e-01 -9.953173398971557617e-01 2.024900168180465698e-01 2.373285591602325439e-01 3.628037124872207642e-02 8.244021236896514893e-02 -9.805605411529541016e-01 8.519545793533325195e-01 -7.069619894027709961e-01 1.986770182847976685e-01 -3.529614582657814026e-02 -1.618882268667221069e-01 -8.662215471267700195e-01
-5.570634454488754272e-02 -3.104327321052551270e-01 -2.699015140533447266e-01 -1.111499816179275513e-01 -4.416723847389221191e-01 -9.520877897739410400e-02 9.702348113059997559e-01 -9.879233837127685547e-01 -2.067621648311614990e-01 -3.809470236301422119e-01 -3.229689300060272217e-01 -9.791895151138305664e-01 -6.632928848266601562e-01 -9.681767225265502930e-01 -7.506288886070251465e-01 -1.630449891090393066e-01 2.463389337062835693e-01 -3.005639910697937012e-01 -5.180686712265014648e-01 1.596732288599014282e-01 6.078068614006042480e-01 -7.902270555496215820e-02 9.067712426185607910e-01 2.581401467323303223e-01 9.967795014381408691e-01 9.991455674171447754e-01 -1.277369856834411621e-01 3.375848755240440369e-02 -4.605920240283012390e-02 -3.969931304454803467e-01 9.876466393470764160e-01 1.889799535274505615e-02 4.284365102648735046e-02 -3.399053812026977539e-01 -9.407911896705627441e-01 -2.181789129972457886e-01 -1.823508441448211670e-01 -2.891140580177307129e-01 9.975306391716003418e-01 -1.562794744968414307e-01 1.445236057043075562e-01 -1.356499791145324707e-01 1.463873833417892456e-01 -9.955544471740722656e-01 2.788541018962860107e-01 6.602784991264343262e-01 -9.980878829956054688e-01 -1.666407287120819092e-01 8.591424822807312012e-01 -4.186383187770843506e-01 8.985188603401184082e-01 -1.034930907189846039e-02 8.430718779563903809e-01 -1.508382260799407959e-01 -6.592923998832702637e-01 4.156144857406616211e-01 2.777898907661437988e-01 -2.114396840333938599e-01 -9.941678047180175781e-01 -7.565996646881103516e-01 -3.121894299983978271e-01 -8.629997819662094116e-02 7.878488898277282715e-01 1.011131629347801208e-01 -6.369224935770034790e-02 -8.465538620948791504e-01 9.986449480056762695e-01 -4.399846792221069336e-01 -1.893591731786727905e-01 9.996588230133056641e-01 9.545543193817138672e-01 9.999746680259704590e-01 -8.115944862365722656e-01 -8.220112323760986328e-01 -3.907915577292442322e-02 -2.706985175609588623e-02 -6.112047284841537476e-02 -4.393105804920196533e-01 -7.768835872411727905e-02 -4.137468338012695312e-01 -9.990869760513305664e-01 -1.990981996059417725e-01 9.859435558319091797e-01 -4.031161665916442871e-01 2.119448594748973846e-02 -9.684825539588928223e-01 -1.070265993475914001e-01 -1.827410794794559479e-02 -6.075718998908996582e-01 2.442522943019866943e-01 -4.545723199844360352e-01 -7.118362933397293091e-02 3.055892288684844971e-01 -8.769457340240478516e-01 -9.380669593811035156e-01 9.987280964851379395e-01 2.024076320230960846e-02 -4.122647270560264587e-02 -9.999910593032836914e-01 3.096919655799865723e-01 -6.302394866943359375e-01 -9.436558485031127930e-01 -9.129661917686462402e-01 -2.146747559309005737e-01 2.349684238433837891e-01 6.204908713698387146e-02 9.453722238540649414e-01 3.333897888660430908e-01 -8.681480586528778076e-02 1.180670931935310364e-01 4.346967637538909912e-01 3.503435254096984863e-01 -1.006318703293800354e-01 -5.821152925491333008e-01 -2.280751764774322510e-01 -2.266177088022232056e-01 -9.473338723182678223e-01 3.073720037937164307e-01 2.707542479038238525e-01 9.969624280929565430e-01 -8.955271840095520020e-01 -3.286013305187225342e-01 -9.558407664299011230e-01 9.565161466598510742e-01 7.354824244976043701e-02 -9.739408642053604126e-02 -9.994020462036132812e-01 -1.837309151887893677e-01 -5.937355756759643555e-02 -3.735711574554443359e-01 9.821768403053283691e-01 9.149926304817199707e-01 5.117825269699096680e-01 1.605184376239776611e-01 4.155320525169372559e-01 -9.347029328346252441e-01 7.906736731529235840e-01 -9.409624338150024414e-01 -9.900392889976501465e-01 1.544719189405441284e-01 9.248802065849304199e-01 1.433087140321731567e-01 -1.048674061894416809e-01 9.683016538619995117e-01 2.045294344425201416e-01 -4.157738983631134033e-01 -9.517999291419982910e-01 3.180326819419860840e-01 -8.806189894676208496e-01 -2.249159365892410278e-01 -2.129766047000885010e-01 -3.001216650009155273e-01 -3.271051347255706787e-01 -6.258705854415893555e-01 3.347891569137573242e-01 -4.456577599048614502e-01 5.017745494842529297e-01 -9.150264859199523926e-01 -3.827902302145957947e-02 4.530444145202636719e-01 1.216441243886947632e-01 4.522929191589355469e-01 2.781591713428497314e-01 -2.300847619771957397e-01 9.999044537544250488e-01 -6.703966259956359863e-01 -2.735975980758666992e-01 -6.876083612442016602e-01 6.911775469779968262e-01 8.465732932090759277e-01 2.043977826833724976e-01 -9.169948101043701172e-01 -9.960160255432128906e-01 4.691675007343292236e-01 -5.952911451458930969e-02 3.780037164688110352e-01 -2.034933418035507202e-01 -1.466459184885025024e-01 9.992974400520324707e-01 7.473678588867187500e-01 9.620967507362365723e-01 6.158460676670074463e-02 9.591253995895385742e-01 -2.558418214321136475e-01 9.786130785942077637e-01 -9.031789898872375488e-01 -8.961488604545593262e-01 9.735366106033325195e-01 4.272125959396362305e-01 6.261605620384216309e-01 7.155211567878723145e-01 -9.933260679244995117e-01 9.978745579719543457e-01 -1.712083816528320312e-01 9.402678608894348145e-01 -2.986733019351959229e-01 -1.106717213988304138e-01 -5.487252473831176758e-01 -8.556880354881286621e-01 -1.525163743644952774e-02 -5.304385423660278320e-01 -4.530710875988006592e-01 3.202188909053802490e-01 5.882915854454040527e-01 4.542575776576995850e-01 7.653371691703796387e-01 -2.569956481456756592e-01 9.997733831405639648e-01 7.798263430595397949e-01 -1.724917739629745483e-01 -7.939070463180541992e-01 3.187294304370880127e-01 -7.426261436194181442e-03 2.761290073394775391e-01 7.668780088424682617e-01 -9.571251273155212402e-01 -8.534144163131713867e-01 6.475463509559631348e-01 -3.125410079956054688e-01 2.154400199651718140e-01 -9.191925078630447388e-02 4.513722956180572510e-01 -9.691293835639953613e-01 6.568055748939514160e-01 -9.891293644905090332e-01 9.943885207176208496e-01 -9.615743160247802734e-01 -3.009450733661651611e-01 5.441787242889404297e-01 9.570421576499938965e-01 2.817432284355163574e-01 3.055162131786346436e-01 4.490192979574203491e-02 4.873033463954925537e-01 8.915853500366210938e-01 1.494105756282806396e-01 -9.779054522514343262e-01 -2.362624257802963257e-01 3.889806270599365234e-01 4.288648441433906555e-02 9.886810183525085449e-01 9.980795383453369141e-01 3.309067189693450928e-01 9.373782277107238770e-01 8.498927950859069824e-01 -5.665423721075057983e-02 9.967932105064392090e-01 2.398098446428775787e-02 -8.977354764938354492e-01 1.143255755305290222e-01 6.002846956253051758e-01 -3.243192136287689209e-01 3.472468554973602295e-01 2.643190324306488037e-01 9.997326731681823730e-01 -1.785361468791961670e-01 3.108007907867431641e-01 -9.908401370048522949e-01 -4.470471143722534180e-01 -2.990854680538177490e-01 -4.272092282772064209e-01 -7.553411722183227539e-01 3.382806777954101562e-01 5.413246154785156250e-01 -1.527514904737472534e-01 9.763084053993225098e-01 9.877018332481384277e-01 -9.999297857284545898e-01 -4.136478006839752197e-01 1.672574877738952637e-01 9.903445243835449219e-01 -2.916476726531982422e-01 -9.597682952880859375e-01 9.970096349716186523e-01 -3.358370959758758545e-01 -8.671498894691467285e-01 9.935268759727478027e-01 5.974034667015075684e-01 9.532069563865661621e-01 1.658679097890853882e-01 -9.707830548286437988e-01 1.976459622383117676e-01 6.524605751037597656e-01 9.493089914321899414e-01 9.716108441352844238e-01 1.270752847194671631e-01 5.429666638374328613e-01 1.084302365779876709e-01 -9.942885637283325195e-01 -9.997894763946533203e-01 -9.986966848373413086e-01 5.450715422630310059e-01 3.292452096939086914e-01 7.743638157844543457e-01 3.385033905506134033e-01 -2.508990168571472168e-01 -4.597511887550354004e-01 9.762986898422241211e-01 -3.800014257431030273e-01 9.983903765678405762e-01 9.989465475082397461e-01 -9.980549216270446777e-01 5.525922179222106934e-01 9.979923367500305176e-01 -3.727321326732635498e-01 2.940527498722076416e-01 -5.617197155952453613e-01 9.687283635139465332e-01 -7.739402055740356445e-01 -2.350345849990844727e-01 -1.101148724555969238e-01 -9.398214221000671387e-01 2.547673881053924561e-01 9.995517134666442871e-01 -7.543370127677917480e-02 -3.964724540710449219e-01 1.094841435551643372e-01 4.946642816066741943e-01 3.078304827213287354e-01 9.998767375946044922e-01 5.065221786499023438e-01 -9.883416295051574707e-01 2.662583589553833008e-01 -9.951954483985900879e-01 3.685774803161621094e-01 -5.254509449005126953e-01 -9.412933588027954102e-01 -4.133666455745697021e-01 1.783754676580429077e-02 8.270606994628906250e-01 -3.424924984574317932e-02 -2.241108268499374390e-01 2.799821197986602783e-01 9.358007311820983887e-01 1.145906150341033936e-01 3.138358294963836670e-01 -1.251250598579645157e-02 -8.078827261924743652e-01 -2.572016716003417969e-01 -1.802082806825637817e-01 9.655775427818298340e-01 -3.697600960731506348e-02 -4.330215454101562500e-01 8.411195874214172363e-01 -7.455553412437438965e-01 8.059059381484985352e-01 1.511697620153427124e-01 9.991484880447387695e-01 2.124565094709396362e-01 8.145936727523803711e-01 3.278116881847381592e-01 -2.071348726749420166e-01 5.956515073776245117e-01 -4.192935526371002197e-01 -2.359972745180130005e-01 -1.122174635529518127e-01 5.365743115544319153e-02 1.065248250961303711e-01 -7.351508736610412598e-02 -4.587254226207733154e-01 -9.128613471984863281e-01 4.282479882240295410e-01 -2.101015746593475342e-01 -3.370024561882019043e-01 -9.890766441822052002e-02 -4.626797437667846680e-01 3.293575048446655273e-01 1.431899517774581909e-01 4.223722517490386963e-01 6.994968652725219727e-01 -5.126653909683227539e-01 9.797752499580383301e-01 -3.720803260803222656e-01 5.353019237518310547e-01 7.923972010612487793e-01 -9.997040033340454102e-01 3.832771182060241699e-01 3.979769349098205566e-01 -1.933638006448745728e-02 4.056983590126037598e-01 -5.441865324974060059e-01 3.727929890155792236e-01 -9.851330518722534180e-01 1.793900430202484131e-01 6.042376160621643066e-03 -9.438533186912536621e-01 6.443539261817932129e-01 -9.192013181746006012e-03 -9.148301929235458374e-02 -3.431735336780548096e-01 -2.478949427604675293e-01 1.722399294376373291e-01 -9.996880888938903809e-01 -6.869593262672424316e-02 -1.431127637624740601e-01 -5.929437279701232910e-01 -2.611681818962097168e-01 -4.037761986255645752e-01 -4.310629367828369141e-01 2.033934295177459717e-01 6.060470938682556152e-01 -9.925292134284973145e-01 -1.934493482112884521e-01 -2.903366982936859131e-01 8.489055633544921875e-01 -9.546406865119934082e-01 5.981213450431823730e-01 1.091402620077133179e-01 4.433963596820831299e-01 -8.123810291290283203e-01 7.927458286285400391e-01 9.549601078033447266e-01 -6.406576633453369141e-01 -2.396105378866195679e-01 -9.344687461853027344e-01 2.647184729576110840e-01 4.756577312946319580e-01 4.629984498023986816e-01 -8.751648068428039551e-01 -8.975881934165954590e-01 -2.922058403491973877e-01 9.989287853240966797e-01 -7.858973741531372070e-02 9.990147352218627930e-01 2.065087854862213135e-01 -9.994903206825256348e-01 -4.992261230945587158e-01 1.617762446403503418e-01 -1.442736238241195679e-01 1.651201583445072174e-02 5.097633004188537598e-01 -9.814087152481079102e-01 7.791903614997863770e-01 -9.998456835746765137e-01 -9.936748147010803223e-01 4.074210226535797119e-01 -3.792596757411956787e-01 5.479703545570373535e-01 -7.150548044592142105e-03 -5.100383758544921875e-01 5.922672897577285767e-02 -9.993211627006530762e-01 -9.391988515853881836e-01 5.177360773086547852e-01 -9.964414238929748535e-01 -9.498004317283630371e-01 -4.158042371273040771e-01 3.404071629047393799e-01 -3.465468585491180420e-01 1.610018014907836914e-01 2.545061111450195312e-01 6.373644620180130005e-02 1.993251293897628784e-01 9.926697611808776855e-01 1.330395415425300598e-02 4.738081693649291992e-01 2.892831265926361084e-01 2.133530527353286743e-01 2.109741270542144775e-01 9.514765143394470215e-01 9.858551621437072754e-01 2.351789474487304688e-01 -9.989479780197143555e-01 1.822581440210342407e-01 -7.219783216714859009e-02 9.997909665107727051e-01 6.284456253051757812e-01 7.908704280853271484e-01 -9.999570250511169434e-01 -1.220221593976020813e-01 6.462796330451965332e-01 -9.977297782897949219e-01 3.612801134586334229e-01 -1.498908251523971558e-01 3.838327825069427490e-01 -8.512017130851745605e-01 -7.298376560211181641e-01 4.048166871070861816e-01 -9.985100030899047852e-01 9.984059929847717285e-01 -2.436588518321514130e-02 3.755454719066619873e-02 6.686177253723144531e-01 1.346769481897354126e-01 4.750083386898040771e-01 -9.911907911300659180e-01 4.273940622806549072e-01 -4.330140650272369385e-01 -4.928130656480789185e-02 -1.924426257610321045e-01 -1.056324765086174011e-01 -9.990570545196533203e-01 -7.930469512939453125e-01 -9.278189539909362793e-01 -2.932998538017272949e-01 -3.534079492092132568e-01 2.077116817235946655e-01 2.624392509460449219e-01 -9.567714929580688477e-01 9.998827576637268066e-01 -9.992119669914245605e-01 2.700988352298736572e-01 1.158274114131927490e-01 2.207898348569869995e-01 3.686876296997070312e-01 -9.446679949760437012e-01 9.930507540702819824e-01 -5.569806694984436035e-01 4.691730812191963196e-02 2.955651655793190002e-02 1.777333393692970276e-02 -9.304475188255310059e-01
-9.169906973838806152e-01 8.857924938201904297e-01 -7.768829911947250366e-02 -4.047579690814018250e-02 4.174924641847610474e-02 -6.277404427528381348e-01 9.796845316886901855e-01 -9.996789097785949707e-01 -2.269603163003921509e-01 -9.990938305854797363e-01 1.205770075321197510e-01 -9.862428903579711914e-01 -8.711714148521423340e-01 -9.196181893348693848e-01 -8.556056618690490723e-01 -2.747577987611293793e-02 -1.786308437585830688e-01 -2.098025195300579071e-02 -5.581530928611755371e-01 -1.327214092016220093e-01 3.175494968891143799e-01 4.198820888996124268e-02 5.907781720161437988e-01 5.542290210723876953e-01 9.994246363639831543e-01 9.929125308990478516e-01 4.621309787034988403e-02 -2.831137478351593018e-01 3.009282648563385010e-01 2.682434022426605225e-01 9.986168146133422852e-01 -5.227987468242645264e-02 3.771431148052215576e-01 -3.048219382762908936e-01 -4.063741862773895264e-01 -7.307343930006027222e-02 -6.080215424299240112e-02 -5.627457797527313232e-02 9.981866478919982910e-01 -1.296265274286270142e-01 1.761767864227294922e-01 -4.556905031204223633e-01 1.559952944517135620e-01 -9.960368275642395020e-01 1.643409729003906250e-01 5.716496706008911133e-01 -9.988362193107604980e-01 -4.467516019940376282e-02 9.839345812797546387e-01 -2.276444248855113983e-02 8.440750837326049805e-01 -6.471578776836395264e-02 9.985561370849609375e-01 2.059964835643768311e-01 -6.792572736740112305e-01 5.295410379767417908e-02 -2.039138376712799072e-01 -3.985553979873657227e-01 -9.977884888648986816e-01 9.509590454399585724e-03 -5.329415202140808105e-01 -2.951896376907825470e-02 6.657932996749877930e-01 -1.182588264346122742e-01 -4.973975941538810730e-02 -9.994928836822509766e-01 9.986808300018310547e-01 6.331130862236022949e-02 4.007151424884796143e-01 9.838683605194091797e-01 9.962705373764038086e-01 9.998645186424255371e-01 -9.380128979682922363e-01 -6.554938554763793945e-01 -9.926781058311462402e-01 -4.541811943054199219e-01 -1.096874549984931946e-01 -4.158579409122467041e-01 9.473150223493576050e-02 1.120929121971130371e-01 -9.960856437683105469e-01 2.341573126614093781e-02 9.722459912300109863e-01 2.873135507106781006e-01 7.542452812194824219e-01 -5.639425516128540039e-01 1.780495345592498779e-01 2.212734818458557129e-01 -1.983197331428527832e-01 -1.802312284708023071e-01 -8.750800490379333496e-01 -1.914428919553756714e-02 1.868723183870315552e-01 -9.976732730865478516e-01 -9.045075774192810059e-01 7.426065802574157715e-01 9.693475961685180664e-01 2.414288669824600220e-01 -9.999926686286926270e-01 -2.950618267059326172e-01 -9.524807929992675781e-01 -9.923294186592102051e-01 -7.703231573104858398e-01 -1.307388693094253540e-01 9.695419669151306152e-02 2.290642112493515015e-01 7.283911705017089844e-01 3.657721579074859619e-01 -1.123961061239242554e-01 -2.609028816223144531e-01 -7.478442043066024780e-02 -1.062398478388786316e-01 -8.411905765533447266e-01 -9.420982003211975098e-01 -2.407713383436203003e-01 1.921111792325973511e-01 -9.890139102935791016e-01 -5.978580117225646973e-01 -2.724633552134037018e-03 9.864758253097534180e-01 1.933824270963668823e-01 2.437737584114074707e-01 -9.872105121612548828e-01 6.505944728851318359e-01 1.800511926412582397e-01 -1.552156955003738403e-01 -9.905239939689636230e-01 -2.458700239658355713e-01 -2.547799646854400635e-01 -2.424488663673400879e-01 8.735333681106567383e-01 9.760754704475402832e-01 8.101494908332824707e-01 4.129339754581451416e-02 -1.589095592498779297e-02 -9.818795919418334961e-01 9.536910057067871094e-01 -9.900172352790832520e-01 -7.343639731407165527e-01 3.894222676753997803e-01 9.991450309753417969e-01 4.304908812046051025e-01 -3.232442736625671387e-01 9.567105770111083984e-01 -2.014839053153991699e-01 5.515345335006713867e-01 -9.567644596099853516e-01 9.879918694496154785e-01 -6.027216315269470215e-01 -4.380043447017669678e-01 -7.162977755069732666e-02 1.939775347709655762e-01 7.606891393661499023e-01 -5.082329511642456055e-01 1.293735951185226440e-01 4.654892161488533020e-02 -4.027589261531829834e-01 6.780594587326049805e-01 1.212307531386613846e-02 4.111680686473846436e-01 3.583904355764389038e-02 2.360923737287521362e-01 9.587046690285205841e-03 -3.516190946102142334e-01 9.999835491180419922e-01 -1.069128215312957764e-01 -2.292978018522262573e-01 -6.023113727569580078e-01 9.897449016571044922e-01 9.780894517898559570e-01 6.959120184183120728e-02 -4.719728827476501465e-01 -8.289163708686828613e-01 -3.096755743026733398e-01 -4.233760833740234375e-01 1.395940333604812622e-01 9.816213846206665039e-01 2.347185164690017700e-01 9.989353418350219727e-01 6.164036393165588379e-01 8.482547998428344727e-01 -3.781091049313545227e-02 9.993509054183959961e-01 -2.663288712501525879e-01 9.917460083961486816e-01 -9.993005394935607910e-01 -9.890114665031433105e-01 -3.822968006134033203e-01 2.961104512214660645e-01 3.359250128269195557e-01 9.662099480628967285e-01 -9.910642504692077637e-01 7.622835040092468262e-01 -5.746695399284362793e-02 9.605253934860229492e-01 1.436770111322402954e-01 1.454375237226486206e-01 -9.344504475593566895e-01 -9.213008284568786621e-01 -5.278610810637474060e-02 -3.037234582006931305e-02 -4.094773232936859131e-01 -7.083370089530944824e-01 1.178525388240814209e-01 2.458010762929916382e-01 3.777776658535003662e-01 3.418291807174682617e-01 9.908591508865356445e-01 8.869972229003906250e-01 -1.153898090124130249e-01 -9.693074822425842285e-01 8.163191676139831543e-01 8.439780026674270630e-02 4.351618885993957520e-01 8.914119005203247070e-01 -8.908544778823852539e-01 2.970010638236999512e-01 9.883990883827209473e-01 4.354121983051300049e-01 -1.512398272752761841e-01 1.327928602695465088e-01 3.111189603805541992e-01 -7.971727848052978516e-01 3.096327185630798340e-01 -9.670288562774658203e-01 1.500423699617385864e-01 -9.877865910530090332e-01 -2.574809491634368896e-01 -2.338270694017410278e-01 8.388012647628784180e-01 1.835058629512786865e-01 1.525996476411819458e-01 6.940482556819915771e-02 4.482318162918090820e-01 9.897499680519104004e-01 1.949498057365417480e-01 -9.781012535095214844e-01 -1.059830114245414734e-01 4.170477986335754395e-01 1.988274231553077698e-02 9.715830087661743164e-01 9.999470710754394531e-01 -1.716823726892471313e-01 9.926654100418090820e-01 8.174434304237365723e-01 9.931218624114990234e-02 9.126371145248413086e-01 1.017369776964187622e-01 -2.588426470756530762e-01 1.062763705849647522e-01 3.916829824447631836e-01 -1.631567068397998810e-02 -5.054364204406738281e-01 3.118947744369506836e-01 9.998809099197387695e-01 -1.050485447049140930e-01 -3.137992024421691895e-01 -8.930799961090087891e-01 -8.711078166961669922e-01 9.344889521598815918e-01 -2.994311451911926270e-01 -3.084867000579833984e-01 2.756555676460266113e-01 -6.195237040519714355e-01 -2.265832424163818359e-01 8.861116170883178711e-01 9.992660284042358398e-01 -9.887557029724121094e-01 2.576952278614044189e-01 -3.875400498509407043e-02 9.990965127944946289e-01 -1.873751878738403320e-01 -9.773432016372680664e-01 9.997735619544982910e-01 -5.371289253234863281e-01 -8.235163092613220215e-01 9.583976268768310547e-01 -1.619057655334472656e-01 8.200912475585937500e-01 2.730490267276763916e-01 -9.894984960556030273e-01 -9.396623373031616211e-01 7.844040393829345703e-01 9.995624423027038574e-01 9.993312358856201172e-01 -1.258221715688705444e-01 3.501409292221069336e-01 -6.279501318931579590e-02 -9.994611740112304688e-01 -9.998284578323364258e-01 -9.938607215881347656e-01 3.491865694522857666e-01 -9.777864068746566772e-02 6.682259440422058105e-01 9.698947072029113770e-01 -9.937532544136047363e-01 -1.354078501462936401e-01 9.310743212699890137e-01 1.519493758678436279e-01 9.963372349739074707e-01 9.972243309020996094e-01 -9.830251336097717285e-01 3.522120714187622070e-01 9.955491423606872559e-01 -6.203700304031372070e-01 2.686365544795989990e-01 1.950624883174896240e-01 9.980697035789489746e-01 -8.949348330497741699e-02 2.397445291280746460e-01 7.153623551130294800e-02 -9.943681359291076660e-01 2.943549454212188721e-01 9.972189068794250488e-01 6.380804181098937988e-01 -3.059797286987304688e-01 1.817606240510940552e-01 3.978275954723358154e-01 2.363695800304412842e-01 9.996173381805419922e-01 1.553543508052825928e-01 -8.334802985191345215e-01 3.555789124220609665e-03 -6.975457072257995605e-01 -7.524141669273376465e-02 -3.615174889564514160e-01 -9.599814414978027344e-01 -5.933836102485656738e-01 -7.321455478668212891e-01 -2.160825878381729126e-01 9.962466955184936523e-01 -2.064045965671539307e-01 4.932611882686614990e-01 8.090670108795166016e-01 1.031717434525489807e-01 1.896368712186813354e-02 2.002157270908355713e-01 -4.814313352108001709e-01 -1.650124415755271912e-02 4.531122446060180664e-01 9.911830425262451172e-01 4.268196970224380493e-02 -3.001250028610229492e-01 3.258212506771087646e-01 -9.527773261070251465e-01 -4.110596776008605957e-01 4.082451760768890381e-01 9.998693466186523438e-01 2.296977639198303223e-01 4.831416308879852295e-01 3.092012405395507812e-01 -3.637367486953735352e-02 7.126871943473815918e-01 -9.963534772396087646e-02 3.731669187545776367e-01 1.630916073918342590e-02 -5.661898255348205566e-01 8.657484315335750580e-03 -1.850373744964599609e-01 3.937348723411560059e-02 -9.921713471412658691e-01 -2.103231698274612427e-01 -8.725725859403610229e-02 -7.741379737854003906e-02 3.174714744091033936e-01 -8.651109337806701660e-01 -2.894946634769439697e-01 5.750591754913330078e-01 2.724139690399169922e-01 2.178367972373962402e-01 -2.865574359893798828e-01 9.882431030273437500e-01 -2.035920768976211548e-01 6.993681788444519043e-01 7.128932476043701172e-01 -9.993603825569152832e-01 2.680083177983760834e-02 -1.713731884956359863e-02 -4.233504179865121841e-03 3.051196038722991943e-01 -3.994027674198150635e-01 9.670560061931610107e-02 -9.950440526008605957e-01 -1.523031108081340790e-02 9.910289049148559570e-01 -7.046745419502258301e-01 5.467634797096252441e-01 -5.452514439821243286e-02 4.845077693462371826e-01 -3.028693199157714844e-01 -4.316942095756530762e-01 5.622267723083496094e-01 -9.998977184295654297e-01 -1.148798838257789612e-01 -3.300778269767761230e-01 -2.213916331529617310e-01 -3.096484243869781494e-01 -6.457484960556030273e-01 9.836786389350891113e-01 -1.408664435148239136e-01 1.239892393350601196e-01 -8.133687376976013184e-01 2.342633903026580811e-01 -3.786919414997100830e-01 9.931320548057556152e-01 -8.693102002143859863e-01 -3.749355971813201904e-01 1.759420847520232201e-03 2.789511382579803467e-01 -9.853562712669372559e-01 -1.615569554269313812e-02 9.604837894439697266e-01 -9.980016350746154785e-01 -1.302298158407211304e-01 -2.341779172420501709e-01 1.800995022058486938e-01 2.183746695518493652e-01 -7.548974752426147461e-01 -6.996546387672424316e-01 4.452933967113494873e-01 1.535175368189811707e-02 9.828214645385742188e-01 -3.816409781575202942e-02 9.568932056427001953e-01 2.809872031211853027e-01 -9.984083175659179688e-01 -6.747633218765258789e-02 3.165104389190673828e-01 1.079695671796798706e-01 -1.101348325610160828e-01 1.922241449356079102e-01 -9.797964096069335938e-01 9.965299963951110840e-01 -9.998762607574462891e-01 -9.959176778793334961e-01 2.605007588863372803e-01 -3.175683319568634033e-02 -4.282087683677673340e-01 -2.844687104225158691e-01 -9.337709844112396240e-02 -1.126879975199699402e-01 -9.981243610382080078e-01 -9.818685650825500488e-01 2.259459793567657471e-01 -9.904916882514953613e-01 -9.551525115966796875e-01 -9.831073880195617676e-01 -4.887457191944122314e-02 -3.152328431606292725e-01 -2.624647915363311768e-01 5.859420895576477051e-01 4.224959388375282288e-02 2.166875451803207397e-01 9.950140714645385742e-01 8.496068418025970459e-02 -3.554561436176300049e-01 4.009659886360168457e-01 3.125299811363220215e-01 -1.184904947876930237e-01 9.972149729728698730e-01 -4.346935078501701355e-02 2.958524823188781738e-01 -9.896665811538696289e-01 7.345366477966308594e-02 7.259263992309570312e-01 9.997523427009582520e-01 8.603063821792602539e-01 -1.255667805671691895e-01 -9.998096823692321777e-01 -1.897038966417312622e-01 6.673589348793029785e-01 -9.606206417083740234e-01 4.535861015319824219e-01 1.455554962158203125e-01 4.148940742015838623e-01 -9.717468023300170898e-01 1.451213005930185318e-02 4.255197644233703613e-01 -9.540225863456726074e-01 7.888617515563964844e-01 -2.072076499462127686e-01 2.499559968709945679e-01 2.205187529325485229e-01 1.263644099235534668e-01 2.007223963737487793e-01 -8.910020589828491211e-01 -6.922178268432617188e-01 -3.869702816009521484e-01 -1.820424646139144897e-01 -3.655427396297454834e-01 -1.628882884979248047e-01 -9.999982118606567383e-01 2.388735115528106689e-01 -8.612372279167175293e-01 1.178136914968490601e-01 4.922847077250480652e-02 -3.086463510990142822e-01 4.441973194479942322e-02 -9.933996200561523438e-01 9.999507069587707520e-01 -5.931944251060485840e-01 2.762597501277923584e-01 2.042819857597351074e-01 -2.907858788967132568e-01 1.658703386783599854e-01 -9.404101371765136719e-01 9.359593987464904785e-01 -7.731662988662719727e-01 -7.647766172885894775e-02 1.601392477750778198e-01 2.577917091548442841e-02 -9.580754041671752930e-01
5.216951966285705566e-01 7.482544779777526855e-01 -3.566449880599975586e-01 2.760962843894958496e-01 1.700753569602966309e-01 -8.356972336769104004e-01 9.962331056594848633e-01 -9.959387183189392090e-01 -4.613622426986694336e-01 -9.969897866249084473e-01 -3.720483183860778809e-01 -8.085159659385681152e-01 -3.065939843654632568e-01 -9.902467727661132812e-01 -8.030228614807128906e-01 -6.474365293979644775e-02 1.923564821481704712e-01 2.456387728452682495e-01 -8.339704871177673340e-01 -1.428511440753936768e-01 8.156604766845703125e-01 1.292527168989181519e-01 8.913832306861877441e-01 -2.011199444532394409e-01 9.993696808815002441e-01 9.880722761154174805e-01 -2.064136117696762085e-01 -6.283955574035644531e-01 1.904505938291549683e-01 8.395739197731018066e-01 9.696239829063415527e-01 3.176091238856315613e-02 5.336388349533081055e-01 -2.439743727445602417e-01 -9.229895472526550293e-01 -4.742620885372161865e-01 3.849947154521942139e-01 -2.803005278110504150e-01 9.992743730545043945e-01 -4.834249019622802734e-01 -2.052696049213409424e-01 -9.835105389356613159e-02 3.389732539653778076e-01 -9.963374733924865723e-01 -1.361148506402969360e-01 8.956474661827087402e-01 -9.991356730461120605e-01 -4.377760589122772217e-01 5.700032114982604980e-01 -5.356416702270507812e-01 7.108156681060791016e-01 2.352123521268367767e-02 9.895520806312561035e-01 -2.287140041589736938e-01 -2.332619428634643555e-01 5.373278856277465820e-01 1.179534345865249634e-01 -4.711830615997314453e-01 -9.996316432952880859e-01 2.620618417859077454e-02 -7.567942887544631958e-02 -1.637059599161148071e-01 8.400492668151855469e-01 3.424722254276275635e-01 -2.650628983974456787e-01 -9.333625435829162598e-01 7.701789736747741699e-01 1.542865782976150513e-01 2.270406186580657959e-01 9.253810644149780273e-01 8.592839241027832031e-01 9.999649524688720703e-01 -8.226707577705383301e-01 -9.301634430885314941e-01 -6.041243076324462891e-01 -2.844553887844085693e-01 4.394401237368583679e-02 -7.314607501029968262e-01 6.464680433273315430e-01 -5.598062276840209961e-02 -9.908075332641601562e-01 -3.756151199340820312e-01 9.962039589881896973e-01 -3.337028026580810547e-01 8.583967089653015137e-01 -9.769055843353271484e-01 2.819558791816234589e-02 -3.750443458557128906e-02 -5.687367320060729980e-01 4.240531623363494873e-01 -9.359777569770812988e-01 3.115067183971405029e-01 1.353091746568679810e-01 -9.979076385498046875e-01 -9.179096817970275879e-01 9.725747704505920410e-01 9.706423282623291016e-01 -2.392981499433517456e-01 -9.995169639587402344e-01 4.995219409465789795e-02 -8.393016457557678223e-01 -8.020088672637939453e-01 5.848518013954162598e-01 1.129116490483283997e-01 -1.437523514032363892e-01 -1.789828091859817505e-01 7.523019909858703613e-01 6.517190337181091309e-01 -5.817440748214721680e-01 6.194703578948974609e-01 3.034520447254180908e-01 2.708221971988677979e-01 -9.808232188224792480e-01 -9.649705290794372559e-01 -2.447984665632247925e-01 2.629362642765045166e-01 -9.943017959594726562e-01 7.090597748756408691e-01 -3.585732355713844299e-02 9.569125175476074219e-01 -4.031711220741271973e-01 -3.596074283123016357e-01 -9.032330513000488281e-01 9.421755075454711914e-01 -5.411162376403808594e-01 -2.753959596157073975e-01 -9.925819635391235352e-01 -2.223306894302368164e-01 -4.718450605869293213e-01 -5.158157348632812500e-01 9.878962635993957520e-01 4.349465668201446533e-01 9.460228085517883301e-01 3.585592508316040039e-01 6.086298823356628418e-01 -9.878955483436584473e-01 8.488559126853942871e-01 -9.866511225700378418e-01 -4.729557633399963379e-01 5.526978373527526855e-01 9.995846152305603027e-01 4.133234322071075439e-01 -1.160196065902709961e-01 9.520918726921081543e-01 -5.744484066963195801e-02 7.687156796455383301e-01 -9.799922704696655273e-01 9.688010811805725098e-01 3.343953192234039307e-01 -2.775225043296813965e-01 -2.636956870555877686e-01 -5.009405016899108887e-01 8.913956284523010254e-01 -6.083085536956787109e-01 2.870746850967407227e-01 -2.773107886314392090e-01 -8.038957118988037109e-01 8.950871229171752930e-01 2.577816843986511230e-01 6.876333355903625488e-01 -9.381936490535736084e-02 4.633173942565917969e-01 -3.294870853424072266e-01 -7.076502442359924316e-01 9.999979734420776367e-01 -6.029412150382995605e-01 -5.797467231750488281e-01 -6.673991680145263672e-01 9.689947962760925293e-01 -6.049429774284362793e-01 -2.146580256521701813e-02 -9.230285286903381348e-01 -9.980078339576721191e-01 -8.381835222244262695e-01 -2.989729940891265869e-01 1.374299228191375732e-01 7.118270397186279297e-01 1.887930780649185181e-01 9.950973987579345703e-01 9.997889399528503418e-01 9.780067205429077148e-01 -3.455426990985870361e-01 9.981285929679870605e-01 -7.504984736442565918e-01 9.455521106719970703e-01 -9.871252179145812988e-01 -9.503014683723449707e-01 9.700489044189453125e-01 3.690279126167297363e-01 9.564376473426818848e-01 -6.738315802067518234e-03 -9.962118864059448242e-01 -3.114497363567352295e-01 -3.827470541000366211e-01 9.808987379074096680e-01 -4.334634914994239807e-02 -1.283410340547561646e-01 -9.572612643241882324e-01 3.073427379131317139e-01 2.324386537075042725e-01 -3.209063112735748291e-01 -5.923526287078857422e-01 -2.700034528970718384e-02 6.519677042961120605e-01 1.016168817877769470e-01 9.114525318145751953e-01 -7.229904085397720337e-02 9.838297963142395020e-01 9.838086366653442383e-01 -3.788372576236724854e-01 -6.723119020462036133e-01 1.705982536077499390e-01 1.559087485074996948e-01 7.379314899444580078e-01 9.704101681709289551e-01 -3.515780270099639893e-01 -2.180587733164429665e-03 8.491469025611877441e-01 8.537825345993041992e-01 2.662106156349182129e-01 -7.824262380599975586e-01 -5.798070877790451050e-02 -6.844407320022583008e-01 6.966405510902404785e-01 -9.638302922248840332e-01 -8.296465873718261719e-02 -9.756971597671508789e-01 -8.174666762351989746e-02 5.472009778022766113e-01 9.963627457618713379e-01 -1.840699762105941772e-01 3.735871016979217529e-01 -1.584835499525070190e-01 4.875691533088684082e-01 9.390144944190979004e-01 5.396708846092224121e-01 3.201602399349212646e-01 -3.425481021404266357e-01 5.861527919769287109e-01 4.894147217273712158e-01 8.398378491401672363e-01 9.999623298645019531e-01 -6.577546000480651855e-01 8.628571033477783203e-01 9.794373512268066406e-01 1.368231326341629028e-01 9.942831993103027344e-01 4.262609779834747314e-01 -4.965499415993690491e-02 3.928092122077941895e-01 6.975286602973937988e-01 -3.055849075317382812e-01 -3.131274878978729248e-01 3.710983395576477051e-01 9.996578693389892578e-01 -4.891346395015716553e-01 -2.155630886554718018e-01 -9.968327879905700684e-01 -7.898262143135070801e-01 7.514128684997558594e-01 -1.190980225801467896e-01 -9.717750549316406250e-01 4.672190248966217041e-01 -5.848523378372192383e-01 2.627252042293548584e-01 9.037356972694396973e-01 9.220233559608459473e-01 -9.921769499778747559e-01 -2.384424805641174316e-01 -7.699402421712875366e-02 9.995707869529724121e-01 4.789328575134277344e-02 -9.948894381523132324e-01 9.999147653579711914e-01 -5.923674106597900391e-01 -8.998376131057739258e-01 9.879081845283508301e-01 2.461866736412048340e-01 9.274329543113708496e-01 4.620557427406311035e-01 -9.867528080940246582e-01 -9.156219959259033203e-01 9.150249958038330078e-01 9.811668395996093750e-01 8.293223977088928223e-01 -7.083052396774291992e-02 2.926461100578308105e-01 4.676001369953155518e-01 -9.978406429290771484e-01 -9.999895691871643066e-01 -9.538544416427612305e-01 5.356851816177368164e-01 6.150235533714294434e-01 -5.853569507598876953e-01 9.842703938484191895e-01 -9.975587129592895508e-01 -3.638624399900436401e-02 9.759315848350524902e-01 -2.186960726976394653e-02 9.977399706840515137e-01 9.751127362251281738e-01 -9.991403818130493164e-01 -2.868541181087493896e-01 9.888302087783813477e-01 -5.805432200431823730e-01 7.233406901359558105e-01 -1.527037024497985840e-01 9.912080168724060059e-01 1.428440958261489868e-01 2.877670824527740479e-01 -9.119287878274917603e-02 -9.370195269584655762e-01 5.147744417190551758e-01 9.609583020210266113e-01 3.293730616569519043e-01 -3.207337856292724609e-01 -1.349735558032989502e-01 7.411056756973266602e-01 5.957757234573364258e-01 9.995739459991455078e-01 5.549893379211425781e-01 -8.813694119453430176e-01 -4.752244800329208374e-02 -8.555868864059448242e-01 -2.358770668506622314e-01 -6.469700336456298828e-01 -9.971969127655029297e-01 1.244094371795654297e-01 -8.603729009628295898e-01 3.036958873271942139e-01 8.765352964401245117e-01 -1.469049006700515747e-01 2.514021694660186768e-01 5.953781008720397949e-01 2.129271328449249268e-01 6.040347218513488770e-01 -1.875215768814086914e-01 -6.571633368730545044e-02 -8.557638525962829590e-01 2.753338031470775604e-02 9.999463558197021484e-01 -2.760025560855865479e-01 -6.355596780776977539e-01 8.621950745582580566e-01 -9.359818696975708008e-01 9.847896695137023926e-01 8.032669425010681152e-01 9.993430972099304199e-01 2.345098853111267090e-01 7.807094454765319824e-01 5.957306623458862305e-01 1.833120435476303101e-01 8.982029557228088379e-01 -2.835985422134399414e-01 8.717640638351440430e-01 -6.246823444962501526e-02 -2.048762589693069458e-01 -2.046159803867340088e-01 -5.630754828453063965e-01 4.617037475109100342e-01 1.078454405069351196e-01 -8.214228153228759766e-01 -3.615974783897399902e-01 -2.251725643873214722e-01 2.667075395584106445e-01 -5.612998604774475098e-01 -8.444367051124572754e-01 6.175445914268493652e-01 4.108069539070129395e-01 5.570207834243774414e-01 1.821998506784439087e-02 9.705654382705688477e-01 -5.530010461807250977e-01 4.557201564311981201e-01 3.252266943454742432e-01 -9.997629523277282715e-01 4.045034646987915039e-01 2.604810595512390137e-01 -2.158400788903236389e-02 2.277635782957077026e-01 5.421312153339385986e-02 3.850223124027252197e-01 -9.954517483711242676e-01 4.355569183826446533e-01 9.927560091018676758e-01 -4.831500351428985596e-01 6.455849409103393555e-01 -3.020989894866943359e-01 7.331209182739257812e-01 -5.567256808280944824e-01 -3.868388533592224121e-01 -8.953822255134582520e-01 -9.999030232429504395e-01 -2.536470293998718262e-01 -3.032840192317962646e-01 -6.839141845703125000e-01 5.473836511373519897e-02 -7.270430326461791992e-01 9.312865138053894043e-01 2.658926248550415039e-01 7.751176357269287109e-01 -6.872555017471313477e-01 6.683611273765563965e-01 -5.811733603477478027e-01 -6.461889147758483887e-01 -9.955761432647705078e-01 -8.209532499313354492e-01 -3.209503591060638428e-01 5.155878067016601562e-01 -9.972338676452636719e-01 8.272582888603210449e-01 9.954929351806640625e-01 -5.902429819107055664e-01 1.675820648670196533e-01 -3.768509030342102051e-01 6.940909028053283691e-01 4.744959473609924316e-01 -7.126680612564086914e-01 -6.105206608772277832e-01 -7.637827396392822266e-01 -6.361434459686279297e-01 6.876509785652160645e-01 9.080123156309127808e-02 9.373509883880615234e-01 4.832340180873870850e-01 -9.801825284957885742e-01 -3.609877526760101318e-01 7.050086259841918945e-01 2.310090810060501099e-01 -4.181265458464622498e-02 7.964339256286621094e-01 -9.998610019683837891e-01 8.873468041419982910e-01 -9.999679923057556152e-01 -9.975051879882812500e-01 3.535456955432891846e-01 -7.290024161338806152e-01 -7.845795154571533203e-01 1.535582840442657471e-01 -4.884085655212402344e-01 1.208178251981735229e-01 -9.983168840408325195e-01 -9.960545897483825684e-01 2.325812578201293945e-01 -9.959604740142822266e-01 -8.262580633163452148e-01 -9.571199417114257812e-01 7.597159743309020996e-01 -3.926801979541778564e-01 3.971168994903564453e-01 6.924274563789367676e-01 -1.526335328817367554e-01 3.237463235855102539e-01 9.982509613037109375e-01 3.044795393943786621e-01 9.647409915924072266e-01 6.864097714424133301e-01 2.514691650867462158e-01 3.893961608409881592e-01 9.812010526657104492e-01 -1.155612617731094360e-01 6.130679249763488770e-01 -9.912313222885131836e-01 2.717612683773040771e-01 8.575446009635925293e-01 9.998008608818054199e-01 7.045742273330688477e-01 9.940541386604309082e-01 -9.998577237129211426e-01 -4.171150028705596924e-01 7.496767640113830566e-01 5.401463508605957031e-01 8.278511762619018555e-01 1.488521043211221695e-02 2.763245403766632080e-01 -9.786605834960937500e-01 -8.435624241828918457e-01 5.832064747810363770e-01 -9.727301001548767090e-01 9.965767860412597656e-01 2.488653212785720825e-01 1.581151485443115234e-01 5.683177113533020020e-01 2.989838123321533203e-01 1.234223414212465286e-02 -9.772551059722900391e-01 -9.354607462882995605e-01 -7.538359165191650391e-01 1.781033575534820557e-01 -4.872784614562988281e-01 -5.425834655761718750e-01 -9.999957680702209473e-01 -5.024714469909667969e-01 2.863606214523315430e-01 4.371587336063385010e-01 -3.117186427116394043e-01 4.210743010044097900e-01 2.722412943840026855e-01 3.315338492393493652e-01 9.999865293502807617e-01 -8.765288591384887695e-01 1.589419096708297729e-01 1.763170510530471802e-01 -2.419166862964630127e-01 1.547592729330062866e-01 -8.165584802627563477e-01 -3.094456195831298828e-01 2.704250514507293701e-01 7.563275098800659180e-02 6.644891947507858276e-02 -3.044809103012084961e-01 -8.046057820320129395e-01
9.737027883529663086e-01 -2.875582873821258545e-02 -5.114916712045669556e-02 1.832161843776702881e-01 -2.246000170707702637e-01 9.627673625946044922e-01 9.969769120216369629e-01 -9.988430142402648926e-01 -2.642447948455810547e-01 -9.758378267288208008e-01 1.382015049457550049e-01 -9.590940475463867188e-01 4.211050570011138916e-01 -9.769530296325683594e-01 -6.646657586097717285e-01 -2.511181533336639404e-01 -3.147668763995170593e-02 2.490498721599578857e-01 -4.602217376232147217e-01 -2.973634004592895508e-01 3.890849053859710693e-01 4.087931513786315918e-01 3.366882726550102234e-02 4.683808609843254089e-02 9.884766936302185059e-01 9.859833121299743652e-01 -2.180780470371246338e-01 -3.246086239814758301e-01 3.998632356524467468e-02 7.718917727470397949e-01 8.080176711082458496e-01 3.815492689609527588e-01 2.725078165531158447e-01 -1.711494177579879761e-01 -9.972178339958190918e-01 -6.839855760335922241e-02 -4.006391167640686035e-01 -3.583016097545623779e-01 9.973168373107910156e-01 -2.688539326190948486e-01 -4.523115232586860657e-02 -2.353307604789733887e-01 1.881729215383529663e-01 -9.967615604400634766e-01 3.244844824075698853e-02 9.009143114089965820e-01 -9.974782466888427734e-01 -2.142291069030761719e-01 -4.171713888645172119e-01 -3.749484121799468994e-01 9.971339702606201172e-01 -4.637416824698448181e-02 9.839617609977722168e-01 -2.023902386426925659e-01 -1.202531829476356506e-01 2.935608029365539551e-01 -2.925026416778564453e-01 -3.195233047008514404e-01 -9.997186660766601562e-01 -9.862552285194396973e-01 -2.199762016534805298e-01 -1.351254135370254517e-01 9.935528635978698730e-01 1.321893930435180664e-01 -1.820040196180343628e-01 -9.617630839347839355e-01 8.963370323181152344e-01 4.565016925334930420e-01 5.199992284178733826e-02 7.558711767196655273e-01 9.564008712768554688e-01 9.999361038208007812e-01 -9.337139725685119629e-01 -5.319784879684448242e-01 -9.532603025436401367e-01 -4.384465217590332031e-01 1.541924923658370972e-01 9.133371114730834961e-01 2.045634984970092773e-01 -8.349502086639404297e-02 -9.998311996459960938e-01 -1.121999043971300125e-02 9.706087112426757812e-01 1.644181162118911743e-01 8.931604027748107910e-01 -9.227489829063415527e-01 1.221334338188171387e-01 4.244401156902313232e-01 -2.039000242948532104e-01 1.798601895570755005e-01 -9.608474373817443848e-01 -1.506814956665039062e-01 2.847743630409240723e-01 -9.674360752105712891e-01 -9.431595206260681152e-01 4.751820862293243408e-01 2.743030190467834473e-01 7.034911215305328369e-02 -9.995839595794677734e-01 -1.527680009603500366e-01 2.601620741188526154e-02 -9.798571467399597168e-01 -9.813997894525527954e-02 7.604240626096725464e-02 3.889448046684265137e-01 1.613726168870925903e-01 7.453362941741943359e-01 3.612142503261566162e-01 -5.251247286796569824e-01 -3.706311881542205811e-01 3.582987189292907715e-01 5.315661430358886719e-01 -9.038171172142028809e-02 -9.784481525421142578e-01 -1.920860558748245239e-01 -1.938847452402114868e-02 -9.501487612724304199e-01 7.006870508193969727e-01 3.098357915878295898e-01 9.803746342658996582e-01 -7.520626783370971680e-01 4.379690065979957581e-02 -9.145662188529968262e-01 9.915135502815246582e-01 -5.584965646266937256e-02 2.922712564468383789e-01 -8.188288211822509766e-01 -2.039889395236968994e-01 -1.175996139645576477e-01 -4.401671588420867920e-01 9.896932244300842285e-01 7.741459012031555176e-01 9.387519955635070801e-01 1.234124675393104553e-01 2.138007283210754395e-01 -9.751064181327819824e-01 9.309513568878173828e-01 -9.931838512420654297e-01 -8.553053140640258789e-01 1.515330225229263306e-01 9.999772906303405762e-01 2.155201435089111328e-01 -4.979466646909713745e-02 4.146817624568939209e-01 8.008524775505065918e-02 9.264713525772094727e-01 -8.377317786216735840e-01 9.746646285057067871e-01 -6.874172687530517578e-01 -3.702269196510314941e-01 -2.682563662528991699e-01 1.481682211160659790e-01 2.103939056396484375e-01 -4.214363098144531250e-01 1.520470380783081055e-01 -1.555837988853454590e-01 -6.603518724441528320e-01 9.679047465324401855e-01 1.680307835340499878e-01 2.362003773450851440e-01 -1.544458419084548950e-01 -6.780129671096801758e-02 -2.823418974876403809e-01 -3.439118564128875732e-01 9.999978542327880859e-01 -1.412985622882843018e-01 -1.130119636654853821e-01 -3.305386602878570557e-01 9.718934893608093262e-01 -6.773992180824279785e-01 3.531645517796278000e-03 -9.007754325866699219e-01 -9.938992261886596680e-01 -7.712250947952270508e-01 -1.472399085760116577e-01 -2.247026860713958740e-01 5.601920485496520996e-01 -6.045619398355484009e-02 9.944408535957336426e-01 9.778175950050354004e-01 9.860333800315856934e-01 8.281508833169937134e-02 9.973117709159851074e-01 -8.256199955940246582e-01 8.854458928108215332e-01 -9.943258762359619141e-01 -7.728281021118164062e-01 9.315952062606811523e-01 5.474159717559814453e-01 9.669991135597229004e-01 5.307665467262268066e-01 -9.830865263938903809e-01 -9.557019472122192383e-01 1.110418960452079773e-01 9.829949140548706055e-01 -1.557744890451431274e-01 -7.887428998947143555e-01 -9.624654650688171387e-01 9.075988084077835083e-02 3.183785378932952881e-01 -2.666259706020355225e-01 -3.471792936325073242e-01 1.854342669248580933e-01 1.692884266376495361e-01 3.235124945640563965e-01 9.440962076187133789e-01 1.909591704607009888e-01 9.776458740234375000e-01 9.970426559448242188e-01 3.845450282096862793e-02 -9.170081019401550293e-01 -6.974944472312927246e-01 -2.017289102077484131e-01 5.291580557823181152e-01 9.795121550559997559e-01 -9.963260889053344727e-01 3.910565376281738281e-01 9.838431477546691895e-01 8.293795585632324219e-01 2.141994684934616089e-01 -9.643490314483642578e-01 2.890942692756652832e-01 -9.947893619537353516e-01 4.291111230850219727e-01 -6.841627955436706543e-01 -9.437298178672790527e-01 -9.816056489944458008e-01 -5.157615616917610168e-02 -5.164813995361328125e-01 9.353603124618530273e-01 -3.104522526264190674e-01 3.018095195293426514e-01 2.383052855730056763e-01 2.389951050281524658e-01 9.075121879577636719e-01 5.439156293869018555e-01 -7.994019985198974609e-01 -3.648733794689178467e-01 1.599333882331848145e-01 1.873312443494796753e-01 9.944550991058349609e-01 9.999802112579345703e-01 -3.626994192600250244e-01 9.604131579399108887e-01 9.222239255905151367e-01 1.699383854866027832e-01 9.750705957412719727e-01 8.136259019374847412e-02 2.782565951347351074e-01 -8.378729969263076782e-02 4.637145102024078369e-01 -6.664958596229553223e-02 1.429209858179092407e-01 1.980195939540863037e-02 9.995326399803161621e-01 -2.107587605714797974e-01 -2.483519762754440308e-01 -9.979112744331359863e-01 -5.204585790634155273e-01 3.583172261714935303e-01 -1.250656135380268097e-02 -9.984841942787170410e-01 -6.362118571996688843e-02 -3.583751618862152100e-01 -6.426915526390075684e-02 9.435070157051086426e-01 9.941764473915100098e-01 -9.717832803726196289e-01 6.908673048019409180e-02 -8.910853415727615356e-02 9.652194380760192871e-01 -1.598429381847381592e-01 -9.883077740669250488e-01 9.999888539314270020e-01 -4.666907191276550293e-01 -9.938633441925048828e-01 9.959156513214111328e-01 -1.341393291950225830e-01 9.336068630218505859e-01 2.258800566196441650e-01 -9.378229975700378418e-01 -9.897578358650207520e-01 9.337028861045837402e-01 9.965549111366271973e-01 5.809362530708312988e-01 -3.030839860439300537e-01 2.908335328102111816e-01 -8.208267390727996826e-02 -9.994046688079833984e-01 -9.988850355148315430e-01 -6.707863211631774902e-01 3.760664761066436768e-01 3.060229718685150146e-01 6.323115825653076172e-01 9.974080920219421387e-01 -9.774582386016845703e-01 1.635136604309082031e-01 9.269422888755798340e-01 -9.362325817346572876e-02 9.990175366401672363e-01 9.980428218841552734e-01 -9.492421150207519531e-01 -1.882572323083877563e-01 9.906086921691894531e-01 -3.532147109508514404e-01 7.889737486839294434e-01 -3.693009316921234131e-01 9.921846985816955566e-01 -9.291998744010925293e-01 -1.360116619616746902e-02 -5.431734025478363037e-02 -8.329113125801086426e-01 6.631880253553390503e-02 9.901548624038696289e-01 3.016341030597686768e-01 5.322239547967910767e-02 -1.168625988066196442e-02 1.791401952505111694e-01 1.567061692476272583e-01 9.998653531074523926e-01 8.531123399734497070e-02 6.362001299858093262e-01 -1.589824855327606201e-01 -5.617309808731079102e-01 -3.965908885002136230e-01 -5.437521338462829590e-01 -9.918509721755981445e-01 1.079045534133911133e-01 -8.862563371658325195e-01 -4.531128108501434326e-01 9.911852478981018066e-01 -1.284546256065368652e-01 -2.654114365577697754e-01 -5.118135809898376465e-01 1.526062190532684326e-01 7.064319401979446411e-02 1.137020811438560486e-01 -8.977428078651428223e-01 -8.967937231063842773e-01 4.451894164085388184e-01 9.995537996292114258e-01 -2.965057492256164551e-01 -1.853518486022949219e-01 9.791039228439331055e-01 -9.954513311386108398e-01 -1.793621331453323364e-01 8.021803498268127441e-01 9.997935295104980469e-01 -8.953199535608291626e-02 4.965305626392364502e-01 1.240805387496948242e-01 1.981139332056045532e-01 8.515120148658752441e-01 -3.960875794291496277e-02 8.245728611946105957e-01 -5.413957871496677399e-03 5.890462398529052734e-01 -1.167947575449943542e-01 -1.822291761636734009e-01 -5.531050637364387512e-02 -9.947840571403503418e-01 -7.661637067794799805e-01 -4.304423332214355469e-01 -1.519453823566436768e-01 3.153564035892486572e-02 -9.956806302070617676e-01 -7.874712347984313965e-01 7.289764285087585449e-02 3.449983000755310059e-01 5.288918018341064453e-01 -1.065744683146476746e-01 9.614997506141662598e-01 -2.326770424842834473e-01 5.476381778717041016e-01 1.011981666088104248e-01 -9.965783357620239258e-01 3.931089639663696289e-01 2.802256643772125244e-01 1.438991446048021317e-02 7.599741220474243164e-02 8.087421655654907227e-01 9.974588453769683838e-02 -9.108176231384277344e-01 1.436366587877273560e-01 9.984824061393737793e-01 -4.506711661815643311e-01 5.264991521835327148e-01 -2.235057651996612549e-01 8.415610790252685547e-01 -3.968214988708496094e-01 -3.012326657772064209e-01 -1.908407174050807953e-02 -9.994058609008789062e-01 -2.129880040884017944e-01 -3.226162195205688477e-01 -1.107432544231414795e-01 2.402409911155700684e-02 -6.255709528923034668e-01 9.836221933364868164e-01 -8.452495187520980835e-02 7.803918421268463135e-02 -6.090481281280517578e-01 3.527919054031372070e-01 -2.617682516574859619e-01 8.914768099784851074e-01 -9.967340230941772461e-01 -6.683533191680908203e-01 5.452788248658180237e-02 5.120468735694885254e-01 -9.992188215255737305e-01 9.132821559906005859e-01 9.866517186164855957e-01 -9.864364266395568848e-01 2.003925666213035583e-02 4.832133352756500244e-01 5.025731921195983887e-01 4.619653820991516113e-01 -3.949312567710876465e-01 -3.032606244087219238e-01 -9.936416149139404297e-01 -2.724533081054687500e-01 8.404487967491149902e-01 6.267479062080383301e-02 9.887437820434570312e-01 1.826647967100143433e-01 -9.791458249092102051e-01 2.389843575656414032e-03 3.948791325092315674e-01 -1.410800963640213013e-01 6.957263499498367310e-02 4.080144762992858887e-01 -9.994878768920898438e-01 6.063714027404785156e-01 -9.999009966850280762e-01 -9.059948921203613281e-01 6.027317643165588379e-01 -7.320765852928161621e-01 -4.496166408061981201e-01 1.481109857559204102e-01 -1.890992224216461182e-01 -3.621865436434745789e-02 -9.939291477203369141e-01 -8.813367486000061035e-01 -7.919631898403167725e-02 -9.620751142501831055e-01 -9.824931025505065918e-01 -9.944536685943603516e-01 3.401916921138763428e-01 -6.078671813011169434e-01 -9.019076079130172729e-02 3.163769543170928955e-01 3.477765619754791260e-01 9.671417623758316040e-02 9.968685507774353027e-01 5.089986920356750488e-01 9.911909103393554688e-01 2.080593556165695190e-01 -1.174369901418685913e-01 -1.249933615326881409e-02 9.779404997825622559e-01 7.205419540405273438e-01 5.139583945274353027e-01 -9.969491958618164062e-01 8.057465311139822006e-04 8.883307576179504395e-01 9.988185167312622070e-01 9.379733800888061523e-01 9.933483600616455078e-01 -9.999516606330871582e-01 -1.847610324621200562e-01 3.908257484436035156e-01 4.404638707637786865e-02 6.682254076004028320e-01 3.054086267948150635e-01 3.342291414737701416e-01 -9.980701804161071777e-01 -9.656890630722045898e-01 1.031340807676315308e-01 -9.603446722030639648e-01 9.975227117538452148e-01 -2.836775779724121094e-01 -2.224535048007965088e-01 1.773336231708526611e-01 1.878232657909393311e-01 1.194000020623207092e-01 -9.127039313316345215e-01 -9.887548685073852539e-01 -3.931264579296112061e-01 -2.998890876770019531e-01 -3.495731204748153687e-02 -3.183418512344360352e-01 -9.999986886978149414e-01 -8.834574818611145020e-01 -5.008761286735534668e-01 2.419040650129318237e-01 -2.015734277665615082e-02 2.744603157043457031e-01 2.881440520286560059e-01 -1.392865926027297974e-01 9.997546076774597168e-01 -9.207276701927185059e-01 -1.510419533587992191e-03 3.670567870140075684e-01 -2.344820946455001831e-01 -1.699398905038833618e-01 -8.812324404716491699e-01 7.523767352104187012e-01 -8.452174067497253418e-01 1.925917267799377441e-01 2.831619083881378174e-01 -2.127032876014709473e-01 -7.394693493843078613e-01
-5.828024148941040039e-01 6.965121626853942871e-01 -1.399984210729598999e-01 3.278941214084625244e-01 4.931485354900360107e-01 2.597573697566986084e-01 9.856390357017517090e-01 -9.981417059898376465e-01 -2.995735704898834229e-01 -9.996215105056762695e-01 -1.910557746887207031e-01 -8.825573921203613281e-01 -2.722658682614564896e-03 -9.944308996200561523e-01 -8.274932503700256348e-01 -9.782028943300247192e-02 2.670031785964965820e-01 2.976869344711303711e-01 -8.624459505081176758e-01 -3.419124484062194824e-01 8.502906560897827148e-01 1.096284687519073486e-01 8.874633908271789551e-01 -3.122783452272415161e-02 9.991919398307800293e-01 9.852020144462585449e-01 -1.393829882144927979e-01 -6.547866463661193848e-01 1.858870238065719604e-01 2.363197356462478638e-01 9.992561340332031250e-01 -2.250598818063735962e-01 5.790604352951049805e-01 -1.729129701852798462e-01 -9.588645100593566895e-01 -5.107107758522033691e-01 -4.617094993591308594e-02 -3.672176599502563477e-01 9.996381402015686035e-01 -4.456556439399719238e-01 -2.289339751005172729e-01 -5.122480168938636780e-02 3.457555472850799561e-01 -9.981293082237243652e-01 5.374702811241149902e-02 6.439725160598754883e-01 -9.988455772399902344e-01 -1.439863145351409912e-01 7.365937829017639160e-01 -5.152282118797302246e-01 6.425218582153320312e-01 1.241900846362113953e-01 9.901583790779113770e-01 -3.047796189785003662e-01 -6.688256859779357910e-01 3.727663159370422363e-01 1.694187819957733154e-01 -3.458488583564758301e-01 -9.989722371101379395e-01 -3.601130545139312744e-01 -1.286814510822296143e-01 -1.017112433910369873e-01 9.726395010948181152e-01 2.053314000368118286e-01 -2.412558645009994507e-01 -9.298509359359741211e-01 9.320695996284484863e-01 -1.134559735655784607e-01 1.047238931059837341e-01 7.593805193901062012e-01 9.339154362678527832e-01 9.998398423194885254e-01 -9.044889211654663086e-01 -7.025639414787292480e-01 -9.512097835540771484e-01 -4.434116780757904053e-01 8.601452223956584930e-03 -7.038695812225341797e-01 5.428333282470703125e-01 -9.244276583194732666e-02 -9.954853057861328125e-01 -2.482115626335144043e-01 9.973600506782531738e-01 -6.115947961807250977e-01 4.520658552646636963e-01 -9.808824062347412109e-01 1.209261044859886169e-01 -5.414988379925489426e-03 -5.618324875831604004e-01 3.679661452770233154e-01 -7.616780996322631836e-01 2.580518126487731934e-01 2.576426267623901367e-01 -9.996293783187866211e-01 -5.689358711242675781e-01 8.097714781761169434e-01 9.591367840766906738e-01 -3.303679525852203369e-01 -9.998340010643005371e-01 4.932479187846183777e-02 -2.377876788377761841e-01 -4.421313107013702393e-01 -2.552708983421325684e-01 -1.370664983987808228e-01 -2.250058650970458984e-01 -5.734441429376602173e-02 5.499440431594848633e-01 5.624340772628784180e-01 -6.576833724975585938e-01 -3.637971580028533936e-01 2.049418985843658447e-01 1.619353294372558594e-01 -9.858366250991821289e-01 -8.459704518318176270e-01 -1.420506685972213745e-01 1.382917761802673340e-01 -9.967972636222839355e-01 1.228847727179527283e-01 4.133009165525436401e-02 9.376320242881774902e-01 -4.540885686874389648e-01 -2.664145827293395996e-01 -9.066249132156372070e-01 9.409973025321960449e-01 -5.442034006118774414e-01 -5.433940291404724121e-01 -9.857016205787658691e-01 -1.817438006401062012e-01 -4.554152488708496094e-01 -3.231869041919708252e-01 9.898298978805541992e-01 3.616527020931243896e-01 7.185917496681213379e-01 1.257328987121582031e-01 6.572729349136352539e-01 -9.937918782234191895e-01 8.723487257957458496e-01 -9.664692282676696777e-01 5.781153440475463867e-01 3.492538034915924072e-01 9.992586374282836914e-01 3.784068822860717773e-01 -7.718288153409957886e-02 9.228382110595703125e-01 -9.285609424114227295e-02 7.661263346672058105e-01 -9.561307430267333984e-01 9.883738160133361816e-01 -1.068588122725486755e-01 -3.018451631069183350e-01 -1.007657423615455627e-01 -4.715012609958648682e-01 8.762667775154113770e-01 -5.465274453163146973e-01 3.456085324287414551e-01 -3.096355497837066650e-01 -4.003771543502807617e-01 9.306052327156066895e-01 2.283356934785842896e-01 4.747179746627807617e-01 5.965843424201011658e-02 5.089052319526672363e-01 -2.194296568632125854e-01 -6.583459377288818359e-01 9.999952912330627441e-01 -4.211656451225280762e-01 -4.225268661975860596e-01 -7.167384028434753418e-01 9.275788068771362305e-01 1.987246721982955933e-01 -1.270326040685176849e-02 -4.460430443286895752e-01 -9.970824718475341797e-01 -2.960631251335144043e-01 -4.481433331966400146e-01 1.096636503934860229e-01 5.294117331504821777e-01 2.282958626747131348e-01 9.973728656768798828e-01 9.985949993133544922e-01 9.727833867073059082e-01 -2.882280051708221436e-01 9.983873367309570312e-01 -6.305024623870849609e-01 9.901449680328369141e-01 -9.925000667572021484e-01 -8.701821565628051758e-01 8.562694787979125977e-01 2.848731875419616699e-01 9.086322784423828125e-01 1.605367287993431091e-02 -9.972379207611083984e-01 4.012322723865509033e-01 -4.127745032310485840e-01 9.465115666389465332e-01 3.753421828150749207e-02 -2.918209731578826904e-01 -8.348912596702575684e-01 -2.830917388200759888e-02 2.266583144664764404e-01 -3.068922162055969238e-01 -5.804420709609985352e-01 -2.003057748079299927e-01 7.367926836013793945e-01 1.176725924015045166e-01 7.761790752410888672e-01 -2.238520681858062744e-01 9.740588068962097168e-01 9.480850696563720703e-01 -3.927052319049835205e-01 -9.157657027244567871e-01 4.472198486328125000e-01 -9.473654441535472870e-03 7.744798660278320312e-01 8.806739449501037598e-01 -7.391842603683471680e-01 2.550341188907623291e-01 9.736275672912597656e-01 2.692375779151916504e-01 2.726499736309051514e-01 5.324115604162216187e-02 -7.015819102525711060e-02 -7.710416913032531738e-01 6.081660985946655273e-01 -9.769610166549682617e-01 -5.019623637199401855e-01 -9.467761516571044922e-01 -1.577636748552322388e-01 8.064631223678588867e-01 9.844444990158081055e-01 -8.549828082323074341e-02 3.054822981357574463e-01 -1.940034925937652588e-01 4.760850965976715088e-01 8.642488121986389160e-01 5.620599985122680664e-01 -5.284791588783264160e-01 -1.763703972101211548e-01 5.105965137481689453e-01 5.204581618309020996e-01 8.473833203315734863e-01 9.999238848686218262e-01 -1.415946334600448608e-01 9.211409687995910645e-01 9.456327557563781738e-01 2.375536262989044189e-01 9.729474782943725586e-01 3.480706512928009033e-01 -4.599953591823577881e-01 4.099493920803070068e-01 7.038497924804687500e-01 -2.554228305816650391e-01 -3.728133440017700195e-01 2.910442650318145752e-01 9.997079372406005859e-01 -2.737040221691131592e-01 -4.067710936069488525e-01 -9.834470748901367188e-01 -8.262724280357360840e-01 8.692662715911865234e-01 -4.947258532047271729e-02 -9.508240818977355957e-01 4.617387056350708008e-01 -6.224960088729858398e-01 4.047163948416709900e-02 9.513907432556152344e-01 9.617043137550354004e-01 -9.835649728775024414e-01 -1.599341332912445068e-01 3.088667243719100952e-02 9.998015761375427246e-01 1.218225657939910889e-01 -9.968439936637878418e-01 9.999462366104125977e-01 -6.546617746353149414e-01 -8.954601287841796875e-01 9.539977908134460449e-01 2.545655369758605957e-01 9.655014276504516602e-01 6.859424114227294922e-01 -9.913059473037719727e-01 -9.547253251075744629e-01 8.442503213882446289e-01 9.954429268836975098e-01 9.212944507598876953e-01 3.838491812348365784e-02 1.621581465005874634e-01 5.233970880508422852e-01 -9.944762587547302246e-01 -9.999893307685852051e-01 -9.809062480926513672e-01 4.533083736896514893e-01 5.063756704330444336e-01 4.182667285203933716e-02 9.447695612907409668e-01 -9.963103532791137695e-01 -1.136195734143257141e-01 9.334247708320617676e-01 -8.774314820766448975e-02 9.943318963050842285e-01 9.886257648468017578e-01 -9.939634799957275391e-01 2.453446686267852783e-01 9.887169003486633301e-01 -6.301399469375610352e-01 1.168520227074623108e-01 -1.070423498749732971e-01 9.913466572761535645e-01 2.152198255062103271e-01 3.511805832386016846e-01 -2.606664896011352539e-01 -9.936470389366149902e-01 5.304237008094787598e-01 9.881944060325622559e-01 1.935974927619099617e-03 -3.693396747112274170e-01 -1.348178386688232422e-01 7.127813696861267090e-01 5.590875148773193359e-01 9.991207122802734375e-01 7.032998204231262207e-01 -6.936172246932983398e-01 -1.922835037112236023e-02 -8.045002222061157227e-01 -3.695802986621856689e-01 -5.950642824172973633e-01 -9.958217144012451172e-01 -1.883346140384674072e-01 -3.962450623512268066e-01 6.880649179220199585e-02 9.949973821640014648e-01 -1.417593806982040405e-01 3.142662942409515381e-01 7.568290233612060547e-01 7.668259739875793457e-02 5.525013208389282227e-01 -5.132921785116195679e-02 -1.899114102125167847e-01 -6.814247369766235352e-01 -2.543235570192337036e-02 9.999759197235107422e-01 -1.697990149259567261e-01 -7.511468529701232910e-01 5.862858891487121582e-01 -9.468191862106323242e-01 9.331290125846862793e-01 5.297568440437316895e-01 9.995079040527343750e-01 1.748269349336624146e-01 3.684932589530944824e-01 5.752185583114624023e-01 1.079052779823541641e-02 9.333438873291015625e-01 -2.900582253932952881e-01 3.195486664772033691e-01 5.149633809924125671e-02 -4.576604068279266357e-01 -3.102566599845886230e-01 -4.750445187091827393e-01 6.194703578948974609e-01 -5.609357357025146484e-01 -1.961495429277420044e-01 -2.814714014530181885e-01 -1.499583274126052856e-01 7.970850914716720581e-02 -2.036179155111312866e-01 -2.124094069004058838e-01 8.750841021537780762e-01 2.903086841106414795e-01 5.426142811775207520e-01 -5.463311448693275452e-02 9.655136466026306152e-01 -5.466280579566955566e-01 4.578659832477569580e-01 4.622558951377868652e-01 -9.998524785041809082e-01 3.299677670001983643e-01 2.492721676826477051e-01 -1.493890136480331421e-01 2.116991728544235229e-01 -2.472759783267974854e-01 3.482224643230438232e-01 -9.776178002357482910e-01 3.742176294326782227e-01 9.855991601943969727e-01 -7.983409166336059570e-01 5.937906503677368164e-01 -2.632040679454803467e-01 7.451086640357971191e-01 -5.528684854507446289e-01 -4.082393348217010498e-01 -5.825790166854858398e-01 -9.998788833618164062e-01 -1.277597695589065552e-01 -2.060494869947433472e-01 -5.698316097259521484e-01 -7.881865650415420532e-02 -7.705134749412536621e-01 8.050521016120910645e-01 1.517170816659927368e-01 6.881080865859985352e-01 -7.607957124710083008e-01 3.729770481586456299e-01 -5.354611277580261230e-01 4.547303318977355957e-01 -9.895555973052978516e-01 -4.047146141529083252e-01 -4.615266621112823486e-01 3.958519101142883301e-01 -9.954023361206054688e-01 7.400977015495300293e-01 9.856885671615600586e-01 -5.950118303298950195e-01 1.571744084358215332e-01 -2.393408864736557007e-01 6.969828605651855469e-01 3.505777120590209961e-01 -7.730399370193481445e-01 -8.587441444396972656e-01 -8.211284875869750977e-01 -5.847489833831787109e-01 7.279780507087707520e-01 2.121672332286834717e-01 9.061574339866638184e-01 5.700618624687194824e-01 -9.861015081405639648e-01 -4.013991951942443848e-01 6.274178624153137207e-01 1.958682686090469360e-01 -2.257675379514694214e-01 7.646840810775756836e-01 -9.997668266296386719e-01 7.861467599868774414e-01 -9.999617338180541992e-01 -9.983179569244384766e-01 1.928154826164245605e-01 -2.292392030358314514e-02 -2.628829479217529297e-01 -4.987721517682075500e-02 -6.635929942131042480e-01 -7.914167642593383789e-02 -9.955278038978576660e-01 -9.767835736274719238e-01 3.091752231121063232e-01 -9.960628151893615723e-01 -7.670141458511352539e-01 -9.555299878120422363e-01 7.308551073074340820e-01 -3.156160116195678711e-01 3.416543900966644287e-01 6.936457753181457520e-01 -1.552672218531370163e-02 4.020908176898956299e-01 9.992979764938354492e-01 3.689894378185272217e-01 8.354713916778564453e-01 5.867165923118591309e-01 4.258279800415039062e-01 3.935450017452239990e-01 9.749467372894287109e-01 2.816567718982696533e-01 4.955978691577911377e-01 -9.930197596549987793e-01 3.016547858715057373e-01 4.353778064250946045e-01 9.996191859245300293e-01 7.200041413307189941e-01 9.368864893913269043e-01 -9.997605085372924805e-01 -5.623458623886108398e-01 7.341506481170654297e-01 1.786631643772125244e-01 6.496254205703735352e-01 -4.156519845128059387e-02 -3.140738606452941895e-02 -9.926468729972839355e-01 -7.835391163825988770e-01 6.145651340484619141e-01 -9.228852987289428711e-01 9.890132546424865723e-01 1.618238091468811035e-01 3.957718014717102051e-01 4.859677255153656006e-01 2.432615160942077637e-01 5.205294489860534668e-02 -9.259939789772033691e-01 -6.418409943580627441e-01 -7.300558686256408691e-01 -1.643745601177215576e-01 -4.162321686744689941e-01 -5.408755540847778320e-01 -9.999943971633911133e-01 -1.326929032802581787e-02 -6.137506961822509766e-01 4.734535515308380127e-01 -1.621401906013488770e-01 1.903049647808074951e-01 2.736730575561523438e-01 5.624647438526153564e-02 9.999540448188781738e-01 -5.629020333290100098e-01 2.120903730392456055e-01 2.471617460250854492e-01 -1.839580684900283813e-01 1.992786526679992676e-01 -8.136032819747924805e-01 -6.264926791191101074e-01 8.671108633279800415e-02 1.816977374255657196e-02 6.344846636056900024e-02 -2.493310421705245972e-01 -9.340277910232543945e-01
-9.035461544990539551e-01 9.653013944625854492e-01 -1.270736604928970337e-01 5.636534653604030609e-03 -2.431114464998245239e-01 -9.771311283111572266e-01 9.984456896781921387e-01 -9.991295933723449707e-01 6.066866591572761536e-02 -7.607042789459228516e-01 -1.736233532428741455e-01 -2.610274031758308411e-02 -6.035391092300415039e-01 -9.785315394401550293e-01 -6.965718865394592285e-01 -8.436075598001480103e-02 2.199653387069702148e-01 -1.190752387046813965e-01 -5.643165707588195801e-01 -3.368118703365325928e-01 3.178134858608245850e-01 2.449594140052795410e-01 9.474760293960571289e-01 -8.855730295181274414e-01 9.983890056610107422e-01 8.445981740951538086e-01 1.722559183835983276e-01 -3.765799105167388916e-01 4.578276276588439941e-01 9.989127516746520996e-01 9.907560944557189941e-01 2.547166049480438232e-01 2.235472947359085083e-01 -1.141824722290039062e-01 -3.018146455287933350e-01 -4.873530864715576172e-01 -2.505903840065002441e-01 -5.293046236038208008e-01 1.668261289596557617e-01 -3.845241665840148926e-01 -2.848584353923797607e-01 -1.306617259979248047e-01 1.735820434987545013e-02 -6.485313773155212402e-01 -8.695176802575588226e-03 9.897412061691284180e-01 -4.291862845420837402e-01 -6.487146615982055664e-01 9.921110272407531738e-01 -2.865403592586517334e-01 7.710638642311096191e-01 -4.751266837120056152e-01 5.289934873580932617e-01 -6.748863309621810913e-02 -3.163827955722808838e-01 4.736037552356719971e-01 -7.158228754997253418e-02 -6.064578890800476074e-01 -9.997684955596923828e-01 2.661252319812774658e-01 -1.363001614809036255e-01 -1.382847428321838379e-01 2.517880201339721680e-01 1.692327111959457397e-01 -2.269563227891921997e-01 -9.694190025329589844e-01 9.946340322494506836e-01 6.404496431350708008e-01 1.851453185081481934e-01 -1.325889863073825836e-02 6.164464354515075684e-01 9.998161196708679199e-01 -6.213257908821105957e-01 -9.851964712142944336e-01 -9.802190661430358887e-01 -2.904191613197326660e-01 -5.652988329529762268e-02 -7.950372099876403809e-01 1.797739565372467041e-01 -6.982969492673873901e-02 -7.516086101531982422e-01 -1.141822636127471924e-01 9.916577935218811035e-01 -2.372184842824935913e-01 9.968639016151428223e-01 9.522600769996643066e-01 -1.362466160207986832e-02 3.593185842037200928e-01 -5.969435572624206543e-01 2.442788481712341309e-01 -9.926162362098693848e-01 -6.110529303550720215e-01 2.940612435340881348e-01 -9.968606829643249512e-01 -9.469009637832641602e-01 8.418438434600830078e-01 6.245883107185363770e-01 -4.260350763797760010e-02 -9.987779855728149414e-01 1.659724265336990356e-01 -9.874573349952697754e-01 -9.945571422576904297e-01 1.567581295967102051e-01 1.373538076877593994e-01 6.243311241269111633e-02 1.457611471414566040e-01 8.172699809074401855e-01 4.583809673786163330e-01 3.336291611194610596e-01 9.039390683174133301e-01 3.194049000740051270e-01 4.964306652545928955e-01 -9.738580584526062012e-01 -9.956071376800537109e-01 -1.208649277687072754e-01 1.531469672918319702e-01 -5.435216426849365234e-01 6.897256374359130859e-01 -2.891630530357360840e-01 9.988374710083007812e-01 1.683052331209182739e-01 6.376180797815322876e-02 -9.798021912574768066e-01 9.985854625701904297e-01 -4.364944100379943848e-01 -6.995958276093006134e-03 6.500407457351684570e-01 4.814712703227996826e-02 -2.260657399892807007e-01 -3.348800539970397949e-01 9.836291670799255371e-01 9.360351562500000000e-01 -2.974011600017547607e-01 5.434479713439941406e-01 9.616155922412872314e-02 -7.751398086547851562e-01 9.413771033287048340e-01 -9.965585470199584961e-01 -8.116086721420288086e-01 4.507969617843627930e-01 9.979228973388671875e-01 8.311921358108520508e-02 -2.030100822448730469e-01 9.344168305397033691e-01 -7.442206889390945435e-02 -3.431982100009918213e-01 -9.059606790542602539e-01 8.907123804092407227e-01 8.485997915267944336e-01 -1.833553165197372437e-01 -4.318167567253112793e-01 3.063234090805053711e-01 9.588554501533508301e-01 -4.705153703689575195e-01 -6.344307214021682739e-02 -1.776311695575714111e-01 -9.961009621620178223e-01 9.443313479423522949e-01 -5.457480624318122864e-02 5.700075626373291016e-01 -1.620218455791473389e-01 2.094966620206832886e-01 2.361212857067584991e-02 -7.316765189170837402e-01 9.999501705169677734e-01 -5.170720219612121582e-01 -4.152962863445281982e-01 -4.070298969745635986e-01 8.355898261070251465e-01 8.324220180511474609e-01 2.460945397615432739e-01 -8.693985939025878906e-01 -9.658092260360717773e-01 -9.985129833221435547e-01 6.456716358661651611e-02 2.008906006813049316e-01 9.289177656173706055e-01 -2.808496654033660889e-01 9.991338253021240234e-01 9.640361666679382324e-01 3.561605215072631836e-01 -2.783896327018737793e-01 9.991126656532287598e-01 -9.746569991111755371e-01 9.941278100013732910e-01 -9.996629357337951660e-01 -8.778831362724304199e-01 8.072436451911926270e-01 4.342193305492401123e-01 5.822634100914001465e-01 9.831497669219970703e-01 -9.823826551437377930e-01 5.855626463890075684e-01 3.613545298576354980e-01 9.922782778739929199e-01 5.192150827497243881e-03 4.169522523880004883e-01 -9.973855614662170410e-01 -9.768451452255249023e-01 -1.120778024196624756e-01 1.223589293658733368e-02 -4.591100290417671204e-02 -1.909160912036895752e-01 -5.623280536383390427e-03 2.891892492771148682e-01 2.251708656549453735e-01 1.698746085166931152e-01 -1.619148850440979004e-01 4.376524388790130615e-01 -5.038289427757263184e-01 2.446210533380508423e-01 8.932365775108337402e-01 6.063580885529518127e-02 2.433899492025375366e-01 9.924193620681762695e-01 2.273093909025192261e-01 7.841376066207885742e-01 9.340124726295471191e-01 9.987806081771850586e-01 1.193716526031494141e-01 -6.630547046661376953e-01 5.337131209671497345e-03 7.841367274522781372e-02 5.313367843627929688e-01 -4.514773786067962646e-01 9.696131944656372070e-01 -9.953689575195312500e-01 -3.806310892105102539e-01 -2.563415467739105225e-01 9.914602041244506836e-01 1.478775888681411743e-01 -5.818955227732658386e-02 -3.073210716247558594e-01 5.969808101654052734e-01 9.595031142234802246e-01 4.026304185390472412e-01 -6.318653225898742676e-01 -5.980274081230163574e-01 3.224562704563140869e-01 2.491150349378585815e-01 9.518728256225585938e-01 9.999602437019348145e-01 -8.061457276344299316e-01 6.098847389221191406e-01 9.983896613121032715e-01 1.355623900890350342e-01 8.899907469749450684e-01 -2.682432234287261963e-01 5.282757878303527832e-01 4.357247799634933472e-02 4.332678616046905518e-01 2.493976503610610962e-01 -4.041616022586822510e-01 1.747844815254211426e-01 9.997062087059020996e-01 -6.716018319129943848e-01 6.419726461172103882e-02 -9.991071820259094238e-01 -6.757823824882507324e-01 5.773657560348510742e-01 3.920628875494003296e-02 4.758486747741699219e-01 1.955997198820114136e-01 -9.436979889869689941e-01 1.546027511358261108e-01 9.429537057876586914e-01 9.463041424751281738e-01 -7.984665632247924805e-01 2.311328649520874023e-01 -3.415524661540985107e-01 9.112761616706848145e-01 -4.643270075321197510e-01 -9.317473173141479492e-01 9.767957925796508789e-01 -2.462597936391830444e-01 -6.299589872360229492e-01 8.992800116539001465e-01 3.935050964355468750e-01 2.738975584506988525e-01 3.322632908821105957e-01 -9.962129592895507812e-01 -9.612893462181091309e-01 9.366441965103149414e-01 9.853979349136352539e-01 9.994317889213562012e-01 -2.551331222057342529e-01 3.693380951881408691e-01 -1.165413409471511841e-01 -9.983536005020141602e-01 -9.989496469497680664e-01 -9.748024344444274902e-01 2.242666631937026978e-01 -2.714054882526397705e-01 -4.023636132478713989e-02 9.901050925254821777e-01 -3.918484747409820557e-01 -9.281981736421585083e-02 1.326439529657363892e-01 1.924720704555511475e-01 9.932780861854553223e-01 9.752526283264160156e-01 -9.683681726455688477e-01 -5.825523734092712402e-01 9.093706607818603516e-01 -3.025003075599670410e-01 7.917785644531250000e-01 1.443085074424743652e-01 4.438464045524597168e-01 4.314913749694824219e-01 3.053729832172393799e-01 -3.430264890193939209e-01 -9.607778787612915039e-01 3.319579362869262695e-01 5.637781023979187012e-01 8.539339900016784668e-01 -1.046492084860801697e-01 3.791629523038864136e-02 3.243899047374725342e-01 6.361812353134155273e-01 9.995164871215820312e-01 4.667759239673614502e-01 -8.250005245208740234e-01 -3.165947496891021729e-01 6.675369143486022949e-01 -6.241036579012870789e-03 -2.389714419841766357e-01 -8.716587424278259277e-01 -1.612277030944824219e-01 -9.979386329650878906e-01 2.890386283397674561e-01 9.950710535049438477e-01 6.599526852369308472e-02 1.828671544790267944e-01 6.457865238189697266e-01 -2.638229355216026306e-02 9.759454056620597839e-03 -7.115817070007324219e-02 -3.703190088272094727e-01 -9.914284348487854004e-01 -4.350448772311210632e-02 9.524773955345153809e-01 -4.113454818725585938e-01 -1.180846914649009705e-01 9.052532911300659180e-01 -8.584505915641784668e-01 -3.979516029357910156e-01 9.385830163955688477e-01 9.999175071716308594e-01 -6.957627832889556885e-02 9.312326312065124512e-01 4.680952429771423340e-01 9.871783852577209473e-02 -8.884487152099609375e-01 -4.314779639244079590e-01 9.988283514976501465e-01 -7.744236290454864502e-02 7.026737332344055176e-01 1.703947782516479492e-04 -7.311456203460693359e-01 4.161471426486968994e-01 -4.991895556449890137e-01 -9.982250928878784180e-01 -1.952398568391799927e-01 -4.613393247127532959e-01 3.347188606858253479e-02 -1.594104170799255371e-01 -9.990211725234985352e-01 3.525808826088905334e-02 6.770213842391967773e-01 2.810740768909454346e-01 -1.715073734521865845e-01 9.710534214973449707e-01 -4.933361709117889404e-01 1.042630225419998169e-01 -8.343220353126525879e-01 -9.977305531501770020e-01 -6.186707317829132080e-02 5.093039274215698242e-01 -3.086282014846801758e-01 -1.767602860927581787e-01 -5.978294014930725098e-01 -1.577435433864593506e-01 -1.639132350683212280e-01 1.038786582648754120e-02 9.936668872833251953e-01 5.902400612831115723e-01 4.289321303367614746e-01 -3.669450283050537109e-01 9.859088659286499023e-01 -2.314191609621047974e-01 -4.201695322990417480e-02 -9.786162376403808594e-01 -9.998615980148315430e-01 -6.457555107772350311e-03 1.436418443918228149e-01 -2.814989387989044189e-01 -1.874882429838180542e-01 -7.123140692710876465e-01 9.847407937049865723e-01 4.288958013057708740e-01 -2.921728491783142090e-01 -1.794231384992599487e-01 9.833352565765380859e-01 -2.154371738433837891e-01 9.295249581336975098e-01 -5.324983000755310059e-01 -9.969866275787353516e-01 -1.557757109403610229e-01 1.796137392520904541e-01 -9.954295158386230469e-01 -3.655763268470764160e-01 9.936701059341430664e-01 -9.901110529899597168e-01 -3.416987508535385132e-02 -2.077318131923675537e-01 1.065322011709213257e-02 -2.304752618074417114e-01 -8.955879807472229004e-01 -2.558566629886627197e-01 1.425044089555740356e-01 -3.042109906673431396e-01 9.107300639152526855e-01 -8.394441567361354828e-03 9.970898628234863281e-01 3.689747750759124756e-01 -8.618265986442565918e-01 1.020126417279243469e-01 5.259711742401123047e-01 1.847970485687255859e-02 3.337505757808685303e-01 5.442209243774414062e-01 -9.301073551177978516e-01 7.482063770294189453e-01 -9.949470758438110352e-01 -9.552935361862182617e-01 2.642194330692291260e-01 -9.907339811325073242e-01 -9.277105927467346191e-01 7.308053225278854370e-02 -1.822734028100967407e-01 4.735065400600433350e-01 -9.344322681427001953e-01 -9.893466830253601074e-01 2.063518464565277100e-01 -9.224959015846252441e-01 1.830355077981948853e-01 -9.907947182655334473e-01 1.655726134777069092e-01 -2.007271200418472290e-01 3.240010738372802734e-01 6.084693074226379395e-01 2.126561291515827179e-02 -3.538217544555664062e-01 -1.587704122066497803e-01 3.587873876094818115e-01 9.896213412284851074e-01 5.109356641769409180e-01 2.052233070135116577e-01 1.343911588191986084e-01 9.820381999015808105e-01 4.510787129402160645e-01 3.204812705516815186e-01 -9.972003698348999023e-01 -3.500800207257270813e-02 9.974642395973205566e-01 9.968304038047790527e-01 7.059096693992614746e-01 9.976700544357299805e-01 -9.997138977050781250e-01 3.770324215292930603e-02 5.598922371864318848e-01 -9.535630345344543457e-01 9.245651960372924805e-01 2.407880872488021851e-01 3.827807903289794922e-01 -5.824885368347167969e-01 3.022975027561187744e-01 1.737154871225357056e-01 -9.880892038345336914e-01 9.957935214042663574e-01 -7.043464109301567078e-03 8.509747684001922607e-02 4.772659540176391602e-01 3.750313818454742432e-01 2.023644149303436279e-01 -3.381526470184326172e-01 -9.748087525367736816e-01 -5.948307514190673828e-01 -1.853215508162975311e-02 3.052061423659324646e-02 -5.893475189805030823e-02 -9.999939203262329102e-01 9.422698616981506348e-01 -2.057770043611526489e-01 1.232385113835334778e-01 6.110274046659469604e-02 -2.514697611331939697e-02 -2.650033533573150635e-01 -3.435634672641754150e-01 9.995076656341552734e-01 -5.543500185012817383e-01 2.435127794742584229e-01 3.351777493953704834e-01 -3.251183032989501953e-01 -1.250881254673004150e-01 2.734396159648895264e-01 6.487757563591003418e-01 8.025000095367431641e-01 1.495826244354248047e-01 -1.284747868776321411e-01 -5.078167915344238281e-01 -1.493815779685974121e-01
6.424984931945800781e-01 9.840754270553588867e-01 -2.398288995027542114e-01 -1.795734316110610962e-01 -7.992333769798278809e-01 -9.021199345588684082e-01 9.926155805587768555e-01 -9.959288239479064941e-01 -3.179973661899566650e-01 -9.292489886283874512e-01 6.555534899234771729e-02 -2.780531048774719238e-01 -1.154242679476737976e-01 -9.064262509346008301e-01 -8.605983257293701172e-01 1.159602031111717224e-01 -3.970528766512870789e-02 5.286631360650062561e-02 -7.576562166213989258e-01 -3.170855715870857239e-02 4.329596757888793945e-01 3.059451580047607422e-01 9.943931102752685547e-01 -2.020703852176666260e-01 9.998372793197631836e-01 9.819659590721130371e-01 -2.144407480955123901e-01 -3.297299444675445557e-01 2.174336761236190796e-01 9.966936707496643066e-01 9.714782834053039551e-01 4.478164017200469971e-01 9.037680923938751221e-02 -5.478236079216003418e-02 -5.102313756942749023e-01 -2.482537627220153809e-01 -3.092182874679565430e-01 -1.608084738254547119e-01 9.568496942520141602e-01 -1.609890609979629517e-01 5.348004773259162903e-02 -2.459509223699569702e-01 1.166660711169242859e-02 -9.926021695137023926e-01 4.205521047115325928e-01 9.629604816436767578e-01 -8.620967268943786621e-01 -1.791548579931259155e-01 9.769986271858215332e-01 -5.948342084884643555e-01 4.981913566589355469e-01 -1.351767480373382568e-01 9.780485630035400391e-01 -8.641484379768371582e-02 6.346119046211242676e-01 4.302997291088104248e-01 1.077295467257499695e-02 1.353679876774549484e-02 -9.998056888580322266e-01 -7.927677631378173828e-01 -4.625235125422477722e-02 -2.238399982452392578e-01 -6.487087607383728027e-01 5.627430081367492676e-01 4.359469413757324219e-01 -7.497496008872985840e-01 9.986469745635986328e-01 7.431014776229858398e-01 -1.452612280845642090e-01 9.559124112129211426e-01 6.444053053855895996e-01 9.999858140945434570e-01 -7.680221199989318848e-01 -9.905071854591369629e-01 -7.309141755104064941e-01 -1.184930950403213501e-01 2.500228881835937500e-01 -4.691499769687652588e-01 2.673455178737640381e-01 -5.554432272911071777e-01 -8.598281741142272949e-01 -1.908226013183593750e-01 9.980946779251098633e-01 -2.168168276548385620e-01 9.970743060111999512e-01 -7.812564969062805176e-01 1.207263953983783722e-02 4.464192390441894531e-01 -5.330712795257568359e-01 2.756931781768798828e-01 -9.947491288185119629e-01 2.448823302984237671e-02 4.393444955348968506e-01 -9.573458433151245117e-01 3.608483076095581055e-01 8.039056062698364258e-01 9.959735870361328125e-01 -3.564267754554748535e-01 -9.944054484367370605e-01 5.080603063106536865e-02 -9.533252716064453125e-01 -9.638856649398803711e-01 5.415307879447937012e-01 2.748129069805145264e-01 1.066868603229522705e-01 3.020672686398029327e-02 9.905253648757934570e-01 2.713983654975891113e-01 -4.852846860885620117e-01 9.346466064453125000e-01 2.360501736402511597e-01 6.966928839683532715e-01 2.742568254470825195e-01 -9.975578188896179199e-01 -1.418121755123138428e-01 4.235768318176269531e-01 -9.323423504829406738e-01 8.338933587074279785e-01 1.497987192124128342e-02 9.987833499908447266e-01 6.274869441986083984e-01 -1.698605865240097046e-01 -9.820611476898193359e-01 9.484760165214538574e-01 -2.940252125263214111e-01 2.352978102862834930e-02 -9.559420943260192871e-01 -3.342296779155731201e-01 -3.863765597343444824e-01 -7.124128192663192749e-02 9.831745028495788574e-01 9.458838701248168945e-01 9.888004660606384277e-01 2.072634845972061157e-01 8.021100759506225586e-01 -6.975091099739074707e-01 9.493864178657531738e-01 -9.984392523765563965e-01 -9.730197787284851074e-01 4.009665250778198242e-01 9.995497465133666992e-01 5.685245394706726074e-01 -6.557677686214447021e-02 9.945653676986694336e-01 -6.289006024599075317e-02 5.326214432716369629e-01 -9.887224435806274414e-01 9.697918891906738281e-01 8.771813511848449707e-01 -2.224224358797073364e-01 -5.493955612182617188e-01 -2.073139250278472900e-01 8.289937973022460938e-01 -5.331964492797851562e-01 2.395376563072204590e-01 -3.518284857273101807e-01 -9.919360876083374023e-01 2.307724803686141968e-01 1.302104741334915161e-01 4.002280831336975098e-01 -2.897819280624389648e-01 2.527677118778228760e-01 -2.461064606904983521e-01 -6.392309665679931641e-01 9.999817609786987305e-01 -3.535984158515930176e-01 -3.151556551456451416e-01 -5.763246417045593262e-01 9.529516696929931641e-01 -8.127996921539306641e-01 2.720620632171630859e-01 -9.810618162155151367e-01 -9.984626173973083496e-01 -9.957466721534729004e-01 3.385131061077117920e-01 2.474022060632705688e-01 2.348670214414596558e-01 -4.796796292066574097e-02 9.949352741241455078e-01 9.997392296791076660e-01 -1.454989612102508545e-01 -2.536910772323608398e-01 9.960345029830932617e-01 -9.005979299545288086e-01 9.245199561119079590e-01 -9.999404549598693848e-01 -9.173917770385742188e-01 2.415785640478134155e-01 5.615960955619812012e-01 9.882090687751770020e-01 9.729965925216674805e-01 -9.994779825210571289e-01 -5.213791131973266602e-01 -2.548988759517669678e-01 9.994448423385620117e-01 6.317715346813201904e-02 -3.460710048675537109e-01 -9.981247782707214355e-01 -1.558563858270645142e-01 5.060563981533050537e-02 -1.077469959855079651e-01 -5.448664426803588867e-01 9.169558435678482056e-02 4.393890202045440674e-01 -1.441412419080734253e-01 2.228632569313049316e-01 -7.388187944889068604e-02 9.422844648361206055e-01 9.983060359954833984e-01 -5.274799466133117676e-01 -3.841381371021270752e-01 7.909328341484069824e-01 -1.964416205883026123e-01 4.516065716743469238e-01 9.963684678077697754e-01 2.802561409771442413e-02 -1.392375975847244263e-01 4.029375910758972168e-01 9.967923760414123535e-01 4.042133390903472900e-01 -8.848822712898254395e-01 1.196620613336563110e-01 -6.327436566352844238e-01 7.758995890617370605e-01 -9.670504331588745117e-01 7.725393176078796387e-01 -9.966238141059875488e-01 -2.869178354740142822e-01 1.849544644355773926e-01 9.916146397590637207e-01 -9.270162135362625122e-02 -1.488431394100189209e-01 -3.644888997077941895e-01 3.569724857807159424e-01 9.845071434974670410e-01 7.204788923263549805e-01 -1.012546420097351074e-01 -3.097820878028869629e-01 1.716572493314743042e-01 3.504421710968017578e-01 8.824753761291503906e-01 9.999569654464721680e-01 -9.805129170417785645e-01 2.438413500785827637e-01 9.968031048774719238e-01 4.419997036457061768e-01 9.629234671592712402e-01 1.765384227037429810e-01 8.973824977874755859e-01 -3.755974769592285156e-01 2.237674295902252197e-01 2.297058142721652985e-02 -5.126428604125976562e-01 2.591146528720855713e-01 9.957906603813171387e-01 -2.241540253162384033e-01 2.093277126550674438e-01 -9.972510337829589844e-01 -6.666804552078247070e-01 9.222724437713623047e-01 -3.417977392673492432e-01 -9.742608666419982910e-01 9.645634889602661133e-02 -9.809051752090454102e-01 2.803992331027984619e-01 9.947252273559570312e-01 9.737554192543029785e-01 -9.925789237022399902e-01 4.267553389072418213e-01 -3.815990686416625977e-01 9.938940405845642090e-01 -3.518479466438293457e-01 -9.949909448623657227e-01 9.994460344314575195e-01 -4.193368852138519287e-01 -8.304171562194824219e-01 9.925801753997802734e-01 6.218453049659729004e-01 5.391632318496704102e-01 2.244871556758880615e-01 -9.848903417587280273e-01 -6.725409626960754395e-01 8.345788121223449707e-01 9.830002784729003906e-01 9.820644855499267578e-01 -3.265600204467773438e-01 1.299595087766647339e-01 -9.226249158382415771e-02 -9.990758895874023438e-01 -9.993643760681152344e-01 -9.742707014083862305e-01 5.419675707817077637e-01 3.511461615562438965e-01 8.416879773139953613e-01 9.966805577278137207e-01 -9.533896446228027344e-01 -3.086053133010864258e-01 8.305883407592773438e-01 -1.906618028879165649e-01 9.785624742507934570e-01 9.988053441047668457e-01 -9.949162006378173828e-01 -8.221656680107116699e-01 9.755036234855651855e-01 -4.161433577537536621e-01 6.957823634147644043e-01 1.505194157361984253e-01 9.961050152778625488e-01 5.759974718093872070e-01 5.299156904220581055e-01 3.521755933761596680e-01 -8.993723988533020020e-01 2.419462502002716064e-01 9.872105121612548828e-01 9.299504756927490234e-01 -2.476385086774826050e-01 -6.299357116222381592e-02 1.332229077816009521e-01 2.643440961837768555e-01 9.997463226318359375e-01 2.012870907783508301e-01 -9.978669881820678711e-01 -3.404611051082611084e-01 -8.250522017478942871e-01 -3.718951344490051270e-01 -4.082143902778625488e-01 -9.756640791893005371e-01 3.294885754585266113e-01 -9.977929592132568359e-01 3.370181918144226074e-01 9.879689216613769531e-01 -4.359481334686279297e-01 8.184911310672760010e-02 3.520702719688415527e-01 3.557004332542419434e-01 4.289186298847198486e-01 -7.496497035026550293e-02 1.794283688068389893e-01 -9.601848721504211426e-01 3.410853743553161621e-01 9.939606785774230957e-01 -1.879421621561050415e-01 -4.949153661727905273e-01 9.930889010429382324e-01 -6.649300456047058105e-01 9.364396929740905762e-01 9.615943431854248047e-01 9.990888237953186035e-01 2.033797651529312134e-01 4.863579273223876953e-01 4.633309841156005859e-01 -1.153157651424407959e-01 3.557226359844207764e-01 -1.280316561460494995e-01 9.974326491355895996e-01 -1.885262317955493927e-02 4.648188650608062744e-01 -2.596123218536376953e-01 -5.215095281600952148e-01 7.117612753063440323e-03 7.460620999336242676e-01 -9.956033825874328613e-01 -4.556110501289367676e-01 -5.395279526710510254e-01 3.241924345493316650e-01 -8.017494082450866699e-01 -9.970146417617797852e-01 -5.183709263801574707e-01 3.749056160449981689e-01 5.676705837249755859e-01 -8.580670505762100220e-02 9.916207790374755859e-01 -5.101330876350402832e-01 2.535865902900695801e-01 -1.413743477314710617e-02 -9.994928240776062012e-01 2.041870802640914917e-01 5.391832068562507629e-02 -1.682749241590499878e-01 1.961350739002227783e-01 9.021130204200744629e-01 1.837674379348754883e-01 -9.937543869018554688e-01 1.003088951110839844e-01 9.969657659530639648e-01 9.724398255348205566e-01 6.235274076461791992e-01 -5.413631200790405273e-01 3.893533647060394287e-01 -5.036579370498657227e-01 -1.167195476591587067e-02 -9.792381525039672852e-01 -9.999151229858398438e-01 -1.340864747762680054e-01 -1.498962342739105225e-01 -3.172015845775604248e-01 1.507536917924880981e-01 -2.402091026306152344e-01 9.946562647819519043e-01 1.830786019563674927e-01 -2.417714148759841919e-01 -7.459907531738281250e-01 9.855559468269348145e-01 -6.191156506538391113e-01 5.643216967582702637e-01 -9.713172912597656250e-01 -9.926373958587646484e-01 1.027657166123390198e-01 5.096843838691711426e-01 -9.987958073616027832e-01 5.948997735977172852e-01 9.821643233299255371e-01 -9.933369159698486328e-01 2.012782692909240723e-01 -8.365535140037536621e-01 3.553353250026702881e-01 2.197031527757644653e-01 -9.251998662948608398e-01 2.961943149566650391e-01 -8.530969023704528809e-01 -1.870847791433334351e-01 7.531574964523315430e-01 5.111477971076965332e-01 9.917817711830139160e-01 8.170195668935775757e-02 -8.761368393898010254e-01 5.884552747011184692e-02 2.597528398036956787e-01 3.660451471805572510e-01 -4.216693341732025146e-02 5.077193975448608398e-01 -9.966343045234680176e-01 9.873918890953063965e-01 -9.998968243598937988e-01 -9.176015853881835938e-01 5.662646293640136719e-01 -9.971120953559875488e-01 -9.759930372238159180e-01 1.609172075986862183e-01 -2.333400249481201172e-01 2.741848826408386230e-01 -9.859407544136047363e-01 -9.968645572662353516e-01 1.319743990898132324e-01 -9.813134074211120605e-01 -9.804474711418151855e-01 -9.979205131530761719e-01 2.672795653343200684e-01 -6.668929755687713623e-02 8.702921681106090546e-03 3.113158345222473145e-01 1.581553071737289429e-01 -6.704936176538467407e-02 -2.195852994918823242e-01 6.425338983535766602e-01 9.294119477272033691e-01 5.059772133827209473e-01 -1.104261446744203568e-02 1.236522644758224487e-01 3.857998549938201904e-01 -4.206961393356323242e-01 -8.810603991150856018e-03 -9.956293106079101562e-01 4.932738840579986572e-01 9.974327087402343750e-01 9.985279440879821777e-01 4.932657778263092041e-01 9.840890765190124512e-01 -9.967554807662963867e-01 -4.711912572383880615e-02 5.422800183296203613e-01 8.192542195320129395e-01 9.742624759674072266e-01 -6.884922087192535400e-02 5.751352310180664062e-01 -8.558080196380615234e-01 -8.502907156944274902e-01 4.121884107589721680e-01 -9.905589818954467773e-01 9.981543421745300293e-01 -2.210873365402221680e-01 4.259121417999267578e-01 4.755282402038574219e-01 5.946924090385437012e-01 1.917559206485748291e-01 -3.090898878872394562e-02 -9.897630810737609863e-01 -3.180074393749237061e-01 -1.332780420780181885e-01 -4.466718137264251709e-01 3.667711615562438965e-01 -9.999992847442626953e-01 7.019006013870239258e-01 -5.349334478378295898e-01 3.953758180141448975e-01 -4.468781650066375732e-01 2.131799608469009399e-01 4.489879310131072998e-01 4.105953872203826904e-02 9.999420642852783203e-01 -9.896371364593505859e-01 -4.867190495133399963e-02 3.947760462760925293e-01 -1.154574379324913025e-01 1.857019960880279541e-01 -8.404634594917297363e-01 -3.319472670555114746e-01 8.249018788337707520e-01 1.446428000926971436e-01 -3.175656124949455261e-02 -5.366949439048767090e-01 -3.889940977096557617e-01
-3.430443704128265381e-01 4.964302480220794678e-01 7.067357003688812256e-02 2.692344486713409424e-01 -5.311011672019958496e-01 -2.594493329524993896e-01 9.984698891639709473e-01 -9.776006340980529785e-01 1.670645028352737427e-01 -9.913807511329650879e-01 5.177499726414680481e-03 -7.840619683265686035e-01 -7.570217251777648926e-01 -9.426164627075195312e-01 -9.610989093780517578e-01 2.739960551261901855e-01 -1.237096115946769714e-01 6.063767895102500916e-02 -2.934068143367767334e-01 -2.878861427307128906e-01 1.831575185060501099e-01 8.551865071058273315e-02 5.146084427833557129e-01 7.439724206924438477e-01 9.995840787887573242e-01 8.609713315963745117e-01 -1.979103535413742065e-01 -4.477066397666931152e-01 2.168810665607452393e-01 4.870466291904449463e-01 9.960194826126098633e-01 -2.733560800552368164e-01 2.576766014099121094e-01 -2.873842120170593262e-01 -8.698865771293640137e-01 -7.425428181886672974e-02 -5.807127952575683594e-01 1.520537864416837692e-02 9.964155554771423340e-01 -2.603315114974975586e-01 2.281257957220077515e-01 -8.276763558387756348e-02 3.609514534473419189e-01 -9.948513507843017578e-01 2.081954479217529297e-01 3.382402658462524414e-01 -9.925126433372497559e-01 -6.888253986835479736e-02 7.692355513572692871e-01 -9.006666019558906555e-03 7.090122103691101074e-01 -1.064597517251968384e-01 9.853476285934448242e-01 4.953574389219284058e-02 -2.618749141693115234e-01 1.830959320068359375e-01 1.498774290084838867e-01 5.041991174221038818e-02 -9.988872408866882324e-01 3.682354092597961426e-01 -7.186897844076156616e-02 3.292423784732818604e-01 8.391471505165100098e-01 -4.623355269432067871e-01 1.522031277418136597e-01 -9.968965053558349609e-01 9.944019913673400879e-01 2.139562517404556274e-01 2.355725169181823730e-01 9.744955897331237793e-01 9.912101626396179199e-01 9.987442493438720703e-01 -6.254067420959472656e-01 -6.600578427314758301e-01 -8.954165577888488770e-01 -5.354352593421936035e-01 -2.866294980049133301e-01 3.179172873497009277e-01 -9.963638335466384888e-02 -1.950609683990478516e-01 -9.679254293441772461e-01 3.250375390052795410e-01 9.995114207267761230e-01 -5.371031761169433594e-01 7.543963789939880371e-01 -8.990325331687927246e-01 3.606801629066467285e-01 2.257612943649291992e-01 7.560183294117450714e-03 -1.615899503231048584e-01 -9.043079614639282227e-01 -2.927960157394409180e-01 4.925038814544677734e-01 -9.660315513610839844e-01 -6.117821335792541504e-01 8.961867690086364746e-01 9.833542704582214355e-01 4.531652852892875671e-02 -9.992231726646423340e-01 -2.401837110519409180e-01 -7.449937462806701660e-01 -9.921872019767761230e-01 5.452373623847961426e-02 -5.329987034201622009e-02 -1.196546107530593872e-01 4.349989071488380432e-02 9.916427135467529297e-01 4.752455949783325195e-01 -5.579055752605199814e-03 -7.653511315584182739e-02 -2.136216312646865845e-02 5.006877779960632324e-01 -3.084708936512470245e-02 -9.465398192405700684e-01 -2.893774211406707764e-01 1.276925951242446899e-01 -9.627929925918579102e-01 8.647295236587524414e-01 2.643697261810302734e-01 9.986929893493652344e-01 -4.373386204242706299e-01 1.221564970910549164e-02 -9.773681759834289551e-01 9.951813220977783203e-01 -2.087844163179397583e-01 -1.307134181261062622e-01 -9.974043369293212891e-01 -1.122558861970901489e-01 -2.084455490112304688e-01 -1.285557299852371216e-01 8.148465156555175781e-01 9.971273541450500488e-01 8.837496042251586914e-01 4.114332795143127441e-01 2.321016788482666016e-01 -9.744072556495666504e-01 9.782753586769104004e-01 -9.915572404861450195e-01 -9.599813222885131836e-01 2.796174585819244385e-01 9.997188448905944824e-01 -1.258778292685747147e-02 -2.890253067016601562e-01 9.930380582809448242e-01 -7.721151411533355713e-02 -2.492281943559646606e-01 -9.866974353790283203e-01 9.949835538864135742e-01 -7.979635000228881836e-01 -1.160276383161544800e-01 4.015677049756050110e-02 1.575048826634883881e-02 8.984572291374206543e-01 1.229560822248458862e-01 1.470499038696289062e-01 -3.625205457210540771e-01 -3.962601423263549805e-01 -4.442690610885620117e-01 -4.880914464592933655e-02 2.712472379207611084e-01 -1.018124371767044067e-01 -7.749526202678680420e-02 2.392088174819946289e-01 -4.456973075866699219e-01 9.999880194664001465e-01 -1.288929432630538940e-01 9.152351319789886475e-02 -5.573073029518127441e-01 9.923800230026245117e-01 5.915602445602416992e-01 3.150771558284759521e-01 -9.748393893241882324e-01 -9.957028627395629883e-01 -4.181663990020751953e-01 7.321022152900695801e-01 3.026908636093139648e-01 8.043046593666076660e-01 5.013763904571533203e-02 9.957309365272521973e-01 9.914730787277221680e-01 8.510673642158508301e-01 7.934760302305221558e-03 9.989813566207885742e-01 -3.693436980247497559e-01 6.949822902679443359e-01 -9.538918733596801758e-01 -7.273935675621032715e-01 -6.178602576255798340e-01 4.397059679031372070e-01 8.155702948570251465e-01 7.296116352081298828e-01 -9.960238337516784668e-01 8.371300697326660156e-01 2.719948887825012207e-01 9.922199845314025879e-01 7.142134476453065872e-03 -9.309788942337036133e-01 -8.942211866378784180e-01 -9.234223961830139160e-01 -8.939589560031890869e-02 -1.673355251550674438e-01 -2.992211580276489258e-01 -6.796504259109497070e-01 9.985823929309844971e-02 5.981451272964477539e-02 6.232655048370361328e-01 1.233434304594993591e-01 9.959862828254699707e-01 9.910780787467956543e-01 2.873208224773406982e-01 -5.569569468498229980e-01 8.547861576080322266e-01 8.310096710920333862e-02 3.787767589092254639e-01 9.756296873092651367e-01 -8.190103173255920410e-01 -6.984097361564636230e-01 7.598242759704589844e-01 4.845486879348754883e-01 -1.152474358677864075e-01 -1.784498244524002075e-01 -1.781101711094379425e-02 -9.850696921348571777e-01 1.639596968889236450e-01 -6.412730216979980469e-01 5.457459688186645508e-01 -9.793710708618164062e-01 2.178783863782882690e-01 5.451446175575256348e-01 9.804108142852783203e-01 2.198255807161331177e-02 2.866268455982208252e-01 -3.040532469749450684e-01 5.000223517417907715e-01 9.398096203804016113e-01 3.043555021286010742e-01 2.889032661914825439e-02 1.981405168771743774e-02 1.776908487081527710e-01 -2.307039499282836914e-01 8.084700703620910645e-01 9.999604821205139160e-01 -5.953314304351806641e-01 8.194870948791503906e-01 9.143039584159851074e-01 1.763022989034652710e-01 9.992096424102783203e-01 8.705148100852966309e-02 6.446604132652282715e-01 -6.177432835102081299e-02 2.212257385253906250e-01 -3.105706572532653809e-01 -3.204863071441650391e-01 -1.209727674722671509e-01 9.979382157325744629e-01 -4.505287855863571167e-02 -3.487040400505065918e-01 -9.854578375816345215e-01 -3.922545313835144043e-01 8.610719442367553711e-01 -1.832857578992843628e-01 -9.167670011520385742e-01 -7.246629148721694946e-02 -8.565009832382202148e-01 -1.245792023837566376e-02 9.745560288429260254e-01 9.901415705680847168e-01 -9.986225962638854980e-01 9.043750911951065063e-02 -2.292609214782714844e-01 9.999151825904846191e-01 -1.705861687660217285e-01 -9.689426422119140625e-01 9.989129900932312012e-01 -3.229858279228210449e-01 -9.920505881309509277e-01 9.743390083312988281e-01 -4.837098345160484314e-02 9.329693913459777832e-01 8.052336424589157104e-02 -9.975534081459045410e-01 -7.079449295997619629e-01 1.702681630849838257e-01 9.949072003364562988e-01 9.973089098930358887e-01 -2.271972000598907471e-01 1.003483831882476807e-01 -5.560368299484252930e-05 -9.988675117492675781e-01 -9.997746348381042480e-01 -9.977872967720031738e-01 3.037743568420410156e-01 2.448285222053527832e-01 9.609061479568481445e-01 9.852181077003479004e-01 -9.996514320373535156e-01 -4.030088707804679871e-02 8.362079858779907227e-01 2.381346523761749268e-01 9.760586619377136230e-01 9.980396628379821777e-01 -9.964319467544555664e-01 -3.231385722756385803e-02 9.988744854927062988e-01 -9.655685722827911377e-02 1.944619864225387573e-01 3.051596283912658691e-01 9.935924410820007324e-01 -7.123206853866577148e-01 -1.729662902653217316e-02 3.301008790731430054e-02 -9.011266827583312988e-01 3.301411867141723633e-01 9.987616539001464844e-01 8.811132907867431641e-01 1.341549307107925415e-01 2.226694226264953613e-01 -3.984538093209266663e-02 -1.513178646564483643e-01 9.997079968452453613e-01 2.095821797847747803e-01 -8.480252623558044434e-01 -2.960668504238128662e-01 -9.607999324798583984e-01 -1.639256179332733154e-01 -4.193984270095825195e-01 -5.573641061782836914e-01 5.634779334068298340e-01 -7.237137556076049805e-01 -7.966033220291137695e-01 9.988801479339599609e-01 8.739867806434631348e-02 4.229288175702095032e-02 4.204528927803039551e-01 4.648133814334869385e-01 4.762535095214843750e-01 1.930157542228698730e-01 -6.636329889297485352e-01 -4.767266809940338135e-01 4.632960855960845947e-01 9.730969667434692383e-01 1.431333124637603760e-01 -1.511669456958770752e-01 9.947496056556701660e-01 -4.265837669372558594e-01 -8.565653562545776367e-01 8.589119315147399902e-01 9.999349117279052734e-01 -1.488306745886802673e-02 6.819889545440673828e-01 2.468335181474685669e-01 6.686318665742874146e-02 9.637923240661621094e-01 1.628546044230461121e-02 4.827847480773925781e-01 -7.528323680162429810e-02 -5.903989076614379883e-01 8.117138594388961792e-02 9.436803311109542847e-02 -1.267621368169784546e-01 -9.938503503799438477e-01 -3.640089631080627441e-01 -1.922353208065032959e-01 1.568111777305603027e-01 1.071825101971626282e-01 -9.938815832138061523e-01 -4.704555571079254150e-01 -1.417160481214523315e-01 1.675548553466796875e-01 4.017085134983062744e-01 1.056433767080307007e-01 9.699798822402954102e-01 -4.005423784255981445e-01 6.936303377151489258e-01 9.053464531898498535e-01 -9.996422529220581055e-01 2.755550742149353027e-01 1.642549633979797363e-01 -4.538621753454208374e-03 -2.129056602716445923e-01 7.323893308639526367e-01 -2.021447718143463135e-01 -9.906978607177734375e-01 -1.973348706960678101e-01 9.919626116752624512e-01 9.229007363319396973e-01 1.336320787668228149e-01 1.127906236797571182e-02 -1.466362774372100830e-01 -2.604402303695678711e-01 -3.085157573223114014e-01 -1.185759603977203369e-01 -9.996286034584045410e-01 -4.301921427249908447e-01 -7.512794435024261475e-02 -1.156609132885932922e-01 -2.565866410732269287e-01 -5.648969411849975586e-01 9.965738654136657715e-01 -9.188791364431381226e-02 -1.623087078332901001e-01 -9.276147484779357910e-01 2.375928759574890137e-01 2.335448004305362701e-02 9.742620587348937988e-01 -9.969367980957031250e-01 -3.904999494552612305e-01 -1.837303042411804199e-01 -7.261107116937637329e-02 -9.633733630180358887e-01 -8.759760260581970215e-01 8.363481163978576660e-01 -9.995797276496887207e-01 -1.524570118635892868e-02 -9.400762319564819336e-01 2.120549231767654419e-01 2.883398830890655518e-01 -8.283823132514953613e-01 -5.204576849937438965e-01 -8.419449925422668457e-01 1.242221519351005554e-02 7.924200296401977539e-01 8.751321583986282349e-02 9.944097995758056641e-01 2.474665790796279907e-01 -9.857493638992309570e-01 -7.365252822637557983e-02 8.936955593526363373e-03 1.331612914800643921e-01 -2.756896913051605225e-01 2.543212473392486572e-01 -9.994792342185974121e-01 8.005373477935791016e-01 -9.995161890983581543e-01 -9.972416162490844727e-01 1.067741066217422485e-01 -9.698469638824462891e-01 -5.403963327407836914e-01 -3.144814968109130859e-01 1.981659233570098877e-02 -3.268699347972869873e-01 -9.226073026657104492e-01 -9.741146564483642578e-01 4.443175196647644043e-01 -9.896642565727233887e-01 -9.856295585632324219e-01 -9.945950508117675781e-01 3.010181486606597900e-01 -9.129320085048675537e-02 -3.816759586334228516e-01 1.483692228794097900e-01 -2.864310704171657562e-02 1.330746263265609741e-01 9.848591089248657227e-01 -3.033159300684928894e-02 6.187646985054016113e-01 2.165094465017318726e-01 -4.666269943118095398e-02 -3.957060277462005615e-01 9.973435401916503906e-01 -9.857199192047119141e-01 1.631002575159072876e-01 -9.945839643478393555e-01 -9.760155528783798218e-02 7.176180481910705566e-01 9.993073940277099609e-01 5.392423868179321289e-01 8.945906758308410645e-01 -9.978662133216857910e-01 -5.494166612625122070e-01 3.012858033180236816e-01 -6.437512040138244629e-01 9.224198460578918457e-01 -1.108140498399734497e-01 6.521737575531005859e-01 -9.466087818145751953e-01 -9.407780170440673828e-01 1.658343225717544556e-01 -9.955339431762695312e-01 9.966216683387756348e-01 -4.286198914051055908e-01 1.892025023698806763e-01 2.440418452024459839e-01 -7.093366235494613647e-02 1.781497448682785034e-01 -8.864130973815917969e-01 -9.468047618865966797e-01 -3.139378726482391357e-01 6.571564823389053345e-02 2.851586043834686279e-01 -6.108655035495758057e-02 -9.999849796295166016e-01 -4.669051766395568848e-01 -2.619541883468627930e-01 -2.407799810171127319e-01 1.858706623315811157e-01 -2.957304716110229492e-01 2.662286758422851562e-01 3.398054242134094238e-01 9.999523758888244629e-01 -9.902451038360595703e-01 2.375123500823974609e-01 3.953592479228973389e-02 -3.569282889366149902e-01 8.714032173156738281e-02 -9.686925411224365234e-01 8.378112316131591797e-01 -3.297083079814910889e-01 1.690692603588104248e-01 1.230217814445495605e-01 -2.065403908491134644e-01 -7.501195669174194336e-01
-9.306542873382568359e-01 9.846614003181457520e-01 2.189046144485473633e-01 3.216242045164108276e-02 -4.089668989181518555e-01 3.204304575920104980e-01 9.988262653350830078e-01 -9.992656707763671875e-01 -6.209036707878112793e-02 -9.875072240829467773e-01 1.984129846096038818e-01 -9.821517467498779297e-01 2.090619355440139771e-01 -9.622225165367126465e-01 -9.006305336952209473e-01 -3.429197967052459717e-01 -1.371884196996688843e-01 -8.172689378261566162e-02 -5.308707952499389648e-01 -4.668743312358856201e-01 5.046506524085998535e-01 5.155553221702575684e-01 8.652235269546508789e-01 3.723021149635314941e-01 9.998170137405395508e-01 9.125692248344421387e-01 -1.872416138648986816e-01 -3.311538398265838623e-01 -1.409512907266616821e-01 8.160786628723144531e-01 9.959304928779602051e-01 -1.068950220942497253e-01 -2.088978290557861328e-01 -1.496663540601730347e-01 -9.371872544288635254e-01 1.435662806034088135e-01 -5.942468047142028809e-01 -2.971227094531059265e-02 5.651853084564208984e-01 -2.404119372367858887e-01 3.698391616344451904e-01 -3.493639230728149414e-01 2.220124751329421997e-01 -9.958236813545227051e-01 1.652740091085433960e-01 1.628863364458084106e-01 -5.606642961502075195e-01 -1.215048134326934814e-01 7.763279080390930176e-01 -7.634729146957397461e-02 8.881013393402099609e-01 -5.937127023935317993e-02 9.413251876831054688e-01 -2.791520655155181885e-01 -1.552626341581344604e-01 -1.343078017234802246e-01 2.436511069536209106e-01 2.816254794597625732e-01 -9.995166659355163574e-01 -9.823459386825561523e-01 -3.598806262016296387e-01 2.053790688514709473e-01 8.078626394271850586e-01 3.461896777153015137e-01 1.825546473264694214e-01 -7.180241942405700684e-01 9.008093476295471191e-01 7.145184278488159180e-01 2.317456752061843872e-01 8.246952295303344727e-01 9.263479709625244141e-01 9.999348521232604980e-01 -8.643679618835449219e-01 -8.500150442123413086e-01 -9.896141886711120605e-01 -2.528910338878631592e-01 1.562144905328750610e-01 6.185504794120788574e-01 -2.355117052793502808e-01 -2.318999171257019043e-01 -9.657866954803466797e-01 -8.159212768077850342e-02 9.996170997619628906e-01 -3.807967305183410645e-01 9.125894904136657715e-01 -9.371479749679565430e-01 6.873854994773864746e-02 2.011857479810714722e-01 -1.603975594043731689e-01 -3.232910856604576111e-02 -9.503812193870544434e-01 9.870501607656478882e-02 3.609626889228820801e-01 -9.862943291664123535e-01 -3.724837303161621094e-01 2.941821813583374023e-01 9.960460066795349121e-01 -4.348874986171722412e-01 -9.993761777877807617e-01 -4.187380075454711914e-01 -9.137215614318847656e-01 -9.202688932418823242e-01 -8.588906526565551758e-01 -3.212960362434387207e-01 -2.147018760442733765e-01 3.037774860858917236e-01 9.754455685615539551e-01 1.352712959051132202e-01 -5.048746466636657715e-01 7.082793861627578735e-02 -2.357552200555801392e-01 6.734548211097717285e-01 8.681584596633911133e-01 -9.724945425987243652e-01 -1.284567415714263916e-01 4.366723895072937012e-01 -9.483064413070678711e-01 5.900843143463134766e-01 -1.243970356881618500e-02 9.989303946495056152e-01 2.935960292816162109e-01 -1.483097970485687256e-01 -9.941326379776000977e-01 9.924119114875793457e-01 -8.998671919107437134e-02 -1.761237829923629761e-01 -9.850575923919677734e-01 6.718192249536514282e-02 -1.121872812509536743e-01 1.884295195341110229e-01 6.489528417587280273e-01 9.526476860046386719e-01 9.718586802482604980e-01 -1.137693449854850769e-01 2.377911508083343506e-01 -9.829691052436828613e-01 9.128208756446838379e-01 -9.968696832656860352e-01 -6.512404084205627441e-01 3.027369678020477295e-01 9.995778799057006836e-01 4.748253524303436279e-01 -1.026548072695732117e-01 5.904818177223205566e-01 -5.419806838035583496e-01 4.281444549560546875e-01 -9.594882726669311523e-01 8.959864974021911621e-01 -6.964237093925476074e-01 -3.270402848720550537e-01 -2.855575382709503174e-01 -1.707646436989307404e-02 7.223594784736633301e-01 -1.731009930372238159e-01 -2.062565237283706665e-01 -4.204185903072357178e-01 -7.858703732490539551e-01 -7.264620065689086914e-01 1.016105338931083679e-01 3.056458234786987305e-01 1.193934977054595947e-01 -2.348485887050628662e-01 -1.915304362773895264e-02 -3.397490680217742920e-01 9.999408125877380371e-01 3.176614344120025635e-01 3.057963550090789795e-01 -6.315711140632629395e-01 9.961851239204406738e-01 9.914466738700866699e-01 8.481272310018539429e-02 -8.187174201011657715e-01 -9.552018642425537109e-01 -8.242794871330261230e-01 6.457507014274597168e-01 -1.101726815104484558e-01 -8.668532967567443848e-02 1.054210513830184937e-01 9.983038306236267090e-01 9.955637454986572266e-01 5.594605207443237305e-01 -4.432492330670356750e-02 9.992358684539794922e-01 -6.259685158729553223e-01 9.975270032882690430e-01 -9.997122883796691895e-01 -9.581142067909240723e-01 6.012723445892333984e-01 2.068493366241455078e-01 5.666345357894897461e-01 7.673719525337219238e-01 -9.998636841773986816e-01 -5.365402698516845703e-01 1.459836065769195557e-01 9.797333478927612305e-01 -2.113146185874938965e-01 -5.952663421630859375e-01 -9.697456359863281250e-01 -9.048531055450439453e-01 1.075602248311042786e-01 -4.547023773193359375e-02 -4.948673844337463379e-01 -1.525329798460006714e-01 2.706879675388336182e-01 7.553294301033020020e-02 8.548345565795898438e-01 -2.513823099434375763e-02 9.910407066345214844e-01 9.801185727119445801e-01 -1.353333741426467896e-01 -9.320811629295349121e-01 8.078863024711608887e-01 -4.683437049388885498e-01 5.936202406883239746e-01 9.801563620567321777e-01 -9.985505342483520508e-01 -9.014197438955307007e-02 9.104002118110656738e-01 8.018984794616699219e-01 -5.538857355713844299e-02 -7.747377157211303711e-01 9.576246142387390137e-02 -9.705400466918945312e-01 1.126554831862449646e-01 -5.705686211585998535e-01 -2.766230702400207520e-01 -9.944303035736083984e-01 1.683909893035888672e-01 -6.998454928398132324e-01 9.947227239608764648e-01 2.606379985809326172e-01 1.305297911167144775e-01 -4.297265410423278809e-01 3.242818117141723633e-01 9.608349204063415527e-01 5.651195645332336426e-01 -9.848352074623107910e-01 2.078710496425628662e-01 1.334180682897567749e-01 8.222025632858276367e-02 3.511261045932769775e-01 9.999423623085021973e-01 -8.637262582778930664e-01 9.883772134780883789e-01 9.372424483299255371e-01 5.626766756176948547e-02 9.453777074813842773e-01 1.380340158939361572e-01 5.259807705879211426e-01 -3.450084924697875977e-01 2.180189043283462524e-01 2.324948832392692566e-02 -5.676577091217041016e-01 1.037840843200683594e-01 9.979494810104370117e-01 1.709686778485774994e-02 -2.511426806449890137e-01 -8.803042769432067871e-01 -6.860531866550445557e-02 8.829773664474487305e-01 -1.901765167713165283e-01 -9.565470218658447266e-01 4.745691418647766113e-01 -8.280174732208251953e-01 -1.975759714841842651e-01 9.949914813041687012e-01 9.920592904090881348e-01 -9.302578568458557129e-01 2.776214778423309326e-01 -3.947278261184692383e-01 9.995350837707519531e-01 7.698360830545425415e-02 -9.751679897308349609e-01 9.997857213020324707e-01 -3.993297517299652100e-01 -9.221823215484619141e-01 9.934623241424560547e-01 2.639591395854949951e-01 7.377985715866088867e-01 1.631896942853927612e-01 -9.884578585624694824e-01 -9.723413586616516113e-01 6.140549182891845703e-01 9.987307190895080566e-01 9.816349744796752930e-01 -2.309950888156890869e-01 1.466541141271591187e-01 -6.740467995405197144e-02 -9.969736337661743164e-01 -9.974310994148254395e-01 -9.928540587425231934e-01 3.946458995342254639e-01 2.452682554721832275e-01 6.313377022743225098e-01 9.901592731475830078e-01 -1.445254534482955933e-01 -4.917271733283996582e-01 7.750856876373291016e-01 -1.966695487499237061e-01 9.659724235534667969e-01 9.990579485893249512e-01 -9.176574349403381348e-01 -3.602421879768371582e-01 9.897614121437072754e-01 -4.279403090476989746e-01 -2.960788309574127197e-01 2.386501133441925049e-01 9.973881840705871582e-01 3.383168578147888184e-01 5.494707822799682617e-01 5.190731957554817200e-02 -9.800608754158020020e-01 4.243741929531097412e-01 9.902978539466857910e-01 8.166126012802124023e-01 1.698377877473831177e-01 -8.138686418533325195e-02 -1.360317766666412354e-01 3.145210072398185730e-02 9.974015355110168457e-01 -1.372745186090469360e-01 -7.600356340408325195e-01 -1.646648049354553223e-01 2.809046506881713867e-01 -2.959000468254089355e-01 -1.798374652862548828e-01 -9.891893267631530762e-01 1.989804059267044067e-01 -8.992490768432617188e-01 7.274664044380187988e-01 9.962625503540039062e-01 -2.053887993097305298e-01 1.577925384044647217e-01 7.289863824844360352e-01 3.081431686878204346e-01 2.155046314001083374e-01 1.582038551568984985e-01 -2.009078674018383026e-02 -9.251088500022888184e-01 3.395740985870361328e-01 9.993205666542053223e-01 2.164811342954635620e-01 -2.350665777921676636e-01 5.072129964828491211e-01 -8.865334987640380859e-01 4.745174944400787354e-01 8.449585437774658203e-01 9.988352060317993164e-01 -2.116791531443595886e-02 9.306288361549377441e-01 4.629190862178802490e-01 -2.412392199039459229e-01 4.340883195400238037e-01 -2.224413454532623291e-01 7.934770584106445312e-01 -1.589185595512390137e-01 -3.747680783271789551e-01 5.025991424918174744e-02 -3.259608447551727295e-01 2.512748837471008301e-01 -9.834702610969543457e-01 -7.670876979827880859e-01 -1.388775259256362915e-01 -2.201050519943237305e-01 -6.403153389692306519e-02 -8.943660259246826172e-01 -7.869388461112976074e-01 -3.926818370819091797e-01 -3.487201035022735596e-02 -2.098095417022705078e-02 1.266521811485290527e-01 9.637952446937561035e-01 -2.940593659877777100e-01 5.249843597412109375e-01 3.951814472675323486e-01 -9.988515377044677734e-01 2.739335596561431885e-01 1.575431972742080688e-01 -2.861783802509307861e-01 8.606933057308197021e-02 6.083229780197143555e-01 -1.077076345682144165e-01 -7.974642515182495117e-01 2.080929875373840332e-01 9.927504658699035645e-01 1.834686100482940674e-01 -4.513941332697868347e-02 -2.036406099796295166e-01 8.339407444000244141e-01 -3.752410709857940674e-01 -2.017257809638977051e-01 -6.131166592240333557e-02 -9.997268915176391602e-01 -2.656277120113372803e-01 -3.200200200080871582e-01 -1.317421942949295044e-01 2.706124186515808105e-01 -5.102788209915161133e-01 9.528707265853881836e-01 -1.017214283347129822e-01 -4.068591296672821045e-01 -9.728929996490478516e-01 8.125261664390563965e-01 -4.458285272121429443e-01 9.896326661109924316e-01 -8.173001408576965332e-01 -7.607562541961669922e-01 -3.466222584247589111e-01 7.878596335649490356e-02 -9.944651722908020020e-01 8.894521594047546387e-01 8.752501010894775391e-01 -9.836869239807128906e-01 -1.335681229829788208e-01 -8.899068236351013184e-01 6.351721286773681641e-01 -6.511759757995605469e-02 -7.147541046142578125e-01 -6.252721548080444336e-01 -8.953881859779357910e-01 -1.601681262254714966e-01 9.722898602485656738e-01 2.981398105621337891e-01 8.306251764297485352e-01 2.393052428960800171e-01 -8.866775035858154297e-01 -7.857143133878707886e-02 1.011582091450691223e-01 1.902697235345840454e-01 -7.624814659357070923e-02 -2.373873256146907806e-03 -9.652788043022155762e-01 9.698246121406555176e-01 -9.996789693832397461e-01 -9.285938143730163574e-01 -9.848146140575408936e-02 -9.758411049842834473e-01 -8.080853819847106934e-01 -3.822915256023406982e-01 -3.890029191970825195e-01 -3.171107172966003418e-02 -9.883766174316406250e-01 -9.587359428405761719e-01 -8.674767799675464630e-03 -9.988323450088500977e-01 -8.133397698402404785e-01 -9.909377694129943848e-01 4.029051959514617920e-01 2.700020372867584229e-01 -6.638814508914947510e-02 2.863317131996154785e-01 2.876866161823272705e-01 3.787842690944671631e-01 8.604025244712829590e-01 5.464773178100585938e-01 7.642615437507629395e-01 4.898930191993713379e-01 5.971093475818634033e-02 -1.884056478738784790e-01 8.860494494438171387e-01 3.337507545948028564e-01 -1.007816940546035767e-01 -9.952234029769897461e-01 7.579316943883895874e-02 9.097744822502136230e-01 9.990408420562744141e-01 6.859996318817138672e-01 7.274526953697204590e-01 -9.998093247413635254e-01 -4.653117656707763672e-01 5.373449325561523438e-01 -6.160952448844909668e-01 9.490486383438110352e-01 -2.242084443569183350e-01 1.051831990480422974e-01 -9.935423135757446289e-01 -1.318589001893997192e-01 4.831158220767974854e-01 -9.933385252952575684e-01 9.601294994354248047e-01 -3.575719892978668213e-01 2.362345904111862183e-01 2.428663372993469238e-01 2.212300598621368408e-01 2.785626947879791260e-01 -9.327610731124877930e-01 -9.803476929664611816e-01 -2.290342450141906738e-01 -2.752626240253448486e-01 1.293203532695770264e-01 6.264285743236541748e-02 -9.999997019767761230e-01 5.139542818069458008e-01 -8.981090188026428223e-01 3.156537115573883057e-01 6.790617108345031738e-02 -2.556301653385162354e-01 4.494735598564147949e-01 -7.812030911445617676e-01 9.998971819877624512e-01 -9.367849826812744141e-01 1.969330757856369019e-01 1.103158518671989441e-01 -4.621011912822723389e-01 -9.931731969118118286e-02 -4.270364046096801758e-01 6.015303134918212891e-01 3.456212580204010010e-01 1.924856752157211304e-01 4.569332301616668701e-02 -2.023037821054458618e-01 -4.594799280166625977e-01
